angle1,angle2,step
90.0,270.0,0
90.35472246665259,269.66339448539884,1
90.7082064380749,269.32815320612383,2
91.06041379882798,268.99431453740783,3
91.41130728966709,268.6619160488108,4
91.76085051768054,268.33099449264915,5
92.10900796518126,268.00158579355406,6
92.45574499736712,267.6737250391514,7
92.80102786876905,267.3474464718487,8
93.14482372850811,267.0227834817157,9
93.48710062438494,266.6997686004414,10
93.827827505827,266.37843349634966,11
94.16697422572098,266.0588089704523,12
94.50451154115937,265.7409249535181,13
94.840411113132,265.4248105041348,14
95.17464550519456,265.11049380773653,15
95.50718818114736,264.79800217657385,16
95.83801350175925,264.48736205059595,17
96.16709672057206,264.1785989992172,18
96.49441397882171,263.871737723939,19
96.81994229951366,263.5668020617957,20
97.14365958068979,263.26381498959336,21
97.46554458792549,262.9627986289095,22
97.78557694609476,262.66377425182264,23
98.1037371304426,262.36676228733677,24
98.42000645700287,262.07178232846945,25
98.73436707240076,261.7788531399699,26
99.04680194307805,261.4879926666329,27
99.35729484397977,261.1992180421774,28
99.66583034673975,260.9125455986533,29
99.97239380740324,260.6279908763473,30
100.27697135372274,260.3455686341515,31
100.57954987206428,260.0652928603657,32
100.88011699395904,259.78717678389785,33
101.17866108233585,259.51123288583506,34
101.47517121746853,259.2374729113512,35
101.76963718267132,258.9659078819217,36
102.06204944977475,258.69654810781674,37
102.35239916441365,258.42940320084307,38
102.64067813115737,258.1644820873056,39
102.92687879851204,257.9017930211629,40
103.21099424382285,257.6413435973487,41
103.49301815810418,257.38314076523403,42
103.77294483082301,257.12719084220527,43
104.0507691346617,256.87349952733337,44
104.32648651028342,256.62207191511254,45
104.60009295112322,256.372912509244,46
104.87158498822691,256.1260252364458,47
105.14095967515799,255.8814134602672,48
105.40821457299225,255.6390799948876,49
105.67334773541873,255.39902711888317,50
105.93635769396397,255.16125658894202,51
106.19724344335629,254.9257696535124,52
106.45600442704487,254.69256706636762,53
106.7126405228883,254.4616491000732,54
106.96715202902504,254.23301555934216,55
107.21953964993897,254.00666579426522,56
107.46980448273007,253.78259871340444,57
107.7179480036016,253.56081279673842,58
107.963972054572,253.34130610844852,59
108.20787883042112,253.12407630953643,60
108.44967086587721,252.90912067026514,61
108.68935102305242,252.69643608241313,62
108.92692247913206,252.48601907133656,63
109.16238871432314,252.27786580783155,64
109.3957535000666,252.07197211979033,65
109.6270208875169,251.86833350364705,66
109.85619519629216,251.66694513560702,67
110.083281003497,251.46780188265706,68
110.30828313302042,251.27089831335144,69
110.53120664510925,251.07622870837238,70
110.75205682621855,250.88378707086105,71
110.97083917913851,250.69356713651857,72
111.18755941339812,250.5055623834744,73
111.40222343594426,250.31976604192178,74
111.6148373420953,250.13617110351964,75
111.82540740676761,249.95477033056096,76
112.03394007597274,249.7755562649071,77
112.24044195858315,249.59852123668992,78
112.44491981836367,249.4236573727814,79
112.64738056626567,249.25095660503334,80
112.84783125298082,249.08041067828745,81
113.04627906175074,248.91201115815878,82
113.24273130142892,248.74574943859355,83
113.4371953997909,248.58161674920512,84
113.6296788970884,248.4196041623894,85
113.82018943984345,248.2597026002227,86
114.00873477487747,248.10190284114606,87
114.1953227435713,247.94619552643778,88
114.37996127635087,247.79257116647838,89
114.5626583873941,247.64102014681112,90
114.7434221695538,247.49153273400125,91
114.92226078949182,247.34409908129882,92
115.0991824830192,247.19870923410735,93
115.27419555063712,247.0553531352632,94
115.44730835327391,246.91402063012933,95
115.61852930821271,246.77470147150706,96
115.78786688520422,246.63738532437083,97
115.95532960276022,246.50206177042838,98
116.12092602462197,246.36872031251266,99
116.28466475639861,246.23735037880732,100
116.44655444237044,246.10794132691166,101
116.60660376245205,245.98048244774841,102
116.76482142930992,245.85496296931848,103
116.92121618563,245.73137206030694,104
117.07579680152979,245.60969883354477,105
117.22857207211057,245.48993234932962,106
117.37955081514426,245.3720616186104,107
117.5287418688909,245.25607560603936,108
117.67615409004142,245.14196323289616,109
117.82179635178151,245.029713379887,110
117.96567754197163,244.91931488982397,111
118.1078065614394,244.81075657018707,112
118.24819232237898,244.7040271955745,113
118.38684374685405,244.59911551004316,114
118.52376976539978,244.4960102293445,115
118.65897931571952,244.39470004305846,116
118.79248134147268,244.29517361663005,117
118.92428479114929,244.19741959331083,118
119.05439861702783,244.1014265960102,119
119.18283177421232,244.0071832290592,120
119.30959321974508,243.91467807988948,121
119.43469191179172,243.82389972063234,122
119.5581368088946,243.7348367096399,123
119.67993686929171,243.64747759293155,124
119.80010105029741,243.56181090556936,125
119.91863830774203,243.4778251729649,126
120.03555759546698,243.39550891212096,127
120.15086786487267,243.31485063281045,128
120.26457806451602,243.2358388386956,129
120.37669713975491,243.1584620283901,130
120.48723403243685,243.08270869646688,131
120.59619768062886,243.0085673344142,132
120.7035970183865,242.9360264315423,133
120.80944097555911,242.86507447584336,134
120.91373847762915,242.79569995480645,135
121.0164984455832,242.72789135619163,136
121.11772979581214,242.66163716876207,137
121.21744144003902,242.5969258829805,138
121.31564228527148,242.5337459916688,139
121.41234123377782,242.47208599063399,140
121.507547183084,242.41193437926307,141
121.6012690259899,242.3532796610876,142
121.69351565060335,242.29611034432108,143
121.78429594038965,242.24041494236909,144
121.87361877423548,242.18618197431636,145
121.96149302652509,242.13339996538994,146
122.04792756722772,242.08205744740204,147
122.13293126199456,242.03214295917263,148
122.21651297226356,241.98364504693456,149
122.29868155537146,241.9365522647215,150
122.379445864671,241.89085317474076,151
122.45881474965263,241.84653634773215,152
122.53679705606918,241.80359036331402,153
122.61340162606274,241.76200381031774,154
122.68863729829229,241.72176528711205,155
122.76251290806145,241.6828634019178,156
122.83503728744496,241.6452867731151,157
122.90621926541365,241.60902402954247,158
122.97606766795616,241.5740638107905,159
123.04459131819739,241.54039476749006,160
123.11179903651228,241.50800556159564,161
123.17769964063494,241.47688486666607,162
123.24230194576145,241.4470213681416,163
123.30561476464666,241.41840376361912,164
123.36764690769371,241.39102076312662,165
123.428407183036,241.36486108939624,166
123.48790439661119,241.3399134781379,167
123.54614735222631,241.31616667831318,168
123.60314485161416,241.2936094524106,169
123.65890569447976,241.27223057672202,170
123.71343867853734,241.25201884162203,171
123.76675259953684,241.23296305184928,172
123.81885625127991,241.21505202679083,173
123.86975842562522,241.1982746007706,174
123.91946791248235,241.18261962334054,175
123.96799349979437,241.16807595957692,176
124.01534397350932,241.15463249038027,177
124.06152811753915,241.1422781127805,178
124.10655471370744,241.13100174024635,179
124.15043254168455,241.1207923030008,180
124.19317037891119,241.111638748341,181
124.23477700050896,241.10353004096393,182
124.2752611791794,241.0964551632983,183
124.31463168509008,241.0904031158411,184
124.35289728574864,241.08536291750082,185
124.39006674586433,241.08132360594658,186
124.42614882719691,241.07827423796266,187
124.46115228839389,241.07620388980962,188
124.49508588481484,241.07510165759135,189
124.52795836834358,241.07495665762784,190
124.55977848718864,241.07575802683445,191
124.5905549856711,241.07749492310685,192
124.62029660400096,241.08015652571171,193
124.64901207804142,241.08373203568397,194
124.67671013906168,241.08821067622898,195
124.70339951347815,241.09358169313106,196
124.72908892258424,241.09983435516733,197
124.75378708226916,241.10695795452688,198
124.77750270272567,241.11494180723534,199
124.80024448814697,241.12377525358502,200
124.8220211364132,241.13344765856934,201
124.84284133876733,241.14394841232257,202
124.86271377948134,241.15526693056432,203
124.88164713551215,241.1673926550481,204
124.89965007614803,241.18031505401447,205
124.9167312626458,241.19402362264825,206
124.9328993478587,241.2085078835394,207
124.94816297585544,241.22375738714783,208
124.96253078153103,241.23976171227127,209
124.97601139020861,241.2565104665167,210
124.98861341723403,241.27399328677438,211
125.00034546756228,241.29219983969506,212
125.01121613533653,241.31111982216893,213
125.02123400346022,241.33074296180752,214
125.03040764316226,241.35105901742705,215
125.03874561355569,241.37205777953366,216
125.04625646119004,241.3937290708101,217
125.05294871959812,241.41606274660361,218
125.05883090883697,241.43904869541433,219
125.06391153502359,241.46267683938487,220
125.06819908986584,241.48693713479005,221
125.07170205018872,241.51181957252635,222
125.07442887745614,241.53731417860195,223
125.07638801728913,241.5634110146256,224
125.0775878989801,241.59010017829496,225
125.07803693500364,241.61737180388442,226
125.07774352052493,241.64521606273092,227
125.07671603290471,241.67362316371876,228
125.07496283120246,241.70258335376215,229
125.07249225567728,241.73208691828668,230
125.06931262728709,241.76212418170695,231
125.06543224718651,241.792685507903,232
125.06085939622362,241.82376130069315,233
125.05560233443583,241.85534200430385,234
125.04966930054547,241.88741810383644,235
125.04306851145508,241.91998012572992,236
125.03580816174306,241.95301863822013,237
125.02789642315948,241.98652425179486,238
125.01934144412286,242.02048761964454,239
125.01015134921803,242.05489943810818,240
125.00033423869516,242.08975044711488,241
124.98989818797057,242.1250314306201,242
124.97885124712937,242.1607332170368,243
124.96720144043046,242.19684667966087,244
124.95495676581369,242.2333627370913,245
124.94212519441018,242.2702723536442,246
124.92871467005534,242.30756653976056,247
124.91473310880532,242.34523635240845,248
124.90018839845696,242.3832728954777,249
124.88508839807149,242.42166732016912,250
124.86944093750233,242.46041082537585,251
124.85325381692718,242.49949465805824,252
124.8365348063846,242.53891011361173,253
124.81929164531535,242.57864853622684,254
124.80153204210866,242.6187013192422,255
124.78326367365372,242.65905990548944,256
124.76449418489669,242.69971578763113,257
124.74523118840324,242.7406605084897,258
124.72548226392672,242.78188566136927,259
124.7052549579828,242.82338289036866,260
124.68455678343001,242.86514389068657,261
124.66339521905658,242.90716040891823,262
124.64177770917414,242.94942424334303,263
124.61971166321806,242.9919272442046,264
124.59720445535457,243.034661313981,265
124.57426342409518,243.0776184076472,266
124.55089587191817,243.12079053292769,267
124.52710906489745,243.164169750541,268
124.50291023233903,243.20774817443453,269
124.47830656642509,243.25151797201084,270
124.45330522186586,243.29547136434456,271
124.42791331555934,243.3396006263896,272
124.40213792625902,243.38389808717847,273
124.37598609424994,243.42835613001068,274
124.34946482103265,243.47296719263315,275
124.32258106901578,243.51772376741053,276
124.29534176121683,243.5626184014865,277
124.26775378097159,243.6076436969355,278
124.23982397165217,243.65279231090517,279
124.21155913639342,243.69805695574965,280
124.18296603782844,243.74343039915289,281
124.1540513978326,243.78890546424304,282
124.12482189727658,243.83447502969747,283
124.09528417578798,243.8801320298382,284
124.0654448315223,243.92586945471822,285
124.03531042094254,243.97168035019817,286
124.0048874586079,244.01755781801435,287
123.97418241697147,244.0634950158367,288
123.94320172618713,244.1094851573181,289
123.91195177392511,244.15552151213475,290
123.88043890519711,244.20159740601653,291
123.84866942219004,244.24770622076923,292
123.81664958410909,244.29384139428743,293
123.78438560702979,244.33999642055824,294
123.75188366375909,244.38616484965664,295
123.71914988370537,244.4323402877315,296
123.6861903527577,244.4785163969835,297
123.65301111317392,244.52468689563364,298
123.6196181634776,244.5708455578839,299
123.58601745836401,244.61698621386913,300
123.55221490861504,244.6631027496004,301
123.51821638102274,244.70918910690045,302
123.48402769832182,244.75523928333038,303
123.4496546391308,244.80124733210874,304
123.41510293790184,244.84720736202271,305
123.38037828487909,244.8931135373305,306
123.34548632606581,244.93896007765701,307
123.31043266319972,244.98474125788132,308
123.27522285373686,245.03045140801646,309
123.23986241084386,245.0760849130821,310
123.20435680339831,245.12163621296946,311
123.16871145599737,245.16709980229948,312
123.13293174897443,245.2124702302734,313
123.0970230184239,245.25774210051662,314
123.06099055623369,245.30291007091574,315
123.02483961012574,245.34796885344872,316
122.98857538370395,245.39291321400822,317
122.95220303651011,245.43773797221905,318
122.91572768408702,245.48243800124862,319
122.87915439804932,245.52700822761142,320
122.84248820616125,245.5714436309675,321
122.80573409242199,245.61573924391493,322
122.7688969971579,245.65989015177587,323
122.73198181712169,245.70389149237818,324
122.69499340559868,245.74773845582996,325
122.65793657251955,245.79142628428974,326
122.62081608457983,245.83495027173086,327
122.58363666536601,245.87830576370092,328
122.54640299548798,245.92148815707574,329
122.5091197127175,245.96449289980916,330
122.47179141213346,246.0073154906772,331
122.4344226462723,246.04995147901846,332
122.39701792528524,246.0923964644691,333
122.35958171710057,246.13464609669435,334
122.32211844759206,246.17669607511505,335
122.28463250075268,246.21854214863066,336
122.24712821887385,246.2601801153377,337
122.20960990272995,246.3016058222451,338
122.1720818117678,246.34281516498496,339
122.13454816430156,246.38380408752073,340
122.09701313771215,246.42456858185108,341
122.05948086865166,246.4651046877109,342
122.02195545325236,246.50540849226905,343
121.98444094734019,246.54547612982313,344
121.94694136665268,246.5853037814911,345
121.90946068706113,246.62488767490032,346
121.87200284479704,246.66422408387365,347
121.8345717366822,246.7033093281137,348
121.79717122036317,246.7421397728834,349
121.75980511454908,246.78071182868564,350
121.72247719925329,246.81902195093983,351
121.68519121603858,246.8570666396567,352
121.64795086826558,246.89484243911096,353
121.61075982134463,246.93234593751265,354
121.57362170299058,246.96957376667615,355
121.53654010348086,247.00652260168786,356
121.4995185759162,247.04318916057258,357
121.46256063648435,247.07957020395816,358
121.42566976472628,247.11566253473916,359
121.38884940380501,247.15146299773926,360
121.35210296077695,247.1869684793724,361
121.31543380686527,247.22217590730347,362
121.27884527773588,247.25708225010777,363
121.24234067377505,247.2916845169298,364
121.20592326036937,247.3259797571414,365
121.16959626818738,247.35996505999952,366
121.13336289346296,247.3936375543033,367
121.0972262982804,247.42699440805092,368
121.06118961086099,247.4600328280962,369
121.02525592585117,247.49275005980508,370
120.98942830461161,247.52514338671187,371
120.9537097755081,247.5572101301756,372
120.91810333420308,247.58894764903647,373
120.8826119439484,247.62035333927244,374
120.84723853587901,247.65142463365626,375
120.81198600930743,247.6821590014125,376
120.77685723201888,247.71255394787534,377
120.74185504056732,247.74260701414656,378
120.70698224057173,247.7723157767546,379
120.67224160701302,247.8016778473134,380
120.63763588453128,247.83069087218303,381
120.60316778772331,247.8593525321303,382
120.56884000144034,247.88766054199044,383
120.53465518108584,247.91561265033005,384
120.50061595291345,247.94320663911037,385
120.46672491432477,247.9704403233525,386
120.43298463416714,247.99731155080258,387
120.399397653031,248.02381820159957,388
120.36596648354715,248.04995818794276,389
120.33269361068376,248.07572945376182,390
120.29958149204262,248.1011299743873,391
120.26663255815515,248.12615775622336,392
120.23384921277784,248.15081083642093,393
120.20123383318698,248.17508728255333,394
120.16878877047255,248.19898519229304,395
120.13651634983178,248.22250269308978,396
120.10441887086142,248.2456379418508,397
120.07249860784928,248.26838912462236,398
120.04075781006507,248.29075445627342,399
120.00919870204987,248.31273218018035,400
119.97782348390469,248.3343205679144,401
119.94663433157798,248.3555179189303,402
119.91563339715195,248.37632256025694,403
119.88482280912757,248.3967328461899,404
119.85420467270836,248.41674715798624,405
119.823781070083,248.436363903561,406
119.79355406070627,248.45558151718544,407
119.76352568157887,248.47439845918794,408
119.73369794752571,248.49281321565653,409
119.70407285147256,248.51082429814363,410
119.67465236472134,248.52843024337284,411
119.64543843722377,248.54562961294795,412
119.61643299785337,248.5624209930642,413
119.58763795467581,248.57880299422135,414
119.55905519521774,248.59477425093957,415
119.5306865867335,248.61033342147675,416
119.5025339764706,248.62547918754893,417
119.47459919193298,248.64021025405214,418
119.44688404114264,248.65452534878736,419
119.41939031289937,248.66842322218687,420
119.39211977703879,248.68190264704364,421
119.36507418468808,248.69496241824257,422
119.33825526852027,248.7076013524944,423
119.31166474300615,248.7198182880716,424
119.2853043046646,248.73161208454684,425
119.25917563231056,248.7429816225338,426
119.2332803873012,248.75392580343006,427
119.20762021378006,248.76444354916296,428
119.18219673891896,248.77453380193694,429
119.15701157315812,248.78419552398412,430
119.13206631044389,248.7934276973169,431
119.1073625284646,248.8022293234825,432
119.08290178888417,248.81059942332072,433
119.05868563757365,248.81853703672363,434
119.03471560484059,248.82604122239744,435
119.0109932056563,248.83311105762712,436
118.98751993988087,248.83974563804335,437
118.96429729248602,248.8459440773917,438
118.94132673377594,248.85170550730396,439
118.91860971960564,248.8570290770728,440
118.89614769159743,248.86191395342743,441
118.87394207735491,248.8663593203129,442
118.8519942906749,248.8703643786707,443
118.83030573175726,248.87392834622256,444
118.80887778741214,248.8770504572561,445
118.7877118312655,248.87972996241297,446
118.76680922396199,248.88196612847932,447
118.74617131336582,248.8837582381786,448
118.72579943475935,248.88510558996668,449
118.70569491103947,248.88600749782927,450
118.68585905291182,248.88646329108164,451
118.66629315908261,248.8864723141706,452
118.64699851644848,248.88603392647883,453
118.62797640028386,248.88514750213142,454
118.60922807442641,248.88381242980475,455
118.59075479145997,248.88202811253737,456
118.57255779289561,248.87979396754352,457
118.55463830935011,248.87710942602862,458
118.5369975607227,248.87397393300685,459
118.51963675636912,248.87038694712135,460
118.50255709527397,248.86634794046586,461
118.48575976622048,248.86185639840977,462
118.4692459479585,248.85691181942377,463
118.45301680936993,248.851513714909,464
118.43707350963236,248.84566160902753,465
118.42141719838035,248.83935503853516,466
118.40604901586472,248.8325935526167,467
118.3909700931095,248.8253767127225,468
118.3761815520671,248.81770409240795,469
118.3616845057711,248.80957527717456,470
118.34748005848697,248.80098986431295,471
118.33356930586105,248.79194746274834,472
118.31995333506694,248.7824476928876,473
118.30663322495019,248.7724901864685,474
118.29361004617091,248.76207458641125,475
118.28088486134429,248.7512005466711,476
118.26845872517907,248.73986773209378,477
118.25633268461401,248.72807581827269,478
118.24450777895252,248.71582449140757,479
118.23298503999514,248.7031134481655,480
118.2217654921701,248.68994239554368,481
118.21085015266199,248.67631105073377,482
118.20024003153839,248.6622191409888,483
118.18993613187467,248.647666403491,484
118.17993944987693,248.63265258522222,485
118.1702509750028,248.6171774428356,486
118.16087169008071,248.60124074252948,487
118.15180257142698,248.58484225992243,488
118.14304458896127,248.567981779931,489
118.13459870632015,248.5506590966481,490
118.12646588096877,248.53287401322407,491
118.11864706431086,248.51462634174865,492
118.11114320179682,248.49591590313526,493
118.10395523303013,248.4767425270065,494
118.097084091872,248.4571060515816,495
118.09053070654419,248.43700632356519,496
118.08429599973022,248.41644319803805,497
118.07838088867477,248.3954165383492,498
118.07278628528161,248.37392621600966,499
118.06751309620951,248.35197211058778,500
118.06256222296678,248.32955410960594,501
118.05793456200396,248.30667210843916,502
118.0536310048052,248.28332601021503,503
118.04965243797763,248.25951572571475,504
118.04599974333944,248.23524117327665,505
118.04267379800618,248.21050227869983,506
118.03967547447573,248.1852989751506,507
118.03700564071147,248.15963120306932,508
118.0346651602242,248.1334989100795,509
118.03265489215215,248.10690205089733,510
118.0309756913401,248.0798405872437,511
118.02962840841626,248.05231448775666,512
118.02861388986851,248.02432372790588,513
118.02793297811843,247.9958682899082,514
118.02758651159446,247.96694816264446,515
118.02757532480342,247.93756334157754,516
118.02790024840058,247.9077138286724,517
118.02856210925849,247.87739963231633,518
118.02956173053428,247.84662076724135,519
118.03089993173595,247.8153772544476,520
118.03257752878673,247.78366912112753,521
118.03459533408886,247.75149640059237,522
118.0369541565854,247.71885913219867,523
118.03965480182121,247.68575736127667,524
118.04269807200235,247.65219113905997,525
118.04608476605466,247.61816052261588,526
118.04981567968044,247.5836655747774,527
118.05389160541449,247.54870636407617,528
118.0583133326788,247.5132829646764,529
118.06308164783576,247.47739545631035,530
118.06819733424061,247.44104392421448,531
118.07366117229236,247.404228459067,532
118.0794739394839,247.36694915692652,533
118.08563641045063,247.3292061191714,534
118.09214935701831,247.29099945244067,535
118.0990135482494,247.25232926857578,536
118.10622975048888,247.21319568456323,537
118.11379872740834,247.17359882247885,538
118.12172124004951,247.13353880943214,539
118.12999804686652,247.09301577751242,540
118.13862990376711,247.05202986373592,541
118.147617564153,247.01058120999335,542
118.15696177895893,246.96866996299875,543
118.16666329669108,246.9262962742398,544
118.17672286346424,246.8834602999281,545
118.18714122303807,246.8401622009514,546
118.19791911685255,246.79640214282594,547
118.20905728406223,246.75218029565025,548
118.22055646156979,246.70749683405995,549
118.2324173840586,246.66235193718305,550
118.24464078402424,246.61674578859615,551
118.25722739180536,246.57067857628238,552
118.27017793561348,246.52415049258906,553
118.28349314156208,246.47716173418692,554
118.29717373369459,246.42971250203033,555
118.31122043401182,246.38180300131793,556
118.32563396249839,246.3334334414544,557
118.3404150371483,246.28460403601287,558
118.35556437398985,246.23531500269885,559
118.37108268710958,246.1855665633138,560
118.38697068867558,246.13535894372083,561
118.40322908895992,246.08469237381013,562
118.41985859636033,246.03356708746605,563
118.43685991742109,245.9819833225347,564
118.45423375685333,245.92994132079193,565
118.47198081755431,245.877441327913,566
118.49010180062635,245.82448359344215,567
118.50859740539455,245.7710683707635,568
118.52746832942432,245.71719591707276,569
118.54671526853784,245.6628664933493,570
118.56633891683,245.60808036432937,571
118.58633996668357,245.55283779848008,572
118.60671910878384,245.4971390679739,573
118.62747703213228,245.44098444866407,574
118.64861442406006,245.38437422006083,575
118.67013197024038,245.32730866530832,576
118.6920303547005,245.26978807116222,577
118.71431025983301,245.21181272796832,578
118.73697236640655,245.15338292964123,579
118.76001735357579,245.09449897364487,580
118.783445898891,245.0351611609727,581
118.80725867830675,244.97536979612914,582
118.83145636619028,244.91512518711176,583
118.85603963532908,244.85442764539394,584
118.88100915693806,244.79327748590865,585
118.90636560066604,244.7316750270324,586
118.93210963460152,244.6696205905705,587
118.95824192527839,244.6071145017425,588
118.98476313768047,244.54415708916883,589
119.01167393524585,244.48074868485776,590
119.03897497987072,244.41688962419317,591
119.06666693191244,244.35258024592338,592
119.09475045019222,244.28782089215002,593
119.12322619199735,244.22261190831827,594
119.15209481308263,244.15695364320734,595
119.18135696767156,244.09084644892198,596
119.21101330845694,244.0242906808844,597
119.24106448660082,243.95728669782693,598
119.27151115173419,243.88983486178594,599
119.30235395195587,243.82193553809554,600
119.33359353383126,243.7535890953826,601
119.36523054239017,243.6847959055624,602
119.39726562112465,243.61555634383475,603
119.42969941198585,243.54587078868116,604
119.4625325553808,243.47573962186235,605
119.4957656901684,243.40516322841665,606
119.52939945365512,243.3341419966592,607
119.56343448159016,243.2626763181815,608
119.59787140816017,243.19076658785215,609
119.63271086598346,243.11841320381788,610
119.66795348610377,243.04561656750556,611
119.70359989798352,242.97237708362456,612
119.73965072949674,242.8986951601706,613
119.77610660692133,242.82457120842906,614
119.81296815493101,242.75000564298034,615
119.85023599658682,242.6749988817049,616
119.88791075332804,242.59955134578965,617
119.92599304496277,242.5236634597349,618
119.96448348965795,242.44733565136178,619
120.00338270392912,242.37056835182048,620
120.04269130262942,242.29336199559978,621
120.08240989893841,242.21571702053635,622
120.12253910435028,242.13763386782543,623
120.1630795286617,242.0591129820322,624
120.20403177995917,241.98015481110355,625
120.24539646460588,241.90075980638102,626
120.28717418722817,241.82092842261423,627
120.32936555070152,241.74066111797484,628
120.3719711561361,241.6599583540718,629
120.41499160286176,241.5788205959671,630
120.45842748841272,241.49724831219189,631
120.50227940851175,241.41524197476411,632
120.5465479570538,241.33280205920624,633
120.59123372608923,241.2499290445641,634
120.63633730580653,241.16662341342652,635
120.68185928451479,241.08288565194536,636
120.72780024862529,240.99871624985704,637
120.77416078263302,240.9141157005039,638
120.82094146909752,240.82908450085725,639
120.86814288862328,240.74362315154065,640
120.91576561983963,240.65773215685414,641
120.96381023938021,240.5714120247995,642
121.0122773218619,240.4846632671058,643
121.06116743986344,240.39748639925628,644
121.1104811639031,240.3098819405158,645
121.16021906241645,240.22185041395906,646
121.21038170173316,240.1333923464999,647
121.26096964605358,240.04450826892108,648
121.31198345742467,239.95519871590514,649
121.3634236957154,239.86546422606622,650
121.41529091859178,239.77530534198223,651
121.46758568149122,239.6847226102285,652
121.52030853759638,239.5937165814117,653
121.57346003780866,239.50228781020527,654
121.62704073072094,239.41043685538492,655
121.68105116258982,239.31816427986575,656
121.73549187730748,239.22547065073994,657
121.79036341637267,239.13235653931508,658
121.84566631886159,239.03882252115395,659
121.90140112139773,238.9448691761148,660
121.95756835812142,238.8504970883923,661
122.0141685606589,238.75570684656032,662
122.07120225809042,238.66049904361455,663
122.1286699769181,238.56487427701674,664
122.18657224103309,238.46883314873975,665
122.24490957168209,238.37237626531314,666
122.30368248743326,238.2755042378702,667
122.36289150414159,238.17821768219594,668
122.42253713491355,238.08051721877538,669
122.48261989007122,237.98240347284366,670
122.54314027711558,237.88387707443647,671
122.60409880068937,237.7849386584419,672
122.66549596253928,237.68558886465274,673
122.72733226147726,237.58582833782052,674
122.78960819334134,237.4856577277098,675
122.85232425095583,237.38507768915392,676
122.9154809240906,237.28408888211175,677
122.9790786994199,237.18269197172498,678
123.04311806048028,237.08088762837718,679
123.10759948762788,236.97867652775312,680
123.17252345799514,236.87605935089985,681
123.23789044544635,236.77303678428822,682
123.30370092053305,236.6696095198758,683
123.36995535044808,236.5657782551707,684
123.43665419897935,236.46154369329656,685
123.5037979264624,236.35690654305864,686
123.57138698973267,236.25186751901063,687
123.63942184207644,236.14642734152324,688
123.7079029331814,236.04058673685296,689
123.77683070908617,235.93434643721287,690
123.84620561212893,235.82770718084376,691
123.91602808089557,235.720669712087,692
123.98629855016648,235.61323478145798,693
124.05701745086294,235.50540314572103,694
124.1281852099923,235.39717556796552,695
124.19980225059236,235.2885528176825,696
124.27186899167508,235.17953567084356,697
124.34438584816901,235.07012490997965,698
124.41735323086105,234.96032132426205,699
124.49077154633723,234.85012570958364,700
124.56464119692232,234.73953886864223,701
124.63896258061891,234.62856161102434,702
124.71373609104502,234.51719475329062,703
124.78896211737116,234.4054391190621,704
124.86464104425602,234.29329553910785,705
124.94077325178141,234.18076485143408,706
125.01735911538594,234.06784790137394,707
125.09439900579794,233.95454554167878,708
125.17189328896704,233.8408586326109,709
125.24984232599472,233.72678804203684,710
125.32824647306403,233.61233464552288,711
125.40710608136774,233.49749932643078,712
125.48642149703586,233.3822829760156,713
125.56619306106175,233.26668649352405,714
125.64642110922694,233.1507107862948,715
125.72710597202521,233.03435676985956,716
125.80824797458509,232.9176253680454,717
125.88984743659132,232.80051751307894,718
125.97190467220514,232.6830341456912,719
126.05441998998326,232.56517621522374,720
126.13739369279548,232.44694467973693,721
126.2208260777414,232.32834050611805,722
126.3047174360654,232.20936467019249,723
126.38906805307062,232.09001815683442,724
126.47387820803146,231.97030196008032,725
126.55914817410499,231.850217083243,726
126.64487821824062,231.7297645390268,727
126.73106860108855,231.60894534964496,728
126.81771957690721,231.48776054693744,729
126.90483139346851,231.3662111724907,730
126.9924042919625,231.2442982777583,731
127.0804385068999,231.12202292418317,732
127.16893426601357,230.99938618332152,733
127.25789179015835,230.87638913696708,734
127.3473112932094,230.75303287727812,735
127.43719298195903,230.62931850690444,736
127.52753705601197,230.50524713911688,737
127.61834370767903,230.3808198979372,738
127.70961312186932,230.25603791827015,739
127.80134547598065,230.13090234603655,740
127.89354093978852,230.00541433830745,741
127.98619967533324,229.8795750634404,742
128.07932183680558,229.75338570121636,743
128.17290757043054,229.62684744297843,744
128.26695701434966,229.49996149177193,745
128.3614702985013,229.37272906248555,746
128.45644754449935,229.2451513819943,747
128.55188886551016,229.11722968930357,748
128.64779436612744,228.9889652356947,749
128.74416414224575,228.8603592848719,750
128.84099828093196,228.73141311311045,751
128.93829686029437,228.60212800940658,752
129.03605994935086,228.4725052756284,753
129.13428760789435,228.34254622666847,754
129.23297988635667,228.21225219059755,755
129.33213682567046,228.08162450881994,756
129.4317584571289,227.9506645362301,757
129.53184480224374,227.81937364137062,758
129.63239587260094,227.68775320659162,759
129.73341166971463,227.55580462821155,760
129.8348921848786,227.4235293166793,761
129.9368373990161,227.29092869673778,762
130.03924728252719,227.15800420758876,763
130.142121795134,227.0247573030592,764
130.24546088572404,226.8911894517688,765
130.34926449219108,226.75730213729912,766
130.4535325412738,226.6230968583637,767
130.5582649483923,226.48857512898002,768
130.66346161748248,226.3537384786424,769
130.76912244082772,226.21858845249645,770
130.8752472988886,226.08312661151476,771
130.98183606013023,225.94735453267396,772
131.0888885808469,225.8112738091331,773
131.1964047049849,225.67488605041345,774
131.3043842639623,225.53819288257932,775
131.41282707648682,225.40119594842056,776
131.5217329483709,225.26389690763605,777
131.63110167234433,225.12629743701868,778
131.74093302786463,224.98839923064142,779
131.8512267809245,224.8502040000449,780
131.96198268385695,224.711713474426,781
132.0732004751379,224.57292940082783,782
132.18487987918587,224.43385354433096,783
132.29702060615944,224.29448768824582,784
132.4096223517517,224.1548336343063,785
132.5226847969823,224.0148932028646,786
132.63620760798653,223.87466823308733,787
132.75019043580198,223.7341605831527,788
132.8646329161521,223.5933721304488,789
132.9795346692274,223.45230477177327,790
133.09489529946345,223.31096042353388,791
133.21071439531642,223.1693410219504,792
133.32699152903547,223.02744852325745,793
133.44372625643254,222.88528490390846,794
133.56091811664916,222.7428521607808,795
133.67856663192032,222.600152311382,796
133.7966713073355,222.45718739405675,797
133.9152316305967,222.31395946819518,798
134.03424707177365,222.17047061444208,799
134.1537170830558,222.02672293490704,800
134.27364109850157,221.88271855337572,801
134.39401853378445,221.7384596155218,802
134.51484878593607,221.59394828912016,803
134.6361312330863,221.44918676426062,804
134.7578652342003,221.304177253563,805
134.88005012881226,221.1589219923926,806
135.00268523675652,221.01342323907681,807
135.12576985789508,220.86768327512237,808
135.24930327184228,220.72170440543357,809
135.37328473768628,220.575488958531,810
135.4977134937075,220.42903928677123,811
135.62258875709358,220.2823577665671,812
135.74790972365176,220.13544679860877,813
135.87367556751744,219.98830880808532,814
135.99988544085997,219.84094624490703,815
136.12653847358516,219.6933615839283,816
136.25363377303458,219.54555732517105,817
136.38117042368157,219.3975359940486,818
136.50914748682433,219.24930014159037,819
136.63756400027538,219.1008523446667,820
136.76641897804822,218.95219520621407,821
136.89571141004055,218.80333135546127,822
137.0254402617143,218.65426344815526,823
137.15560447377257,218.5049941667877,824
137.28620296183314,218.3555262208219,825
137.41723461609917,218.2058623469197,826
137.54869830102623,218.0560053091688,827
137.68059285498643,217.90595789931035,828
137.81291708992933,217.75572293696638,829
137.94566979103985,217.60530326986756,830
138.07884971639245,217.45470177408112,831
138.21245559660295,217.3039213542384,832
138.34648613447652,217.1529649437629,833
138.4809400046531,217.0018355050979,834
138.61581585324933,216.85053602993392,835
138.75111229749766,216.69906953943646,836
138.8868279253822,216.54743908447315,837
139.02296129527178,216.39564774584068,838
139.15951093554986,216.24369863449158,839
139.2964753442414,216.0915948917608,840
139.43385298863697,215.9393396895914,841
139.57164230491372,215.78693623076035,842
139.7098416977537,215.63438774910344,843
139.84844953995926,215.48169750973992,844
139.98746417206544,215.32886880929638,845
140.12688390195,215.17590497613,846
140.26670700444032,215.0228093705511,847
140.40693172091784,214.86958538504513,848
140.54755625891983,214.71623644449335,849
140.68857879173862,214.56276600639316,850
140.8299974580182,214.40917756107729,851
140.9718103613485,214.25547463193175,852
141.11401556985703,214.1016607756134,853
141.25661111579834,213.94773958226534,854
141.39959499514126,213.79371467573228,855
141.54296516715362,213.63958971377383,856
141.6867195539852,213.48536838827687,857
141.8308560402481,213.3310544254665,858
141.97537247259578,213.17665158611533,859
142.1202666592994,213.02216366575166,860
142.26553636982297,212.8675944948656,861
142.41117933439622,212.71294793911417,862
142.55719324358617,212.5582278995239,863
142.7035757478669,212.40343831269223,864
142.85032445718787,212.24858315098714,865
142.99743694054075,212.0936664227441,866
143.14491072552525,211.93869217246194,867
143.29274329791326,211.78366448099592,868
143.44093210121235,211.62858746574904,869
143.58947453622798,211.47346528086095,870
143.7383679606251,211.31830211739467,871
143.88760968848862,211.16310220352068,872
144.03719698988365,211.00786980469886,873
144.187127090415,210.8526092238576,874
144.33739717078626,210.69732480157037,875
144.48800436635872,210.5420209162297,876
144.6389457667102,210.38670198421806,877
144.79021841519366,210.23137246007616,878
144.9418193084964,210.07603683666804,879
145.0937453961991,209.92069964534335,880
145.24599358033532,209.7653654560961,881
145.39856071495228,209.61003887772046,882
145.55144360567135,209.45472455796343,883
145.70463900925043,209.29942718367337,884
145.85814363314654,209.14415148094585,885
146.01195413508046,208.9889022152653,886
146.16606712260221,208.83368419164333,887
146.3204791526583,208.67850225475297,888
146.47518673116082,208.5233612890593,889
146.63018631255838,208.36826621894588,890
146.78547429940926,208.21322200883716,891
146.94104704195666,208.05823366331683,892
147.0969008377069,207.90330622724184,893
147.25303193100984,207.7484447858518,894
147.40943651264251,207.59365446487442,895
147.56611071939585,207.4389404306258,896
147.72305063366446,207.28430789010653,897
147.88025228304036,207.12976209109283,898
148.0377116399101,206.97530832222265,899
148.19542462105602,206.820951913077,900
148.35338708726144,206.66669823425627,901
148.5115948429207,206.5125526974511,902
148.67004363565349,206.35852075550815,903
148.82872915592387,206.20460790249047,904
148.98764703666504,206.05081967373232,905
149.14679285290853,205.89716164588825,906
149.30616212141993,205.74363943697693,907
149.46575030033944,205.5902587064186,908
149.62555278882917,205.437025155067,909
149.78556492672666,205.28394452523506,910
149.94578199420448,205.1310226007145,911
150.1061992114371,204.9782652067894,912
150.26681173827458,204.8256782102431,913
150.42761467392373,204.6732675193588,914
150.58860305663643,204.52103908391373,915
150.74977186340644,204.36899889516636,916
150.91111600967338,204.2171529858371,917
151.0726303490361,204.06550743008208,918
151.23430967297372,203.9140683434598,919
151.396148710576,203.76284188289085,920
151.55814212828295,203.61183424661044,921
151.72028452963335,203.46105167411343,922
151.88257045502354,203.3105004460924,923
152.04499438147565,203.1601868843675,924
152.20755072241627,203.0101173518096,925
152.3702338274656,202.860298252255,926
152.5330379822373,202.7107360304126,927
152.69595740814927,202.5614371717632,928
152.85898626224576,202.41240820245096,929
153.0221186370312,202.26365568916623,930
153.18534856031545,202.11518623902072,931
153.3486699950716,201.96700649941423,932
153.51207683930556,201.81912315789282,933
153.67556292593892,201.67154294199867,934
153.83912202270403,201.52427261911126,935
154.00274783205256,201.3773189962802,936
154.1664339910774,201.23068892004878,937
154.33017407144814,201.08438927626915,938
154.49396157936022,200.93842698990846,939
154.65778995549888,200.79280902484584,940
154.82165257501657,200.64754238366058,941
154.9855427475256,200.502634107411,942
155.14945371710567,200.358091275404,943
155.3133786623259,200.21392100495558,944
155.47731069628287,200.07013045114172,945
155.64124286665378,199.92672680654,946
155.80516815576547,199.78371730096165,947
155.96907948067937,199.64110920117426,948
156.1329696932927,199.49890981061426,949
156.29683158045611,199.3571264690905,950
156.4606578641076,199.21576655247745,951
156.62444120142365,199.07483747239914,952
156.78817418498667,198.93434667590304,953
156.95184934297058,198.79430164512377,954
157.11545913934233,198.65470989693765,955
157.2789959740823,198.51557898260646,956
157.44245218342098,198.3769164874119,957
157.6058200400946,198.2387300302797,958
157.76909175361783,198.10102726339375,959
157.93225947057462,197.9638158718003,960
158.09531527492766,197.82710357300195,961
158.25825118834564,197.69089811654172,962
158.4210591705489,197.55520728357678,963
158.58373111967367,197.42003888644254,964
158.74625887265495,197.28540076820616,965
158.90863420562758,197.15130080221027,966
159.07084883434638,197.0177468916067,967
159.23289441462484,196.8847469688798,968
159.39476254279262,196.75230899536007,969
159.55644475617157,196.6204409607278,970
159.71793253357131,196.48915088250627,971
159.87921729580245,196.35844680554564,972
160.0402904062097,196.2283368014965,973
160.20114317122326,196.09882896827364,974
160.36176684092908,195.96993142951024,975
160.52215260965764,195.84165233400188,976
160.6822916165919,195.71399985514142,977
160.84217494639324,195.58698219034355,978
161.00179362984653,195.46060756046063,979
161.16113864452316,195.33488420918812,980
161.32020091546286,195.2098204024613,981
161.47897131587308,195.08542442784258,982
161.63744066784741,194.96170459389919,983
161.79559974310112,194.83866922957213,984
161.95343926372504,194.7163266835359,985
162.11094990295672,194.59468532354958,986
162.2681222859695,194.4737535357987,987
162.42494699067822,194.35353972422857,988
162.58141454856278,194.23405230986933,989
162.7375154455079,194.1152997301522,990
162.89324012265988,193.99729043821753,991
163.0485789772996,193.88003290221482,992
163.20352236373176,193.7635356045945,993
163.35806059418977,193.6478070413919,994
163.51218393975662,193.53285572150367,995
163.66588263130066,193.4186901659565,996
163.81914686042649,193.30531890716819,997
163.97196678044077,193.19275048820202,998
164.12433250733193,193.0809934620135,999
164.27623412076454,192.97005639069056,1000
164.42766166508656,192.85994784468707,1001
164.57860515035068,192.75067640204935,1002
164.72905455334788,192.64225064763704,1003
164.87899981865434,192.53467917233706,1004
165.02843085968985,192.4279705722722,1005
165.17733755978816,192.32213344800374,1006
165.32570977327921,192.2171764037281,1007
165.47353732658132,192.1131080464691,1008
165.62081001930494,192.00993698526364,1009
165.76751762536574,191.90767183034401,1010
165.91364989410772,191.80632119231387,1011
166.05919655143538,191.70589368132104,1012
166.20414730095482,191.60639790622517,1013
166.34849182512264,191.50784247376114,1014
166.49221978640324,191.4102359876997,1015
166.635320828433,191.31358704800274,1016
166.77778457719162,191.21790424997667,1017
166.91960064217955,191.12319618342147,1018
167.06075861760155,191.02947143177735,1019
167.20124808355533,190.93673857126785,1020
167.34105860722553,190.84500617004153,1021
167.48017974408145,190.7542827873099,1022
167.6186010390795,190.66457697248438,1023
167.75631202786815,190.5758972643102,1024
167.89330223799615,190.48825218999963,1025
168.02956119012376,190.40165026436276,1026
168.16507839923443,190.31609998893754,1027
168.29984337584946,190.2316098511185,1028
168.43384562724208,190.1481883232843,1029
168.5670746586531,190.06584386192517,1030
168.69951997450562,189.98458490676913,1031
168.83117107961962,189.90441987990832,1032
168.9620174804253,189.82535718492485,1033
169.09204868617425,189.7474052060173,1034
169.22125421015014,189.6705723071264,1035
169.34962357087497,189.59486683106206,1036
169.47714629331338,189.52029709863066,1037
169.6038119100737,189.4468714077626,1038
169.7296099626042,189.37459803264127,1039
169.85453000238573,189.30348522283273,1040
169.9785615921192,189.23354120241686,1041
170.10169430690826,189.16477416911914,1042
170.22391773543535,189.0971922934449,1043
170.34522148113305,189.0308037178136,1044
170.465595163348,188.96561655569647,1045
170.58502841849835,188.90163889075438,1046
170.70351090122398,188.83887877597863,1047
170.82103228552896,188.777344232833,1048
170.93758226591675,188.71704325039818,1049
171.0531505585161,188.65798378451788,1050
171.16772690219975,188.60017375694736,1051
171.28130105969265,188.54362105450414,1052
171.39386281867252,188.48833352822098,1053
171.50540199286004,188.43431899250027,1054
171.61590842310025,188.3815852242718,1055
171.72537197843252,188.3301399621523,1056
171.83378255715215,188.2799909056068,1057
171.9411300878606,188.23114571411284,1058
172.04740453050496,188.18361200632637,1059
172.1525958774077,188.13739735925031,1060
172.25669415428467,188.0925093074045,1061
172.35968942125245,188.04895534199827,1062
172.4615717738246,188.0067429101045,1063
172.56233134389663,187.96587941383586,1064
172.6619583007197,187.92637220952264,1065
172.7604428518633,187.88822860689183,1066
172.85777524416562,187.85145586824865,1067
172.953945764674,187.81606120765815,1068
173.04894474157237,187.78205179012917,1069
173.1427625450986,187.74943473079804,1070
173.23538958845026,187.71821709411475,1071
173.32681632867838,187.68840589302818,1072
173.41703326757113,187.66000808817228,1073
173.50603095252566,187.63303058705324,1074
173.59379997740962,187.60748024323533,1075
173.68033098341158,187.58336385552715,1076
173.76561465988064,187.5606881671676,1077
173.84964174515653,187.5394598650099,1078
173.93240302738837,187.51968557870606,1079
174.01388934534464,187.50137187988878,1080
174.0940915892127,187.48452528135164,1081
174.173000701389,187.4691522362283,1082
174.2506076772609,187.45525913716762,1083
174.32690356597897,187.4428523155078,1084
174.401879471221,187.43193804044623,1085
174.47552655194872,187.42252251820605,1086
174.54783602315547,187.41461189119948,1087
174.61879915660813,187.40821223718604,1088
174.68840728158125,187.4033295684266,1089
174.75665178558498,187.39996983083248,1090
174.82352411508805,187.39813890310816,1091
174.88901577623304,187.39784259588978,1092
174.95311833554985,187.39908665087472,1093
175.01582342066212,187.40187673994689,1094
175.07712272099155,187.40621846429312,1095
175.13700798845778,187.41211735351223,1096
175.19547103817644,187.4195788647156,1097
175.25250374915467,187.42860838161954,1098
175.30809806498561,187.43921121362771,1099
175.36224599454093,187.45139259490432,1100
175.41493961266528,187.46515768343633,1101
175.46617106086845,187.48051156008623,1102
175.5159325480212,187.49745922763157,1103
175.56421635105173,187.51600560979486,1104
175.61101481564458,187.53615555025917,1105
175.65632035694324,187.5579138116717,1106
175.70012546025714,187.58128507463468,1107
175.74242268177204,187.60627393668048,1108
175.78320464926787,187.63288491123419,1109
175.8224640628412,187.66112242655967,1110
175.86019369563564,187.69099082469143,1111
175.89638639458,187.72249436034852,1112
175.93103508113524,187.7556371998344,1113
175.96413275204998,187.79042341991706,1114
175.9956724801283,187.82685700669333,1115
176.02564741500663,187.86494185443405,1116
176.0540507839434,187.90468176441112,1117
176.08087589262232,187.94608044370486,1118
176.1061161259674,187.9891415039919,1119
176.12976494897418,188.03386846031324,1120
176.1518159075563,188.08026472982104,1121
176.17226262940645,188.12833363050441,1122
176.19109882487635,188.17807837989417,1123
176.2083182878737,188.22950209374494,1124
176.22391489677807,188.28260778469496,1125
176.23788261537592,188.33739836090322,1126
176.25021549381702,188.39387662466314,1127
176.26090766959126,188.45204527099267,1128
176.26995336852832,188.51190688620034,1129
176.27734690581894,188.57346394642667,1130
176.28308268706218,188.63671881616187,1131
176.28715520933486,188.70167374673704,1132
176.28955906228876,188.76833087479147,1133
176.2902889292713,188.83669222071367,1134
176.28933958847608,188.90675968705696,1135
176.28670591411876,188.97853505692905,1136
176.28238287764313,189.05201999235533,1137
176.27636554895548,189.12721603261645,1138
176.26864909768912,189.20412459255866,1139
176.25922879450025,189.28274696087865,1140
176.24810001239345,189.36308429838124,1141
176.23525822808176,189.4451376362109,1142
176.22069902337725,189.52890787405693,1143
176.20441808661528,189.61439577833184,1144
176.18641121411378,189.70160198032372,1145
176.16667431166607,189.7905269743227,1146
176.14520339606855,189.88117111572097,1147
176.12199459668378,189.97353461908764,1148
176.09704415704073,190.06761755621778,1149
176.0703484364694,190.16341985415656,1150
176.04190391177457,190.26094129319875,1151
176.0117071789442,190.36018150486402,1152
175.97975495489783,190.46113996984798,1153
175.9460440792707,190.5638160159507,1154
175.91057151623684,190.6682088159818,1155
175.87333435637086,190.77431738564417,1156
175.83432981854662,190.88214058139607,1157
175.7935552518759,190.99167709829243,1158
175.75100813768492,191.10292546780713,1159
175.70668609152898,191.21588405563534,1160
175.6605868652469,191.33055105947906,1161
175.6127083490522,191.44692450681492,1162
175.56304857366388,191.56500225264645,1163
175.51160571247425,191.68478197724173,1164
175.4583780837556,191.8062611838571,1165
175.40336415290236,191.92943719644902,1166
175.34656253471263,192.05430715737492,1167
175.28797199570454,192.18086802508438,1168
175.22759145646864,192.3091165718022,1169
175.16541999405644,192.4390493812053,1170
175.1014568444035,192.57066284609448,1171
175.03570140478544,192.70395316606286,1172
174.96815323630764,192.83891634516317,1173
174.8988120664277,192.9755481895751,1174
174.8276777915083,193.11384430527525,1175
174.7547504793998,193.25380009571106,1176
174.68003037205264,193.39541075948102,1177
174.603517888157,193.53867128802372,1178
174.52521362580868,193.68357646331677,1179
174.4451183652001,193.83012085558934,1180
174.36323307133483,193.97829882104955,1181
174.27955889676343,194.12810449962922,1182
174.19409718434025,194.27953181274904,1183
174.10684946999777,194.43257446110655,1184
174.0178174855383,194.58722592248876,1185
173.92700316143922,194.743479449613,1186
173.83440862967154,194.90132806799866,1187
173.74003622652873,195.06076457387184,1188
173.64388849546276,195.22178153210666,1189
173.54596818992695,195.38437127420588,1190
173.44627827622142,195.54852589632353,1191
173.3448219363399,195.7142372573327,1192
173.2416025708135,195.8814969769422,1193
173.13662380155142,196.05029643386408,1194
173.02988947467276,196.22062676403624,1195
172.9214036633285,196.39247885890296,1196
172.81117067051073,196.5658433637562,1197
172.69919503184386,196.7407106761419,1198
172.58548151835785,196.9170709443338,1199
172.47003513923636,197.09491406587858,1200
172.3528611445407,197.27422968621568,1201
172.23396502790183,197.45500719737478,1202
172.11335252918045,197.6372357367553,1203
171.99102963708856,197.8209041859904,1204
171.86700259177152,198.00600116989955,1205
171.74127788734413,198.19251505553268,1206
171.6138622743792,198.38043395130998,1207
171.4847627623429,198.56974570626014,1208
171.35398662197406,198.76043790936077,1209
171.221541387602,198.95249788898477,1210
171.08743485940067,199.14591271245504,1211
170.95167510557295,199.34066918571204,1212
170.81427046446163,199.53675385309688,1213
170.67522954658384,199.7341529972533,1214
170.53456123658185,199.93285263915163,1215
170.39227469508938,200.13283853823842,1216
170.24837936050574,200.33409619271436,1217
170.10288495067562,200.53661083994356,1218
169.9558014644686,200.74036745699766,1219
169.80713918325586,200.94535076133656,1220
169.6569086722763,201.15154521163,1221
169.5051207818916,201.35893500872172,1222
169.35178664872265,201.5675040967387,1223
169.19691769666431,201.77723616434852,1224
169.0405256377744,201.98811464616713,1225
168.88262247303075,202.20012272431882,1226
168.72322049295482,202.41324333015055,1227
168.5623322780946,202.62745914610343,1228
168.3999706993647,202.8427526077421,1229
168.236148918239,203.0591059059441,1230
168.0708803867908,203.27650098925088,1231
167.9041788475778,203.49491956638187,1232
167.73605833336742,203.7143431089122,1233
167.56653316669875,203.93475285411586,1234
167.3956179592772,204.15612980797414,1235
167.22332761119873,204.37845474835152,1236
167.0496773100006,204.60170822833723,1237
166.87468252953397,204.82587057975505,1238
166.69835902865714,205.05092191683985,1239
166.52072284974477,205.27684214008093,1240
166.34179031701186,205.50361094023242,1241
166.16157803464841,205.73120780248942,1242
165.98010288476385,205.95961201082957,1243
165.797382025138,206.18880265251855,1244
165.6134328867768,206.41875862277874,1245
165.4282731712717,206.6494586296191,1246
165.24192084796053,206.88088119882488,1247
165.05439415088844,207.1130046791052,1248
164.86571157556895,207.3458072473959,1249
164.6758918755428,207.57926691431592,1250
164.4849540587354,207.81336152977403,1251
164.29291738361223,208.0480687887232,1252
164.09980135513155,208.28336623705982,1253
163.90562572049575,208.51923127766383,1254
163.7104104647013,208.75564117657692,1255
163.51417580588833,208.99257306931435,1256
163.31694219049118,209.23000396730694,1257
163.11873028819082,209.4679107644688,1258
162.91956098667197,209.70627024388625,1259
162.7194553861856,209.94505908462358,1260
162.5184347939205,210.18425386864067,1261
162.31652071818593,210.42383108781723,1262
162.11373486240814,210.66376715107918,1263
161.91009911894477,210.90403839162065,1264
161.70563556272015,211.14462107421716,1265
161.50036644468548,211.3854914026232,1266
161.29431418510848,211.6266255270495,1267
161.08750136669653,211.86799955171227,1268
160.87995072755845,212.1095895424502,1269
160.67168515400985,212.35137153440104,1270
160.46272767322736,212.59332153973241,1271
160.2531014457577,212.8354155554201,1272
160.04282975788698,213.0776295710666,1273
159.8319360138774,213.3199395767538,1274
159.62044372807617,213.56232157092248,1275
159.40837651690518,213.80475156827202,1276
159.19575809073703,214.0472056076729,1277
158.98261224566517,214.28965976008536,1278
158.76896285517515,214.53209013647663,1279
158.55483386172506,214.7744728957304,1280
158.3402492682424,215.01678425254045,1281
158.12523312954528,215.25900048528192,1282
157.90980954369695,215.50109794385295,1283
157.69400264330042,215.74305305747936,1284
157.47783658674294,215.98484234247576,1285
157.2613355493979,216.22644240995552,1286
157.04452371479317,216.46782997348294,1287
156.82742526575456,216.7089818566608,1288
156.61006437553294,216.94987500064616,1289
156.39246519892413,217.19048647158763,1290
156.17465186338973,217.4307934679783,1291
155.95664846018929,217.67077332791666,1292
155.73847903553036,217.9104035362697,1293
155.5201675817477,218.1496617317323,1294
155.30173802851868,218.38852571377592,1295
155.08321423412477,218.62697344948143,1296
154.8646199767671,218.86498308025003,1297
154.64597894594527,219.10253292838635,1298
154.42731473390785,219.33960150354878,1299
154.20865082718245,219.5761675090617,1300
153.99001059819486,219.8122098480842,1301
153.77141729698394,220.04770762963093,1302
153.55289404302167,220.2826401744404,1303
153.33446381714535,220.51698702068566,1304
153.1161494536096,220.75072792952477,1305
152.89797363226626,220.98384289048502,1306
152.67995887087866,221.21631212667924,1307
152.46212751757798,221.44811609984913,1308
152.2445017434677,221.6792355152336,1309
152.0271035353835,221.90965132625828,1310
151.80995468881437,222.1393447390442,1311
151.59307680099067,222.36829721673257,1312
151.376491264146,222.5964904836239,1313
151.16021925895672,222.82390652912926,1314
150.9442817481657,223.0505276115321,1315
150.72869947039413,223.27633626155915,1316
150.51349293414663,223.50131528575932,1317
150.29868241201333,223.72544776968942,1318
150.08428793507335,223.94871708090616,1319
149.87032928750259,224.17110687176412,1320
149.65682600139,224.3926010820194,1321
149.44379735176418,224.61318394123873,1322
149.23126235183426,224.83283997101498,1323
149.0192397484457,225.05155398698878,1324
148.80774801775473,225.2693111006776,1325
148.59680536112148,225.48609672111348,1326
148.38642970122444,225.70189655628937,1327
148.17663867839642,225.9166966144171,1328
147.96744964718258,226.13048320499766,1329
147.75887967312187,226.34324293970548,1330
147.55094552975103,226.55496273308958,1331
147.343663695831,226.76562980309276,1332
147.1370503527956,226.97523167139207,1333
146.93112138242168,227.1837561635626,1334
146.72589236471887,227.39119140906755,1335
146.52137857603867,227.59752584107733,1336
146.3175949874,227.80274819612092,1337
146.11455626303078,228.0068475135723,1338
145.91227675912154,228.20981313497583,1339
145.71077052279077,228.4116347032132,1340
145.51005129125724,228.61230216151657,1341
145.31013249121827,228.81180575233037,1342
145.1110272384297,229.01013601602656,1343
144.91274833748471,229.20728378947658,1344
144.71530828178825,229.40324020448392,1345
144.51871925372296,229.597996686082,1346
144.32299312500325,229.79154495070048,1347
144.12814145721322,229.98387700420477,1348
143.93417550252454,230.17498513981283,1349
143.74110620458984,230.3648619358934,1350
143.5489441996077,230.55350025365016,1351
143.35769981755396,230.74089323469536,1352
143.16738308357566,230.9270342985187,1353
142.97800371954202,231.1119171398541,1354
142.7895711457488,231.29553572595015,1355
142.60209448276981,231.47788429374742,1356
142.41558255345205,231.6589573469682,1357
142.2300438850485,231.83874965312145,1358
142.04548671148427,232.01725624042908,1359
141.8619189757504,232.19447239467624,1360
141.679348332421,232.3703936559905,1361
141.49778215028803,232.5450158155552,1362
141.31722751510898,232.71833491225834,1363
141.13769123246223,232.89034722928494,1364
140.9591798307052,233.0610492906534,1365
140.78169956403008,233.23043785770224,1366
140.60525641561208,233.39850992553028,1367
140.42985610084543,233.56526271939416,1368
140.255504070662,233.7306936910673,1369
140.08220551492764,233.89480051516375,1370
139.90996536591157,234.05758108543134,1371
139.73878830182372,234.21903351101648,1372
139.56867875041567,234.37915611270557,1373
139.39964089264012,234.53794741914572,1374
139.23167866636473,234.69540616304812,1375
139.06479577013556,234.85153127737757,1376
138.89899566698554,235.00632189153143,1377
138.73428158828406,235.15977732751116,1378
138.57065653762325,235.3118970960891,1379
138.40812329473647,235.46268089297374,1380
138.2466844194455,235.61212859497667,1381
138.086342255632,235.76024025618295,1382
137.92709893522982,235.9070161041291,1383
137.76895638223385,236.0524565359894,1384
137.61191631672247,236.19656211477462,1385
137.45598025888927,236.33933356554547,1386
137.3011495330812,236.48077177164095,1387
137.1474252718396,236.6208777709274,1388
136.99480841994097,236.7596527520668,1389
136.8432997384339,236.89709805080878,1390
136.69289980867032,237.03321514630733,1391
136.54360903632644,237.168005657464,1392
136.39542765541256,237.3014713392994,1393
136.2483557322672,237.43361407935544,1394
136.10239316953465,237.56443589412837,1395
135.95753971012206,237.6939389255357,1396
135.81379494113472,237.8221254374173,1397
135.67115829778686,237.9489978120728,1398
135.52962906728592,238.07455854683582,1399
135.3892063926881,238.19881025068682,1400
135.24988927672342,238.32175564090556,1401
135.11167658558875,238.44339753976342,1402
134.9745670527061,238.56373887125824,1403
134.83855928244586,238.68278265789033,1404
134.70365175381227,238.80053201748254,1405
134.56984282409041,238.91699016004372,1406
134.43713073245294,239.03216038467713,1407
134.3055136035258,239.14604607653342,1408
134.17498945091094,239.25865070381002,1409
134.04555618066573,239.36997781479613,1410
133.9172115947376,239.48003103496524,1411
133.78995339435323,239.5888140641133,1412
133.663779183361,239.69633067354556,1413
133.53868647152666,239.8025847033101,1414
133.41467267778071,239.90758005947973,1415
133.29173513341735,240.01132071148143,1416
133.16987108524447,240.11381068947426,1417
133.04907769868385,240.215054081775,1418
132.9293520608212,240.31505503233222,1419
132.81069118340622,240.41381773824858,1420
132.69309200580142,240.51134644735106,1421
132.5765513978804,240.60764545580912,1422
132.4610661628747,240.7027191058012,1423
132.34663304016928,240.7965717832281,1424
132.23324870804717,240.88920791547505,1425
132.1209097863816,240.9806319692196,1426
132.00961283927793,241.0708484482879,1427
131.8993543776632,241.1598618915567,1428
131.79013086182508,241.2476768709026,1429
131.68193870389908,241.33429798919633,1430
131.57477427030526,241.41972987834404,1431
131.46863388413396,241.50397719737242,1432
131.3635138274809,241.58704463056014,1433
131.25941034373224,241.66893688561274,1434
131.15631963979962,241.74965869188193,1435
131.05423788830544,241.8292147986287,1436
130.95316122971917,241.9076099733287,1437
130.85308577444474,241.98484900002134,1438
130.75400760485937,242.0609366776998,1439
130.65592277730448,242.13587781874358,1440
130.55882732402938,242.20967724739114,1441
130.46271725508745,242.28233979825384,1442
130.36758856018616,242.35387031486923,1443
130.27343721049093,242.42427364829405,1444
130.1802591603835,242.4935546557355,1445
130.08805034917555,242.5617181992215,1446
129.99680670277777,242.62876914430774,1447
129.90652413532524,242.69471235882222,1448
129.8171985507596,242.75955271164645,1449
129.72882584436877,242.82329507153173,1450
129.6414019042844,242.8859443059516,1451
129.55492261293819,242.94750527998812,1452
129.46938384847732,243.00798285525275,1453
129.38478148613996,243.0673818888404,1454
129.30111139959098,243.1257072323166,1455
129.2183694622191,243.18296373073665,1456
129.13655154839566,243.23915622169622,1457
129.05565353469586,243.29428953441365,1458
128.9756713010831,243.34836848884223,1459
128.896600732057,243.4013978948123,1460
128.81843771776587,243.45338255120276,1461
128.74117815508413,243.50432724514127,1462
128.66481794865527,243.55423675123265,1463
128.58935301190138,243.60311583081432,1464
128.51477926799947,243.6509692312392,1465
128.44109265082528,243.69780168518486,1466
128.36828910586559,243.74361790998807,1467
128.29636459109904,243.78842260700512,1468
128.2253150778466,243.8322204609967,1469
128.15513655159253,243.8750161395363,1470
128.0858250127751,243.91681429244326,1471
128.0173764775497,243.95761955123797,1472
127.94978697852338,243.99743652862003,1473
127.88305256546192,244.0362698179681,1474
127.81716930597021,244.0741239928618,1475
127.75213328614655,244.11100360662368,1476
127.68794061121078,244.14691319188262,1477
127.62458740610785,244.1818572601563,1478
127.56206981608669,244.2158403014539,1479
127.50038400725502,244.24886678389714,1480
127.43952616711104,244.28094115336023,1481
127.37949250505207,244.312067833128,1482
127.32027925286097,244.34225122357094,1483
127.26188266517092,244.37149570183809,1484
127.20429901990885,244.39980562156617,1485
127.1475246187182,244.4271853126051,1486
127.09155578736173,244.45363908075956,1487
127.03638887610417,244.47917120754514,1488
126.98202026007621,244.50378594996067,1489
126.92844633961951,244.5274875402739,1490
126.87566354061356,244.55028018582246,1491
126.82366831478491,244.57216806882712,1492
126.77245713999906,244.5931553462205,1493
126.72202652053544,244.61324614948654,1494
126.67237298734625,244.6324445845143,1495
126.62349309829932,244.65075473146317,1496
126.57538343840534,244.66818064464024,1497
126.52804062003034,244.68472635238902,1498
126.48146128309313,244.70039585698987,1499
126.43564209524895,244.71519313457068,1500
126.39057975205897,244.72912213502863,1501
126.34627097714646,244.74218678196158,1502
126.3027125223401,244.7543909726103,1503
126.25990116780429,244.76573857780917,1504
126.21783372215742,244.77623344194717,1505
126.17650702257816,244.7858793829373,1506
126.13591793490019,244.79468019219485,1507
126.09606335369544,244.80263963462417,1508
126.05694020234702,244.80976144861387,1509
126.01854543311104,244.81604934603897,1510
125.98087602716838,244.82150701227224,1511
125.94392899466679,244.82613810620114,1512
125.90770137475305,244.8299462602535,1513
125.8721902355961,244.83293508042885,1514
125.83739267440093,244.8351081463371,1515
125.80330581741418,244.83646901124348,1516
125.76992681992078,244.83702120211956,1517
125.73725286623304,244.8367682197002,1518
125.70528116967131,244.83571353854654,1519
125.67400897253754,244.83386060711425,1520
125.64343354608114,244.83121284782692,1521
125.61355219045808,244.82777365715543,1522
125.58436223468274,244.82354640570114,1523
125.55586103657363,244.8185344382845,1524
125.5280459826924,244.81274107403843,1525
125.50091448827683,244.80616960650525,1526
125.47446399716799,244.79882330373863,1527
125.44869198173163,244.79070540840928,1528
125.42359594277411,244.78181913791417,1529
125.39917340945306,244.7721676844902,1530
125.37542193918289,244.76175421533094,1531
125.35233911753569,244.75058187270636,1532
125.32992255813713,244.73865377408706,1533
125.30816990255809,244.72597301227015,1534
125.28707882020187,244.71254265550928,1535
125.2666470081873,244.6983657476468,1536
125.24687219122792,244.6834453082488,1537
125.22775212150732,244.6677843327429,1538
125.20928457855085,244.65138579255816,1539
125.1914673690939,244.63425263526784,1540
125.1742983269469,244.61638778473358,1541
125.1577753128569,244.5977941412524,1542
125.14189621436662,244.57847458170545,1543
125.12665894567007,244.55843195970849,1544
125.11206144746576,244.53766910576417,1545
125.09810168680727,244.5161888274163,1546
125.08477765695129,244.49399390940516,1547
125.07208737720332,244.47108711382492,1548
125.06002889276108,244.44747118028184,1549
125.04860027455595,244.42314882605416,1550
125.03779961909238,244.3981227462531,1551
125.0276250482853,244.37239561398502,1552
125.01807470929583,244.34597008051446,1553
125.00914677436546,244.31884877542842,1554
125.00083944064846,244.29103430680138,1555
124.99315093004294,244.26252926136107,1556
124.98607948902044,244.2333362046554,1557
124.9796233884545,244.20345768121922,1558
124.97378092344772,244.17289621474293,1559
124.96855041315796,244.1416543082406,1560
124.96393020062344,244.10973444421887,1561
124.95991865258686,244.07713908484675,1562
124.95651415931884,244.04387067212517,1563
124.95371513444039,244.00993162805736,1564
124.95152001474487,243.97532435481904,1565
124.94992726001912,243.94005123492923,1566
124.94893535286425,243.90411463142115,1567
124.94854279851583,243.8675168880131,1568
124.94874812466362,243.83026032927967,1569
124.94954988127103,243.79234726082268,1570
124.95094664039419,243.75377996944238,1571
124.95293699600097,243.71456072330864,1572
124.95551956378951,243.67469177213172,1573
124.95869298100686,243.63417534733347,1574
124.96245590626755,243.593013662218,1575
124.96680701937187,243.55120891214213,1576
124.97174502112462,243.50876327468592,1577
124.97726863315337,243.4656789098228,1578
124.98337659772741,243.42195796008937,1579
124.99006767757636,243.3776025507552,1580
124.99734065570931,243.33261478999165,1581
125.00519433523414,243.28699676904145,1582
125.01362753917692,243.24075056238664,1583
125.02263911030188,243.19387822791708,1584
125.03222791093158,243.14638180709807,1585
125.04239282276757,243.09826332513785,1586
125.05313274671127,243.04952479115423,1587
125.06444660268555,243.00016819834102,1588
125.0763333294566,242.95019552413433,1589
125.08879188445641,242.89960873037742,1590
125.10182124360574,242.8484097634862,1591
125.1154204011376,242.79660055461306,1592
125.12958836942143,242.7441830198111,1593
125.14432417878773,242.69115906019732,1594
125.15962687735356,242.6375305621154,1595
125.17549553084834,242.5832993972975,1596
125.19192922244069,242.5284674230266,1597
125.20892705256561,242.4730364822967,1598
125.2264881387527,242.41700840397357,1599
125.24461161545487,242.36038500295473,1600
125.26329663387776,242.3031680803282,1601
125.2825423618102,242.24535942353145,1602
125.30234798345505,242.18696080650912,1603
125.32271269926113,242.12797398987044,1604
125.34363572575577,242.06840072104603,1605
125.36511629537826,242.00824273444388,1606
125.38715365631394,241.94750175160465,1607
125.40974707232945,241.8861794813568,1608
125.43289582260836,241.82427761997062,1609
125.45659920158803,241.76179785131183,1610
125.48085651879705,241.6987418469945,1611
125.50566709869375,241.6351112665333,1612
125.53103028050536,241.5709077574954,1613
125.55694541806817,241.5061329556512,1614
125.58341187966843,241.44078848512513,1615
125.61042904788431,241.37487595854515,1616
125.63799631942857,241.30839697719227,1617
125.66611310499206,241.24135313114877,1618
125.69477882908838,241.17374599944665,1619
125.72399292989896,241.1055771502146,1620
125.75375485911952,241.0368481408252,1621
125.78406408180702,240.9675605180408,1622
125.81492007622766,240.89771581815936,1623
125.84632233370576,240.8273155671594,1624
125.87827035847333,240.75636128084463,1625
125.91076366752084,240.68485446498772,1626
125.94380179044855,240.61279661547377,1627
125.97738426931878,240.54018921844332,1628
126.01151065850915,240.46703375043418,1629
126.04618052456671,240.39333167852374,1630
126.08139344606245,240.31908446046992,1631
126.1171490134474,240.24429354485198,1632
126.15344682890897,240.16896037121097,1633
126.19028650622838,240.09308637018904,1634
126.22766767063884,240.0166729636693,1635
126.26558995868457,239.93972156491407,1636
126.30405301808077,239.86223357870375,1637
126.343056507574,239.78421040147444,1638
126.3826000968039,239.70565342145554,1639
126.42268346616513,239.62656401880665,1640
126.46330630667055,239.54694356575448,1641
126.50446831981498,239.46679342672886,1642
126.5461692174396,239.38611495849875,1643
126.5884087215973,239.30490951030765,1644
126.63118656441863,239.22317842400878,1645
126.67450248797864,239.14092303419977,1646
126.71835624416423,239.0581446683571,1647
126.76274759454223,238.97484464697044,1648
126.80767631022847,238.89102428367605,1649
126.85314217175713,238.80668488539058,1650
126.89914496895089,238.7218277524442,1651
126.945684500792,238.63645417871356,1652
126.99276057529347,238.55056545175452,1653
127.04037300937145,238.46416285293432,1654
127.08852162871787,238.3772476575643,1655
127.13720626767373,238.28982113503145,1656
127.18642676910308,238.2018845489303,1657
127.23618298426754,238.1134391571948,1658
127.28647477270135,238.02448621222945,1659
127.33730200208689,237.93502696104076,1660
127.38866454813096,237.84506264536822,1661
127.44056229444132,237.75459450181552,1662
127.49299513240393,237.6636237619814,1663
127.54596296106047,237.57215165259018,1664
127.59946568698658,237.48017939562305,1665
127.65350322417028,237.387708208448,1666
127.70807549389104,237.2947393039512,1667
127.7631824245992,237.20127389066667,1668
127.81882395179561,237.10731317290777,1669
127.87500001791203,237.01285835089692,1670
127.93171057219166,236.91791062089675,1671
127.98895557056983,236.82247117534013,1672
128.04673497555547,236.72654120296124,1673
128.1050487561125,236.630121888926,1674
128.1638968875418,236.53321441496283,1675
128.22327935136317,236.43581995949347,1676
128.28319613519784,236.33793969776394,1677
128.34364723265094,236.2395748019756,1678
128.4046326431944,236.1407264414162,1679
128.46615237204995,236.04139578259134,1680
128.52820643007237,235.94158398935596,1681
128.59079483363269,235.84129222304605,1682
128.6539176045019,235.74052164261025,1683
128.71757476973437,235.63927340474237,1684
128.7817663615516,235.53754866401343,1685
128.84649241722605,235.4353485730044,1686
128.91175297896496,235.33267428243875,1687
128.97754809379413,235.22952694131598,1688
129.0438778134419,235.12590769704468,1689
129.110742194223,235.0218176955765,1690
129.17814129692235,234.91725808153996,1691
129.24607518667875,234.81222999837513,1692
129.3145439328688,234.70673458846812,1693
129.38354760899026,234.60077299328648,1694
129.45308629254563,234.49434635351437,1695
129.52316006492563,234.38745580918905,1696
129.59376901129193,234.28010249983646,1697
129.66491322046053,234.17228756460895,1698
129.7365927847843,234.06401214242166,1699
129.80880780003557,233.95527737209105,1700
129.88155836528813,233.84608439247236,1701
129.95484458279947,233.73643434259898,1702
130.02866655789225,233.62632836182144,1703
130.10302439883552,233.51576758994722,1704
130.17791821672574,233.40475316738102,1705
130.25334812536718,233.2932862352659,1706
130.32931424115208,233.18136793562448,1707
130.40581668294027,233.06899941150147,1708
130.4828555719384,232.95618180710605,1709
130.5604310315784,232.84291626795536,1710
130.63854318739595,232.7292039410186,1711
130.71719216690775,232.6150459748615,1712
130.7963780994887,232.500443519792,1713
130.8761011162483,232.385397728006,1714
130.95636134990616,232.2699097537344,1715
131.03715893466753,232.15398075339047,1716
131.11849400609722,232.03761188571812,1717
131.20036670099356,231.9208043119411,1718
131.28277715726125,231.80355919591238,1719
131.3657255137834,231.68587770426538,1720
131.44921191029286,231.5677610065647,1721
131.53323648724282,231.44921027545882,1722
131.61779938567625,231.33022668683293,1723
131.70290074709453,231.21081141996308,1724
131.78854071332546,231.09096565767058,1725
131.8747194263898,230.97069058647816,1726
131.96143702836702,230.84998739676607,1727
132.04869366126033,230.72885728293002,1728
132.13648946686007,230.60730144353917,1729
132.22482458660642,230.48532108149595,1730
132.31369916145084,230.36291740419603,1731
132.4031133317163,230.24009162368964,1732
132.49306723695656,230.11684495684415,1733
132.58356101581376,229.99317862550717,1734
132.67459480587522,229.86909385667076,1735
132.76616874352874,229.74459188263697,1736
132.85828296381638,229.6196739411842,1737
132.9509376002873,229.49434127573457,1738
133.04413278484873,229.36859513552247,1739
133.13786864761596,229.2424367757643,1740
133.23214531676032,229.1158674578291,1741
133.32696291835617,228.98888844941033,1742
133.42232157622615,228.86150102469895,1743
133.51822141178454,228.73370646455754,1744
133.61466254387952,228.60550605669545,1745
133.71164508863345,228.47690109584534,1746
133.80916915928142,228.34789288394083,1747
133.90723486600828,228.21848273029528,1748
134.00584231578367,228.08867195178175,1749
134.10499161219545,227.95846187301441,1750
134.20468285528108,227.82785382653088,1751
134.3049161413573,227.69684915297609,1752
134.40569156284752,227.56544920128715,1753
134.50700920810786,227.4336553288796,1754
134.60886916125048,227.30146890183525,1755
134.71127150196543,227.16889129509056,1756
134.81421630533993,227.03592389262715,1757
134.917703641676,226.90256808766304,1758
135.0217335763055,226.7688252828456,1759
135.1263061694031,226.63469689044555,1760
135.2314214757971,226.50018433255252,1761
135.33707954477785,226.36528904127175,1762
135.44328041990377,226.23001245892252,1763
135.55002413880504,226.09435603823746,1764
135.657310732985,225.9583212425638,1765
135.76514022761882,225.82190954606554,1766
135.8735126413498,225.68512243392715,1767
135.98242798608322,225.5479614025591,1768
136.09188626677724,225.4104279598042,1769
136.20188748123164,225.27252362514562,1770
136.3124316198734,225.1342499299166,1771
136.42351866553994,224.99560841751122,1772
136.53514859325924,224.85660064359695,1773
136.64732137002738,224.71722817632823,1774
136.76003695458323,224.57749259656217,1775
136.87329529718005,224.4373954980751,1776
136.9870963393541,224.2969384877808,1777
137.1014400136907,224.15612318595072,1778
137.21632624358665,224.01495122643473,1779
137.33175494300986,223.8734242568842,1780
137.44772601625607,223.73154393897616,1781
137.5642393577019,223.58931194863933,1782
137.68129485155498,223.44672997628103,1783
137.79889237160086,223.30379972701633,1784
137.91703178094644,223.1605229208982,1785
138.0357129317602,223.01690129314952,1786
138.15493566500874,222.8729365943964,1787
138.2746998101904,222.7286305909031,1788
138.3950051850649,222.58398506480847,1789
138.5158515953795,222.439001814364,1790
138.63723883459218,222.29368265417315,1791
138.75916668359022,222.14802941543263,1792
138.881634910406,222.0020439461748,1793
139.00464326992855,221.8557281115119,1794
139.12819150361167,221.70908379388138,1795
139.25227933917805,221.56211289329343,1796
139.37690649031973,221.41481732757944,1797
139.50207265639463,221.26719903264217,1798
139.62777752211906,221.1192599627076,1799
139.75402075725643,220.97100209057797,1800
139.88080201630203,220.82242740788658,1801
140.00812093816336,220.67353792535408,1802
140.13597714583713,220.52433567304598,1803
140.2643702460815,220.37482270063214,1804
140.39329982908427,220.2250010776471,1805
140.52276546812735,220.07487289375257,1806
140.6527667192465,219.9244402590007,1807
140.7833031208871,219.7737053040994,1808
140.91437419355557,219.6226701806787,1809
141.0459794394665,219.4713370615587,1810
141.1781183421853,219.3197081410189,1811
141.3107903662667,219.16778563506892,1812
141.44399495688873,219.0155717817207,1813
141.57773153948227,218.8630688412618,1814
141.71199951935614,218.7102790965305,1815
141.8467982813176,218.55720485319193,1816
141.9821271892887,218.40384844001537,1817
142.11798558591764,218.2502122091533,1818
142.25437279218585,218.0962985364215,1819
142.3912881070104,217.9421098215803,1820
142.52873080684196,217.78764848861718,1821
142.666700145258,217.63291698603072,1822
142.80519535255132,217.47791778711553,1823
142.94421563531404,217.3226533902484,1824
143.08376017601708,217.1671263191758,1825
143.22382813258469,217.01133912330206,1826
143.36441863796452,216.85529437797928,1827
143.50553079969285,216.6989946847975,1828
143.64716369945543,216.54244267187664,1829
143.78931639264326,216.38564099415902,1830
143.93198790790413,216.2285923337029,1831
144.07517724668898,216.07129939997708,1832
144.218883382794,215.91376493015625,1833
144.36310526189803,215.7559916894172,1834
144.50784180109505,215.5979824712359,1835
144.6530918884224,215.4397400976855,1836
144.79885438238387,215.28126741973475,1837
144.94512811146893,215.1225673175473,1838
145.0919118736666,214.96364270078166,1839
145.23920443597538,214.80449650889162,1840
145.38700453390825,214.6451317114275,1841
145.53531087099353,214.4855513083376,1842
145.68412211827086,214.32575833027008,1843
145.83343691378323,214.16575583887573,1844
145.9832538620642,214.0055469271104,1845
146.13357153362125,213.84513471953835,1846
146.28438846441432,213.68452237263526,1847
146.4357031553306,213.5237130750918,1848
146.58751407165485,213.36271004811726,1849
146.7398196425358,213.2015165457431,1850
146.89261826044822,213.04013585512652,1851
147.0459082806515,212.878571296854,1852
147.1996880206437,212.7168262252447,1853
147.35395575961243,212.5549040286533,1854
147.5087097378814,212.39280812977344,1855
147.6639481563536,212.23054198593942,1856
147.81966917595108,212.06810908942867,1857
147.97587091705088,211.9055129677632,1858
148.13255145891787,211.74275718401026,1859
148.28970883913408,211.5798453370825,1860
148.44734105302518,211.41678106203764,1861
148.6054460530837,211.2535680303766,1862
148.76402174838938,211.0902099503413,1863
148.92306600402662,210.92671056721096,1864
149.08257664049967,210.76307366359774,1865
149.24255143314468,210.59930305974038,1866
149.40298811154,210.43540261379746,1867
149.56388435891355,210.27137622213831,1868
149.725237811549,210.1072278196329,1869
149.88704605818896,209.94296137994007,1870
150.04930663943742,209.7785809157937,1871
150.21201704716,209.61409047928709,1872
150.3751747238828,209.44949416215567,1873
150.5387770621903,209.28479609605725,1874
150.70282140412223,209.12000045284995,1875
150.86730504056905,208.9551114448682,1876
151.0322252106677,208.790133325196,1877
151.19757910119594,208.62507038793757,1878
151.36336384596723,208.45992696848518,1879
151.5295765252252,208.29470744378457,1880
151.69621416503844,208.1294162325968,1881
151.86327373669596,207.9640577957572,1882
152.03075215610286,207.7986366364313,1883
152.1986462831775,207.63315730036683,1884
152.36695292124963,207.4676243761426,1885
152.53566881645972,207.30204249541342,1886
152.70479065716054,207.13641633315132,1887
152.87431507332025,206.97075060788262,1888
153.04423863592822,206.80505008192088,1889
153.21455785640296,206.63931956159558,1890
153.38526918600323,206.47356389747625,1891
153.55636901524213,206.30778798459193,1892
153.7278536733047,206.14199676264593,1893
153.89971942746953,205.97619521622542,1894
154.07196248253388,205.81038837500614,1895
154.24457898024383,205.64458131395136,1896
154.41756499872872,205.47877915350594,1897
154.5909165519411,205.31298705978406,1898
154.76462958910165,205.14721024475156,1899
154.9386999941501,204.98145396640217,1900
155.11312358520252,204.81572352892704,1901
155.28789611401444,204.6500242828789,1902
155.46301326545165,204.48436162532818,1903
155.63847065696748,204.3187410000139,1904
155.81426383808827,204.1531678974862,1905
155.99038828990632,203.98764785524278,1906
156.16683942458172,203.82218645785707,1907
156.34361258485262,203.65678933709967,1908
156.52070304355465,203.49146217205126,1909
156.6981060031502,203.32621068920815,1910
156.8758165952672,203.16104066257935,1911
157.05382988024894,202.99595791377524,1912
157.23214084671412,202.8309683120878,1913
157.41074441112832,202.66607777456213,1914
157.58963541738726,202.50129226605878,1915
157.76880863641185,202.33661779930688,1916
157.94825876575587,202.17206043494815,1917
158.12798042922697,202.0076262815711,1918
158.3079681765201,201.84332149573527,1919
158.4882164828657,201.67915228198584,1920
158.66871974869156,201.51512489285756,1921
158.84947229929963,201.35124562886867,1922
159.0304683845576,201.18752083850373,1923
159.21170217860663,201.023956918186,1924
159.3931677795843,200.86056031223856,1925
159.57485920936475,200.69733751283414,1926
159.7567704133151,200.53429505993327,1927
159.93889526006964,200.37143954121157,1928
160.12122754132145,200.20877759197387,1929
160.30376097163224,200.0463158950575,1930
160.486489188261,199.8840611807224,1931
160.66940575101174,199.7220202265293,1932
160.85250414210037,199.5601998572048,1933
161.03577776604158,199.398606944494,1934
161.21921994955656,199.2372484069997,1935
161.4028239415007,199.07613121000855,1936
161.58658291281304,198.91526236530373,1937
161.7704899564868,198.7546489309641,1938
161.95453808756253,198.5942980111492,1939
162.13872024314279,198.4342167558708,1940
162.3230292824303,198.27441236075003,1941
162.5074579867888,198.11489206676004,1942
162.69199905982754,197.95566315995472,1943
162.8766451275096,197.7967329711822,1944
163.06138873828453,197.6381088757839,1945
163.24622236324535,197.47979829327895,1946
163.43113839631056,197.32180868703276,1947
163.61612915443138,197.16414756391123,1948
163.80118687782453,197.00682247391924,1949
163.9863037302307,196.84984100982368,1950
164.17147179919934,196.69321080676102,1951
164.35668309639962,196.53693954182918,1952
164.54192955795824,196.38103493366413,1953
164.727203044824,196.22550474199943,1954
164.91249534315966,196.07035676721125,1955
165.09779816476086,195.91559884984636,1956
165.28310314750297,195.7612388701346,1957
165.46840185581536,195.60728474748498,1958
165.65368578118384,195.45374443996556,1959
165.83894634268088,195.30062594376727,1960
166.02417488752437,195.14793729265128,1961
166.20936269166432,194.99568655738025,1962
166.39450096039823,194.84388184513298,1963
166.57958082901504,194.69253129890325,1964
166.76459336346727,194.5416430968819,1965
166.94952956107207,194.39122545182275,1966
167.13438035124082,194.2412866103924,1967
167.31913659623714,194.09183485250367,1968
167.50378909196408,193.94287849063295,1969
167.688328568779,193.7944258691214,1970
167.87274569233753,193.6464853634599,1971
168.05703106446597,193.49906537955871,1972
168.24117522406172,193.35217435300038,1973
168.42516864802187,193.2058207482775,1974
168.60900175220007,193.0600130580147,1975
168.79266489239095,192.914759802175,1976
168.97614836534223,192.77006952725105,1977
169.15944240979476,192.62595080544062,1978
169.34253720754867,192.4824122338079,1979
169.52542288455749,192.33946243342916,1980
169.70808951204805,192.1971100485241,1981
169.89052710766762,192.05536374557252,1982
170.07272563665572,191.91423221241726,1983
170.25467501304283,191.7737241573522,1984
170.43636510087345,191.63384830819743,1985
170.61778571545398,191.4946134113602,1986
170.7989266246256,191.35602823088306,1987
170.97977755006042,191.21810154747854,1988
171.1603281685812,191.0808421575516,1989
171.340568113504,190.94425887220933,1990
171.52048697600358,190.80836051625897,1991
171.70007430650003,190.6731559271935,1992
171.87931961606694,190.53865395416665,1993
172.05821237786049,190.4048634569559,1994
172.23674202856816,190.2717933049156,1995
172.41489796987747,190.13945237591926,1996
172.5926695699626,190.0078495552923,1997
172.7700461649904,189.87699373473427,1998
172.94701706064205,189.74689381123315,1999
173.1235715336534,189.6175586859702,2000
173.29969883337003,189.4889972632163,2001
173.47538818331742,189.3612184492208,2002
173.6506287827866,189.23423115109276,2003
173.82540980843243,189.10804427567518,2004
173.99972041588538,188.9826667284125,2005
174.1735497413748,188.85810741221235,2006
174.34688690336472,188.73437522630118,2007
174.51972100419783,188.61147906507514,2008
174.69204113175167,188.48942781694635,2009
174.86383636110068,188.36823036318455,2010
175.03509575618907,188.24789557675552,2011
175.20580837150771,188.1284323211561,2012
175.37596325377925,188.00984944924642,2013
175.5455494436472,187.89215580208068,2014
175.71455597736912,187.77536020773536,2015
175.88297188851422,187.65947148013677,2016
176.050786209662,187.5444984178881,2017
176.21798797410315,187.43044980309648,2018
176.38456621754096,187.31733440019968,2019
176.55050997979123,187.20516095479522,2020
176.71580830648307,187.09393819246966,2021
176.88045025075425,186.98367481763063,2022
177.0444248749466,186.87437951234128,2023
177.20772125229522,186.76606093515784,2024
177.37032846861226,186.6587277199708,2025
177.53223562396667,186.55238847485,2026
177.6934318343549,186.44705178089515,2027
177.85390623336517,186.34272619109018,2028
178.01364797383238,186.23942022916475,2029
178.17264622948287,186.13714238846103,2030
178.33089019656947,186.0359011308075,2031
178.488369095496,185.93570488539962,2032
178.645072172424,185.83656204768883,2033
178.80098870087545,185.73848097827909,2034
178.95610798331313,185.6414700018327,2035
179.1104193527111,185.54553740598382,2036
179.2639121741055,185.45069144026397,2037
179.4165758461327,185.35694031503516,2038
179.5683998025476,185.26429220043482,2039
179.719373513724,185.1727552253312,2040
179.86948648814462,185.08233747629,2041
180.01872827381698,184.9930469965538,2042
180.16708845985363,184.9048917850307,2043
180.31455667767827,184.81787979529952,2044
180.4611226026,184.73201893462436,2045
180.60677595512863,184.6473170629846,2046
180.75150650232283,184.56378199211693,2047
180.89530405913442,184.4814214845725,2048
181.03815848970572,184.4002432527875,2049
181.18005970865667,184.32025495816887,2050
181.32099768233567,184.2414642101936,2051
181.4609624300546,184.163878565525,2052
181.5999440252891,184.08750552714264,2053
181.73793259685678,184.0123525434883,2054
181.87491833006635,183.9384270076284,2055
182.01089146784076,183.8657362564314,2056
182.14584231180865,183.79428756976176,2057
182.27976122337282,183.7240881696908,2058
182.4126386247449,183.65514521972312,2059
182.54446499995302,183.58746582404015,2060
182.67523089582124,183.52105702676099,2061
182.80492692291796,183.45592581121826,2062
182.9335437564734,183.39207909925338,2063
183.06107213727077,183.3295237505273,2064
183.18750287250313,183.2682665618479,2065
183.31282683660262,183.2083142665161,2066
183.43703497203865,183.1496735336871,2067
183.5601182900851,183.09235096775095,2068
183.68206787155685,183.03635310772714,2069
183.8028748675177,182.98168642667952,2070
183.92253049995506,182.9283573311458,2071
184.04102606242557,182.8763721605854,2072
184.15835292066993,182.82573718684108,2073
184.2745025131982,182.77645861362302,2074
184.38946635184342,182.72854257600238,2075
184.50323602228585,182.68199513992673,2076
184.61580318454784,182.63682230174848,2077
184.72715957345804,182.59302998777048,2078
184.83729699908662,182.55062405380826,2079
184.94620734715076,182.5096102847646,2080
185.05388257939214,182.46999439422396,2081
185.16031473392442,182.431782024058,2082
185.2654959255539,182.39497874404807,2083
185.36941834607043,182.359590051521,2084
185.47207426451197,182.32562137100035,2085
185.57345602740202,182.29307805387037,2086
185.67355605895884,182.26196537805313,2087
185.77236686127975,182.232288547701,2088
185.86988101449873,182.20405269289893,2089
185.96609117691924,182.17726286938245,2090
186.0609900851209,182.15192405826375,2091
186.1545705540429,182.12804116577283,2092
186.2468254770431,182.10561902300864,2093
186.33774782593412,182.08466238570017,2094
186.42733065099557,182.06517593397865,2095
186.515567080966,182.04716427216033,2096
186.60245032301157,182.03063192853642,2097
186.68797366267458,182.0155833551743,2098
186.77213046380217,182.00202292772587,2099
186.85491416845394,181.98995494524425,2100
186.9363182967928,181.97938363000776,2101
187.01633644695525,181.97031312734953,2102
187.094962294906,181.96274750549705,2103
187.17218959427458,181.95669075541332,2104
187.24801217617605,181.95214679064574,2105
187.3224239490169,181.94911944717978,2106
187.3954188982855,181.94761248329473,2107
187.46699108632924,181.94762957942604,2108
187.5371346521182,181.94917433802846,2109
187.6058438109965,181.95225028344265,2110
187.67311285442238,181.956860861763,2111
187.73893614969703,181.96300944070833,2112
187.8033081396839,181.97069930949073,2113
187.866223342518,181.9799336786874,2114
187.92767635130807,181.99071568010967,2115
187.98766183383,182.00304836667246,2116
188.04617453221397,182.01693471226133,2117
188.10320926262568,182.03237761159895,2118
188.1587609149424,182.04937988010525,2119
188.21282445242448,182.06794425375796,2120
188.26539491138394,182.0880733889473,2121
188.31646740084992,182.1097698623248,2122
188.36603710223235,182.1330361706515,2123
188.41409926898478,182.1578747306343,2124
188.46064922626732,182.1842878787599,2125
188.50568237060995,182.21227787112264,2126
188.54919416957705,182.24184688323967,2127
188.59118016143495,182.27299700986424,2128
188.6316359548226,182.305730264786,2129
188.67055722842542,182.3400485806248,2130
188.70793973065506,182.37595380861154,2131
188.7437792793342,182.41344771836262,2132
188.778071761388,182.4525319976401,2133
188.81081313254293,182.49320825210222,2134
188.84199941703338,182.53547800504253,2135
188.87162670731774,182.579342697114,2136
188.89969116380394,182.62480368604275,2137
188.92618901458508,182.67186224632755,2138
188.95111655518735,182.7205195689248,2139
188.9744701483292,182.77077676091875,2140
188.9962462236939,182.82263484517887,2141
189.0164412777153,182.8760947599994,2142
189.03505187337888,182.93115735872513,2143
189.05207464003698,182.98782340935884,2144
189.06750627324075,183.04609359415397,2145
189.08134353458826,183.10596850918938,2146
189.09358325159056,183.16744866392656,2147
189.10422231755578,183.23053448075032,2148
189.11325769149153,183.29522629448815,2149
189.12068639802797,183.3615243519153,2150
189.12650552736034,183.42942881123773,2151
189.13071223521257,183.49893974155708,2152
189.13330374282324,183.57005712231702,2153
189.1342773369532,183.642780842728,2154
189.13363036991626,183.7171107011739,2155
189.1313602596339,183.79304640459767,2156
189.12746448971413,183.87058756786644,2157
189.12194060955528,183.9497337131158,2158
189.11478623447493,184.03048426907517,2159
189.10599904586596,184.11283857036898,2160
189.09557679137814,184.1967958568006,2161
189.08351728512798,184.2823552726117,2162
189.06981840793588,184.36951586572312,2163
189.05447810759196,184.45827658695268,2164
189.03749439915057,184.54863628921248,2165
189.0188653652547,184.64059372668484,2166
188.99858915648977,184.7341475539767,2167
188.97666399176848,184.82929632525355,2168
188.9530881587459,184.92603849335097,2169
188.92786001426643,185.02437240886607,2170
188.90097798484234,185.12429631922762,2171
188.87244056716477,185.22580836774577,2172
188.8422463286466,185.3289065926407,2173
188.8103939079994,185.43358892605082,2174
188.7768820158428,185.53985319302186,2175
188.74170943534773,185.647697110475,2176
188.70487502291436,185.75711828615567,2177
188.66637770888323,185.8681142175636,2178
188.62621649828174,185.98068229086343,2179
188.5843904716053,186.09481977977782,2180
188.54089878563303,186.21052384446085,2181
188.49574067428,186.32779153035617,2182
188.4489154494832,186.44661976703608,2183
188.4004225021244,186.56700536702454,2184
188.3502613029883,186.68894502460603,2185
188.2984314037566,186.8124353146157,2186
188.24493243803803,186.93747269121843,2187
188.18976412243404,187.06405348667073,2188
188.13292625764112,187.19217391007146,2189
188.07441872958833,187.32183004609914,2190
188.0142415106118,187.453017853737,2191
187.95239466066428,187.58573316498774,2192
187.88887832856068,187.71997168357788,2193
187.82369275325976,187.85572898365254,2194
187.7568382651808,187.99300050846227,2195
187.68831528755612,188.13178156904215,2196
187.61812433781805,188.27206734288438,2197
187.5462660290218,188.413852872606,2198
187.47274107130153,188.55713306461155,2199
187.39755027336184,188.70190268775306,2200
187.32069454400272,188.8481563719872,2201
187.24217489367777,188.99588860703284,2202
187.16199243608543,189.1450937410269,2203
187.0801483897931,189.2957659791834,2204
186.9966440798931,189.44789938245452,2205
186.91148093968988,189.60148786619536,2206
186.82466051241815,189.7565251988352,2207
186.7361844529914,189.91300500055416,2208
186.6460545297794,190.07092074196916,2209
186.5542726264152,190.23026574282878,2210
186.46084074362898,190.39103317071934,2211
186.36576100111063,190.55321603978376,2212
186.26903563939655,190.71680720945426,2213
186.17066702178371,190.8817993832007,2214
186.07065763626647,191.04818510729604,2215
185.96901009749806,191.21595676960106,2216
185.86572714877315,191.38510659836876,2217
185.7608116640325,191.55562666107153,2218
185.6542666498869,191.72750886325161,2219
185.54609524765985,191.90074494739738,2220
185.4363007354487,192.07532649184648,2221
185.3248865302004,192.25124490971814,2222
185.21185618980294,192.42849144787579,2223
185.09721341519023,192.60705718592249,2224
184.98096205245824,192.78693303523045,2225
184.86310609499162,192.96810973800643,2226
184.7436496855997,193.150577866395,2227
184.62259711865795,193.33432782162137,2228
184.4999528422569,193.51934983317605,2229
184.37572146035265,193.7056339580422,2230
184.2499077349211,193.89317007996826,2231
184.12251658810968,194.08194790878792,2232
183.99355310438992,194.27195697978823,2233
183.8630225327039,194.4631866531286,2234
183.73093028860526,194.65562611331222,2235
183.5972819563935,194.84926436871174,2236
183.46208329123547,195.0440902511506,2237
183.32534022127703,195.24009241554248,2238
183.18705884973858,195.4372593395904,2239
183.04724545699423,195.6355793235468,2240
182.90590650263198,195.83504049003693,2241
182.763048627492,196.03563078394708,2242
182.61867865568038,196.23733797237898,2243
182.47280359655727,196.44014964467263,2244
182.32543064669716,196.64405321249902,2245
182.17656719181278,196.84903591002342,2246
182.02622080865143,197.05508479414277,2247
181.87439926684976,197.26218674479668,2248
181.721110530751,197.47032846535467,2249
181.56636276117874,197.6794964830808,2250
181.41016431716838,197.88967714967728,2251
181.25252375764703,198.10085664190777,2252
181.09344984306594,198.3130209623026,2253
180.93295153697727,198.52615593994665,2254
180.77103800755978,198.74024723135088,2255
180.60771862907626,198.95528032140902,2256
180.44300298327704,199.1712405244406,2257
180.2769008607343,199.38811298532102,2258
180.1094222621127,199.60588268069918,2259
179.94057739937398,199.8245344203051,2260
179.77037669686825,200.04405284834658,2261
179.5988307924233,200.2644224449964,2262
179.4259505382852,200.4856275279712,2263
179.25174700200972,200.7076522542018,2264
179.07623146726567,200.9304806215957,2265
178.8994154345382,201.1540964708929,2266
178.7213106217528,201.37848348761403,2267
178.54192896480075,201.6036252041026,2268
178.36128261796756,201.82950500166024,2269
178.1793839542616,202.05610611277598,2270
177.99624556563953,202.2834116234489,2271
177.81188026313015,202.51140447560473,2272
177.6263010768461,202.7400674696053,2273
177.4395212558868,202.9693832668519,2274
177.2515542681292,203.19933439248078,2275
177.06241379990183,203.42990323815135,2276
176.8721137555416,203.6610720649262,2277
176.68066825682928,203.89282300624225,2278
176.48809164230423,204.1251380709723,2279
176.2943984664532,204.35799914657628,2280
176.09960349877116,204.59138800234132,2281
175.90372172269664,204.82528629270928,2282
175.70676833441274,205.0596755606911,2283
175.50875874151788,205.29453724136627,2284
175.30970856156165,205.5298526654667,2285
175.1096336204454,205.76560306304287,2286
174.90854995068477,206.0017695672113,2287
174.70647378953416,206.23833321798202,2288
174.50342157697247,206.4752749661628,2289
174.29940995354707,206.7125756773409,2290
174.09445575807618,206.9502161359381,2291
173.88857602521045,207.1881770493382,2292
173.68178798284976,207.4264390520849,2293
173.474109049418,207.66498271014788,2294
173.26555683099437,207.9037885252543,2295
173.05614911830023,208.14283693928422,2296
172.84590388354326,208.38210833872728,2297
172.63483927711812,208.62158305919772,2298
172.42297362416366,208.86124139000572,2299
172.21032542097907,209.1010635787824,2300
171.99691333129758,209.34102983615566,2301
171.78275618242037,209.58112034047357,2302
171.56787296121078,209.8213152425737,2303
171.3522828099507,210.06159467059427,2304
171.13600502206117,210.30193873482483,2305
170.91905903768745,210.54232753259316,2306
170.7014644391521,210.78274115318553,2307
170.48324094627742,211.02315968279697,2308
170.26440841157955,211.26356320950822,2309
170.04498681533713,211.50393182828677,2310
169.8249962605367,211.74424564600798,2311
169.6044569676985,211.9844847864932,2312
169.38338926958474,212.22462939556175,2313
169.1618136057949,212.46465964609317,2314
168.93975051725062,212.70455574309594,2315
168.71722064057363,212.94429792878043,2316
168.49424470236167,213.18386648763087,2317
168.27084351336558,213.4232417514744,2318
168.04703796257127,213.6624041045428,2319
167.82284901119272,213.9013339885236,2320
167.59829768657832,214.14001190759745,2321
167.37340507603682,214.37841843345726,2322
167.14819232058684,214.6165342103069,2323
166.9226806086357,214.85433995983465,2324
166.69689116959128,215.09181648615885,2325
166.470845267414,215.32894468074187,2326
166.2445641941126,215.56570552726893,2327
166.01806926319014,215.80208010648823,2328
165.79138180304554,216.0380496010093,2329
165.56452315033607,216.27359530005606,2330
165.33751464330695,216.50869860417092,2331
165.11037761509385,216.74334102986708,2332
164.88313338700337,216.97750421422546,2333
164.65580326177908,217.2111699194333,2334
164.42840851685727,217.44432003726087,2335
164.20097039762004,217.6769365934736,2336
163.9735101106506,217.90900175217647,2337
163.74604881699779,218.14049782008746,2338
163.51860762545525,218.37140725073735,2339
163.29120758586183,218.6017126485933,2340
163.063869682429,218.83139677310257,2341
162.83661482710153,219.06044254265487,2342
162.60946385295748,219.28883303845973,2343
162.38243750765298,219.51655150833705,2344
162.15555644691906,219.7435813704179,2345
161.92884122811458,219.9699062167537,2346
161.70231230384258,220.19550981683122,2347
161.47599001563503,220.42037612099125,2348
161.24989458771188,220.64448926374914,2349
161.02404612081966,220.86783356701528,2350
160.7984645861553,221.09039354321303,2351
160.5731698193805,221.31215389829336,2352
160.34818151473138,221.533099534644,2353
160.12351921922908,221.75321555389147,2354
159.89920232699544,221.972487259595,2355
159.67525007367928,222.19090015983082,2356
159.4516815309971,222.4084399696658,2357
159.22851560139316,222.62509261351897,2358
159.0057710128226,222.8408442274106,2359
158.7834663136623,223.0556811610976,2360
158.5616198677527,223.26958998009468,2361
158.34024984957477,223.4825574675805,2362
158.11937423956476,223.69457062618875,2363
157.89901081957146,223.9056166796833,2364
157.679177168457,224.11568307451753,2365
157.45989065784613,224.32475748127771,2366
157.241168448025,224.53282779601008,2367
157.02302748399256,224.73988214143242,2368
156.80548449166704,224.94590886802936,2369
156.5885559742486,225.15089655503292,2370
156.3722582087411,225.3548340112876,2371
156.1566072426333,225.5577102760015,2372
155.94161889074203,225.75951461938328,2373
155.72730873221732,225.9602365431668,2374
155.51369210771134,226.1598657810231,2375
155.3007841167112,226.35839229886167,2376
155.08859961503654,226.55580629502145,2377
154.8771532125017,226.75209820035312,2378
154.66645927074288,226.9472586781936,2379
154.45653190121035,227.14127862423462,2380
154.24738496332452,227.334149166286,2381
154.03903206279642,227.52586166393604,2382
153.83148655011098,227.71640770810978,2383
153.62476151917264,227.90577912052765,2384
153.4188698061122,228.0939679530655,2385
153.21382398825335,228.28096648701828,2386
153.0096363832376,228.46676723226892,2387
152.8063190483061,228.65136292636512,2388
152.60388377973644,228.83474653350473,2389
152.40234211243248,229.01691124343313,2390
152.20170531966497,229.19785047025385,2391
152.00198441296146,229.3775578511552,2392
151.80319014214206,229.5560272450543,2393
151.60533299549948,229.73325273116183,2394
151.40842320012024,229.90922860746895,2395
151.2124707223445,230.08394938915887,2396
151.01748526836178,230.2574098069458,2397
150.82347628493926,230.42960480534333,2398
150.63045296028028,230.6005295408647,2399
150.4384242250091,230.77017938015726,2400
150.24739875327978,230.93854989807392,2401
150.0573849640045,231.10563687568347,2402
149.86839102219975,231.27143629822316,2403
149.6804248404453,231.43594435299465,2404
149.49349408045376,231.59915742720716,2405
149.3076061547465,231.76107210576933,2406
149.1227682284328,231.92168516903274,2407
148.93898722108852,232.08099359048927,2408
148.7562698087307,232.238994534425,2409
148.57462242588463,232.39568535353297,2410
148.39405126773948,232.5510635864868,2411
148.21456229238925,232.70512695547856,2412
148.03616122315498,232.857873363722,2413
147.85885355098512,233.0093008929249,2414
147.68264453692979,233.1594078007311,2415
147.5075392146861,233.30819251813645,2416
147.33354239321002,233.45565364687945,2417
147.16065865939225,233.60178995680963,2418
146.98889238079363,233.74660038323543,2419
146.81824770843727,233.89008402425372,2420
146.64872857965352,234.03224013806422,2421
146.48033872097452,234.1730681402682,2422
146.3130816510748,234.31256760115753,2423
146.14696068375505,234.45073824299158,2424
145.98197893096489,234.58757993726803,2425
145.81813930586225,234.7230927019862,2426
145.65544452590598,234.85727669890727,2427
145.493897115978,234.99013223081158,2428
145.33349941153278,235.12165973875548,2429
145.1742535617704,235.25185979932948,2430
145.01616153283103,235.3807331219193,2431
144.85922511100685,235.50828054597073,2432
144.7034459059699,235.63450303826173,2433
144.5488253540121,235.75940169018122,2434
144.39536472129552,235.882977715017,2435
144.2430651071095,236.00523244525465,2436
144.09192744713303,236.1261673298882,2437
143.9419525166992,236.2457839317433,2438
143.79314093405983,236.36408392481619,2439
143.64549316364764,236.48106909162732,2440
143.499009519334,236.59674132059237,2441
143.35369016768,236.7111026034113,2442
143.20953513117877,236.82415503247657,2443
143.06654429148708,236.9359007983012,2444
142.92471739264442,237.0463421869688,2445
142.78405404427747,237.15548157760452,2446
142.64455372478827,237.2633214398704,2447
142.50621578452464,237.36986433148329,2448
142.36903944893106,237.4751128957583,2449
142.2330238216781,237.57906985917728,2450
142.0981678877698,237.6817380289835,2451
141.9644705166265,237.78312029080294,2452
141.8319304651428,237.88321960629372,2453
141.70054638071875,237.98203901082223,2454
141.57031680426317,238.0795816111693,2455
141.44124017316827,238.17585058326404,2456
141.31331482425398,238.27084916994855,2457
141.18653899668163,238.36458067877112,2458
141.06091083483545,238.45704847981105,2459
140.93642839117126,238.54825600353325,2460
140.81308962903174,238.63820673867434,2461
140.690892425427,238.72690423015987,2462
140.5698345737803,238.81435207705283,2463
140.44991378663795,238.90055393053444,2464
140.33112769834273,238.98551349191612,2465
140.21347386767067,239.06923451068434,2466
140.0969497804301,239.15172078257697,2467
139.98155285202336,239.23297614769248,2468
139.86728042996972,239.3130044886309,2469
139.75412979639034,239.39180972866785,2470
139.6420981704538,239.4693958299605,2471
139.53118271078296,239.54576679178598,2472
139.42138051782206,239.62092664881249,2473
139.3126886361648,239.6948794694023,2474
139.20510405684234,239.76762935394746,2475
139.09862371957158,239.83918043323706,2476
138.99324451496406,239.90953686685697,2477
138.8889632866944,239.97870284162133,2478
138.78577683362923,240.04668257003584,2479
138.68368191191644,240.11348028879243,2480
138.58267523703432,240.1791002572954,2481
138.48275348580142,240.2435467562187,2482
138.3839132983467,240.30682408609414,2483
138.28615128004012,240.36893656593026,2484
138.18946400338467,240.42988853186193,2485
138.09384800986862,240.48968433582965,2486
137.99929981177954,240.54832834428925,2487
137.9058158939796,240.60582493695082,2488
137.81339271564255,240.6621785055474,2489
137.72202671195305,240.71739345263214,2490
137.6317142957677,240.77147419040523,2491
137.54245185923935,240.82442513956752,2492
137.45423577540407,240.8762507282043,2493
137.36706239973142,240.92695539069499,2494
137.28092807163847,240.97654356665151,2495
137.19582911596805,241.02501969988293,2496
137.11176184443104,241.07238823738703,2497
137.02872255701416,241.11865362836866,2498
136.94670754335223,241.16382032328312,2499
136.86571308406673,241.20789277290626,2500
136.7857354520704,241.25087542742872,2501
136.70677091383803,241.29277273557616,2502
136.62881573064462,241.33358914375296,2503
136.5518661597708,241.37332909521055,2504
136.47591845567635,241.4119970292398,2505
136.40096887114166,241.4495973803858,2506
136.3270136583787,241.48613457768636,2507
136.2540490701104,241.52161304393337,2508
136.1820713606209,241.5560371949553,2509
136.11107678677493,241.58941143892238,2510
136.04106160900864,241.62174017567312,2511
135.97202209229152,241.65302779606165,2512
135.90395450705984,241.68327868132593,2513
135.8368551301223,241.7124972024759,2514
135.77072024553843,241.7406877197023,2515
135.70554614547,241.76785458180436,2516
135.64132913100624,241.79400212563687,2517
135.57806551296278,241.81913467557618,2518
135.5157516126557,241.84325654300446,2519
135.45438376264997,241.86637202581232,2520
135.39395830748396,241.88848540791875,2521
135.33447160436972,241.9096009588087,2522
135.27592002386962,241.92972293308756,2523
135.21829995055003,241.94885557005222,2524
135.16160778361257,241.96700309327863,2525
135.10583993750268,241.98416971022516,2526
135.05099284249707,242.00035961185134,2527
134.99706294526953,242.01557697225223,2528
134.9440467094362,242.02982594830783,2529
134.89194061608018,242.04311067934626,2530
134.8407411642565,242.05543528682242,2531
134.79044487147755,242.0668038740093,2532
134.74104827417926,242.07722052570418,2533
134.6925479281689,242.08668930794718,2534
134.64494040905447,242.09521426775325,2535
134.59822231265636,242.1027994328567,2536
134.55239025540178,242.10944881146835,2537
134.50744087470184,242.11516639204456,2538
134.46337082931237,242.119956143068,2539
134.4201767996784,242.1238220128403,2540
134.37785548826272,242.12676792928553,2541
134.33640361985937,242.12879779976484,2542
134.29581794189164,242.12991551090175,2543
134.2560952246956,242.13012492841798,2544
134.21723226178935,242.12942989697908,2545
134.1792258701282,242.12783424005025,2546
134.14207289034638,242.12534175976182,2547
134.10577018698518,242.1219562367838,2548
134.07031464870857,242.11768143020993,2549
134.03570318850595,242.11252107745025,2550
134.00193274388266,242.1064788941326,2551
133.96900027703887,242.09955857401272,2552
133.9369027750362,242.09176378889168,2553
133.9056372499538,242.08309818854246,2554
133.8752007390329,242.07356540064322,2555
133.8455903048108,242.06316903071897,2556
133.81680303524453,242.0519126620898,2557
133.78883604382443,242.03979985582677,2558
133.76168646967758,242.02683415071434,2559
133.73535147766222,242.01301906321999,2560
133.70982825845232,241.9983580874696,2561
133.6851140286135,241.98285469522997,2562
133.66120603067014,241.96651233589682,2563
133.63810153316388,241.94933443648927,2564
133.615797830704,241.93132440164962,2565
133.59429224400972,241.91248561364915,2566
133.57358211994477,241.8928214323991,2567
133.55366483154452,241.87233519546697,2568
133.53453777803557,241.85103021809803,2569
133.51619838484868,241.82890979324145,2570
133.4986441036244,241.80597719158177,2571
133.4818724122124,241.78223566157448,2572
133.46588081466427,241.75768842948636,2573
133.45066684122014,241.73233869944002,2574
133.43622804828917,241.70618965346299,2575
133.42256201842432,241.67924445154034,2576
133.40966636029162,241.65150623167148,2577
133.39753870863376,241.62297810993127,2578
133.3861767242285,241.5936631805336,2579
133.37557809384222,241.56356451589986,2580
133.36574053017821,241.53268516672986,2581
133.3566617718206,241.50102816207658,2582
133.34833958317344,241.46859650942395,2583
133.34077175439552,241.43539319476767,2584
133.33395610133093,241.40142118269904,2585
133.32789046543544,241.36668341649178,2586
133.3225727136993,241.33118281819137,2587
133.31800073856556,241.29492228870723,2588
133.3141724578455,241.25790470790741,2589
133.31108581463002,241.22013293471593,2590
133.30873877719793,241.18160980721214,2591
133.30712933892087,241.14233814273254,2592
133.30625551816516,241.10232073797502,2593
133.30611535819065,241.06156036910477,2594
133.3067069270467,241.02005979186282,2595
133.30802831746544,240.9778217416757,2596
133.3100776467523,240.93484893376802,2597
133.31285305667424,240.8911440632757,2598
133.3163527133452,240.8467098053621,2599
133.32057480710964,240.80154881533488,2600
133.32551755242352,240.75566372876477,2601
133.33117918773354,240.7090571616062,2602
133.33755797535386,240.66173171031866,2603
133.34465220134155,240.6136899519903,2604
133.3524601753696,240.564934444462,2605
133.36098023059864,240.51546772645378,2606
133.37021072354668,240.4652923176909,2607
133.38015003395748,240.414410719033,2608
133.39079656466754,240.36282541260252,2609
133.40214874147128,240.31053886191586,2610
133.41420501298518,240.25755351201403,2611
133.42696385051076,240.20387178959544,2612
133.44042374789598,240.14949610314898,2613
133.45458322139592,240.09442884308797,2614
133.46944080953213,240.03867238188556,2615
133.48499507295114,239.98222907420998,2616
133.50124459428193,239.9251012570613,2617
133.5181879779926,239.86729124990873,2618
133.5358238502462,239.80880135482818,2619
133.55415085875583,239.74963385664108,2620
133.573167672639,239.6897910230535,2621
133.59287298227125,239.62927510479574,2622
133.61326549913943,239.56808833576264,2623
133.6343439556941,239.50623293315437,2624
133.6561071052017,239.44371109761795,2625
133.6785537215959,239.38052501338845,2626
133.7016825993291,239.3166768484316,2627
133.7254925532228,239.2521687545864,2628
133.74998241831844,239.18700286770766,2629
133.77515104972704,239.12118130780996,2630
133.8009973224794,239.05470617921065,2631
133.82752013137556,238.9875795706745,2632
133.85471839083425,238.91980355555768,2633
133.88259103474198,238.85138019195225,2634
133.91113701630223,238.7823115228315,2635
133.94035530788443,238.71259957619466,2636
133.97024490087273,238.6422463652124,2637
134.00080480551475,238.57125388837255,2638
134.03203405077053,238.49962412962577,2639
134.06393168416116,238.42735905853172,2640
134.09649677161735,238.35446063040519,2641
134.1297283973286,238.28093078646242,2642
134.1636256635915,238.20677145396792,2643
134.19818769065893,238.13198454638092,2644
134.23341361658896,238.05657196350253,2645
134.26930259709366,237.9805355916226,2646
134.30585380538844,237.90387730366683,2647
134.34306643204113,237.8265989593444,2648
134.3809396848215,237.74870240529515,2649
134.41947278855056,237.6701894752373,2650
134.45866498495036,237.59106199011498,2651
134.49851553249363,237.51132175824645,2652
134.539023706254,237.43097057547166,2653
134.58018879775577,237.35001022530045,2654
134.6220101148244,237.2684424790609,2655
134.66448698143708,237.18626909604728,2656
134.70761873757314,237.103491823669,2657
134.75140473906504,237.0201123975988,2658
134.7958443574493,236.93613254192152,2659
134.8409369798178,236.85155396928292,2660
134.886682008669,236.7663783810386,2661
134.93307886175967,236.68060746740315,2662
134.98012697195648,236.59424290759935,2663
135.02782578708795,236.50728637000736,2664
135.07617476979664,236.41973951231444,2665
135.12517339739114,236.3316039816646,2666
135.1748211616988,236.24288141480818,2667
135.225117568918,236.153573438252,2668
135.27606213947107,236.06368166840966,2669
135.32765440785695,235.97320771175157,2670
135.3798939225043,235.88215316495564,2671
135.43278024562443,235.7905196150581,2672
135.48631295306467,235.69830863960416,2673
135.54049163416153,235.6055218067997,2674
135.59531589159408,235.5121606756617,2675
135.65078534123754,235.41822679617098,2676
135.7068996120164,235.32372170942324,2677
135.76365834575842,235.22864694778156,2678
135.82106119704795,235.1330040350286,2679
135.87910783307944,235.03679448651957,2680
135.9377979335112,234.94001980933479,2681
135.99713119031878,234.84268150243332,2682
136.05710730764858,234.74478105680643,2683
136.1177260016712,234.64631995563153,2684
136.17898700043486,234.54729967442634,2685
136.24089004371874,234.44772168120392,2686
136.3034348828859,234.34758743662724,2687
136.3666212807365,234.24689839416476,2688
136.4304490113605,234.14565600024648,2689
136.49491785999035,234.04386169441977,2690
136.56002762285343,233.94151690950653,2691
136.62577810702425,233.8386230717599,2692
136.6921691302762,233.73518160102216,2693
136.75920052093363,233.6311939108826,2694
136.8268721177227,233.52666140883642,2695
136.89518376962263,233.42158549644344,2696
136.96413533571635,233.31596756948835,2697
137.03372668504053,233.20980901814028,2698
137.10395769643563,233.10311122711425,2699
137.17482825839497,232.995875575832,2700
137.2463382689139,232.88810343858435,2701
137.31848763533787,232.77979618469377,2702
137.39127627421033,232.67095517867762,2703
137.46470411111994,232.56158178041224,2704
137.53877108054732,232.45167734529744,2705
137.61347712571055,232.34124322442213,2706
137.688822198411,232.2302807647301,2707
137.76480625887743,232.11879130918732,2708
137.84142927561007,232.0067761969491,2709
137.9186912252235,231.89423676352888,2710
137.99659209228875,231.78117434096742,2711
138.07513186917478,231.6675902580028,2712
138.15431055588883,231.55348584024145,2713
138.2341281599158,231.43886241032985,2714
138.31458469605676,231.3237212881277,2715
138.39568018626653,231.20806379088108,2716
138.47741465948997,231.09189123339735,2717
138.5597881514972,230.97520492822088,2718
138.64280070471796,230.85800618580922,2719
138.72645236807423,230.7402963147114,2720
138.8107431968123,230.6220766217459,2721
138.89567325233293,230.50334841218097,2722
138.98124260202053,230.38411298991522,2723
139.06745131907095,230.26437165765935,2724
139.15429948231775,230.14412571711995,2725
139.24178717605702,230.02337646918318,2726
139.32991448987067,229.90212521410027,2727
139.41868151844835,229.78037325167472,2728
139.50808836140743,229.65812188144974,2729
139.59813512311158,229.5353724028977,2730
139.68882191248753,229.41212611561062,2731
139.78014884284002,229.28838431949202,2732
139.87211603166514,229.16414831495013,2733
139.9647236004614,229.0394194030924,2734
140.0579716745394,228.91419888592165,2735
140.151860382829,228.78848806653326,2736
140.24638985768487,228.66228824931423,2737
140.34156023468958,228.5356007401435,2738
140.43737165245497,228.40842684659376,2739
140.53382425242097,228.28076787813498,2740
140.6309181786522,228.1526251463393,2741
140.72865357763237,228.02399996508765,2742
140.82703059805618,227.89489365077804,2743
140.92604939061914,227.76530752253544,2744
141.02571010780414,227.63524290242313,2745
141.1260129036662,227.50470111565616,2746
141.22695793361416,227.3736834908164,2747
141.32854535418994,227.2421913600692,2748
141.43077532284485,227.11022605938194,2749
141.53364799771316,226.9777889287446,2750
141.63716353738278,226.8448813123919,2751
141.74132210066304,226.71150455902745,2752
141.84612384634937,226.57766002205,2753
141.95156893298505,226.44334905978113,2754
142.05765751861952,226.30857303569553,2755
142.16438976056384,226.17333331865285,2756
142.2717658151426,226.03763128313184,2757
142.37978583744257,225.90146830946628,2758
142.48844998105804,225.76484578408332,2759
142.59775839783225,225.62776509974375,2760
142.70771123759593,225.49022765578442,2761
142.81830864790155,225.35223485836298,2762
142.92955077375427,225.21378812070463,2763
143.04143775733885,225.07488886335142,2764
143.15396973774307,224.93553851441337,2765
143.26714685067668,224.79573850982234,2766
143.3809692281869,224.6554902935881,2767
143.49543699836948,224.51479531805643,2768
143.6105502850757,224.37365504417033,2769
143.7263092076153,224.2320709417327,2770
143.84271388045482,224.09004448967247,2771
143.95976441291182,223.9475771763124,2772
144.07746090884456,223.80467049963983,2773
144.19580346633705,223.66132596757984,2774
144.31479217737967,223.51754509827106,2775
144.43442712754495,223.37332942034385,2776
144.55470839565868,223.22868047320142,2777
144.67563605346615,223.08359980730336,2778
144.7972101652935,222.9380889844518,2779
144.91943078770407,222.7921495780808,2780
145.0422979691496,222.6457831735475,2781
145.16581174961638,222.49899136842717,2782
145.28997216026622,222.35177577281007,2783
145.41477922307192,222.20413800960176,2784
145.54023295044752,222.05607971482596,2785
145.66633334487315,221.9076025379303,2786
145.793080398514,221.7587081420951,2787
145.9204740928343,221.60939820454476,2788
146.04851439820482,221.45967441686255,2789
146.17720127350546,221.30953848530783,2790
146.30653466572113,221.1589921311367,2791
146.4365145095326,221.00803709092528,2792
146.56714072690053,220.85667511689647,2793
146.6984132266441,220.7049079772491,2794
146.83033190401315,220.55273745649092,2795
146.9628966402541,220.400165355774,2796
147.09610730216997,220.24719349323354,2797
147.22996374167352,220.09382370433,2798
147.3644657953343,219.9400578421938,2799
147.49961328391936,219.78589777797364,2800
147.63540601192682,219.63134540118799,2801
147.77184376711367,219.47640262007934,2802
147.908926320016,219.32107136197206,2803
148.04665342346325,219.1653535736333,2804
148.18502481208517,219.0092512216371,2805
148.3240402018121,218.85276629273173,2806
148.46369928936835,218.69590079421016,2807
148.6040017517584,218.53865675428406,2808
148.74494724574657,218.3810362224606,2809
148.88653540732886,218.22304126992293,2810
149.02876585119833,218.06467398991353,2811
149.17163817020307,217.90593649812104,2812
149.3151519347966,217.74683093307027,2813
149.45930669248176,217.58735945651537,2814
149.60410196724646,217.42752425383645,2815
149.7495372589928,217.267327534439,2816
149.89561204295813,217.10677153215707,2817
150.04232576912952,216.9458585056593,2818
150.18967786164987,216.78459073885807,2819
150.33766771821738,216.62297054132227,2820
150.48629470947702,216.46100024869273,2821
150.63555817840472,216.29868222310103,2822
150.78545743968402,216.13601885359154,2823
150.93599177907495,215.9730125565464,2824
151.087160452776,215.8096657761134,2825
151.23896268677782,215.64598098463753,2826
151.39139767620995,215.48196068309454,2827
151.54446458467962,215.31760740152865,2828
151.69816254360344,215.15292369949213,2829
151.85249065153124,214.9879121664886,2830
152.00744797346275,214.82257542241865,2831
152.16303354015648,214.65691611802845,2832
152.31924634743163,214.49093693536133,2833
152.47608535546212,214.32464058821168,2834
152.63354948806395,214.15802982258174,2835
152.79163763197454,213.99110741714108,2836
152.95034863612528,213.8238761836884,2837
153.10968131090704,213.6563389676159,2838
153.26963442742814,213.488498648376,2839
153.43020671676578,213.32035813995049,2840
153.59139686921017,213.1519203913218,2841
153.75320353350196,212.98318838694652,2842
153.915625316063,212.8141651472311,2843
154.0786607802202,212.6448537290092,2844
154.24230844542333,212.47525722602143,2845
154.40656678645584,212.30537876939636,2846
154.5714342326396,212.1352215281337,2847
154.73690916703387,211.96478870958887,2848
154.90298992562757,211.79408355995892,2849
155.06967479652621,211.62310936477007,2850
155.23696201913302,211.4518694493664,2851
155.40484978332447,211.28036717939952,2852
155.57333622862015,211.1086059613194,2853
155.7424194433484,210.93658924286612,2854
155.9120974638059,210.76432051356204,2855
156.08236827341315,210.59180330520473,2856
156.25322980186536,210.41904119236054,2857
156.42467992427856,210.2460377928578,2858
156.59671646033263,210.07279676828088,2859
156.76933717340916,209.89932182446333,2860
156.942539769727,209.7256167119818,2861
157.11632189747374,209.55168522664854,2862
157.29068114593437,209.37753121000395,2863
157.4656150446174,209.20315854980794,2864
157.64112106237832,209.02857118053052,2865
157.81719660654105,208.85377308384122,2866
157.99383902201762,208.6787682890968,2867
158.17104559042625,208.50356087382772,2868
158.3488135292087,208.32815496422236,2869
158.52713999074658,208.15255473560947,2870
158.70602206147697,207.97676441293834,2871
158.88545676100907,207.80078827125598,2872
159.06544104124012,207.62463063618213,2873
159.24597178547302,207.4482958843806,2874
159.42704580753448,207.27178844402783,2875
159.60865985089544,207.0951127952775,2876
159.79081058779317,206.91827347072143,2877
159.9734946183564,206.74127505584636,2878
160.15670846973288,206.5641221894863,2879
160.34044859522112,206.38681956427027,2880
160.52471137340555,206.20937192706467,2881
160.70949310729668,206.03178407941084,2882
160.89479002347608,205.85406087795664,2883
161.08059827124694,205.67620723488233,2884
161.2669139217907,205.49822811831996,2885
161.45373296733058,205.32012855276622,2886
161.641051320302,205.14191361948866,2887
161.82886481253107,204.96358845692416,2888
162.01716919442143,204.78515826107014,2889
162.20596013415008,204.60662828586763,2890
162.3952332168725,204.42800384357616,2891
162.58498394393882,204.24929030513962,2892
162.77520773211995,204.0704931005436,2893
162.96589991284557,203.89161771916275,2894
163.15705573145462,203.71266971009854,2895
163.3486703464579,203.53365468250706,2896
163.54073882881502,203.35457830591557,2897
163.7332561612247,203.1754463105288,2898
163.92621723743036,202.99626448752335,2899
164.11961686154146,202.81703868933033,2900
164.3134497473705,202.63777482990633,2901
164.50771051778761,202.45847888499085,2902
164.70239370409274,202.2791568923515,2903
164.89749374540568,202.0998149520153,2904
165.09300498807605,201.92045922648632,2905
165.2889216851127,201.741095940949,2906
165.48523799563398,201.56173138345656,2907
165.68194798433913,201.3823719051044,2908
165.8790456210022,201.20302392018812,2909
166.07652477998846,201.02369390634502,2910
166.2743792397946,200.84438840467968,2911
166.47260268261354,200.66511401987225,2912
166.67118869392402,200.48587742026996,2913
166.87013076210656,200.30668533796,2914
167.06942227808543,200.12754456882533,2915
167.26905653499884,199.94846197258101,2916
167.4690267278967,199.7694444727919,2917
167.66932595346765,199.59049905687095,2918
167.86994720979544,199.41163277605727,2919
168.07088339614617,199.23285274537443,2920
168.27212731278613,199.0541661435675,2921
168.4736716608321,198.87558021301916,2922
168.67550904213383,198.69710225964477,2923
168.87763195918978,198.5187396527644,2924
169.0800328150971,198.34049982495384,2925
169.2827039135365,198.1623902718718,2926
169.4856374587917,197.9844185520645,2927
169.68882555580578,197.80659228674696,2928
169.89226021027383,197.62891915956004,2929
170.09593332877265,197.45140691630317,2930
170.299836718929,197.27406336464333,2931
170.50396208962587,197.09689637379822,2932
170.7083010512482,196.91991387419452,2933
170.91284511596814,196.74312385710098,2934
171.11758569807043,196.56653437423495,2935
171.32251411431886,196.39015353734342,2936
171.52762158436366,196.2139895177573,2937
171.73289923119106,196.03805054591896,2938
171.93833808161426,195.8623449108831,2939
172.1439290668081,195.68688095979,2940
172.34966302288564,195.51166709731189,2941
172.555530691519,195.33671178507123,2942
172.76152272060355,195.16202354103166,2943
172.96762966496615,194.98761093886026,2944
173.1738419871176,194.8134826072625,2945
173.38015005805,194.63964722928844,2946
173.586544158079,194.46611354161027,2947
173.79301447772994,194.29289033377236,2948
173.99955111867126,194.11998644741146,2949
174.2061440946907,193.9474107754493,2950
174.41278333271836,193.77517226125596,2951
174.6194586738954,193.6032798977847,2952
174.8261598746865,193.43174272667835,2953
175.0328766080395,193.26056983734668,2954
175.23959846458882,193.0897703660154,2955
175.4463149539052,192.91935349474647,2956
175.65301550578977,192.7493284504304,2957
175.85968947161285,192.5797045037498,2958
176.06632612569777,192.410490968115,2959
176.27291466674896,192.24169719857153,2960
176.47944421932354,192.07333259068017,2961
176.685903835347,191.9054065793692,2962
176.89228249567162,191.7379286377591,2963
177.09856911167807,191.57090827596105,2964
177.30475252691969,191.40435503984753,2965
177.51082151880672,191.2382785097976,2966
177.7167648003344,191.0726882994155,2967
177.92257102184863,190.90759405422364,2968
178.12822877285404,190.74300545033068,2969
178.33372658385997,190.57893219307434,2970
178.53905292826485,190.41538401563997,2971
178.74419622427789,190.25237067765545,2972
178.94914483687953,190.08990196376234,2973
179.15388707981512,189.9279876821643,2974
179.35841121762314,189.76663766315357,2975
179.56270546770523,189.60586175761495,2976
179.7667580024163,189.44566983550956,2977
179.97055695120292,189.28607178433728,2978
180.17409040272128,189.1270775075803,2979
180.37734640712594,188.9686969231267,2980
180.58031297817297,188.81093996167598,2981
180.7829780955343,188.65381656512685,2982
180.9853297070501,188.49733668494807,2983
181.18735573103044,188.34151028053338,2984
181.38904405857184,188.18634731754028,2985
181.5903825559029,188.03185776621498,2986
181.79135906674844,187.8780515997032,2987
181.99196141471353,187.72493879234847,2988
182.19217740568527,187.57252931797794,2989
182.39199483025175,187.42083314817714,2990
182.5914014661366,187.2698602505549,2991
182.79038508064863,187.1196205869983,2992
182.98893343314128,186.97012411191972,2993
183.1870342774852,186.8213807704966,2994
183.3846753645499,186.67340049690378,2995
183.5818444446919,186.52619321254147,2996
183.77852927025123,186.3797688242579,2997
183.97471759805163,186.2341372225689,2998
184.17039719190274,186.0893082798744,2999
184.36555582510698,185.9452918486739,3000
184.56018128296324,185.8020977597812,3001
184.75426136527042,185.65973582053948,3002
184.94778388882847,185.51821581303838,3003
185.14073668993257,185.37754749233252,3004
185.33310762686318,185.23774058466512,3005
185.52488458236658,185.09880478569508,3006
185.71605546612642,184.96074975872992,3007
185.90660821722366,184.8235851329655,3008
186.09653080658467,184.68732050173313,3009
186.28581123941382,184.55196542075603,3010
186.47443755761128,184.41752940641436,3011
186.66239784217257,184.28402193402206,3012
186.84968021557015,184.1514524361149,3013
187.03627284411314,184.0198303007506,3014
187.2221639402874,183.88916486982416,3015
187.40734176506953,183.75946543739545,3016
187.59179463021803,183.6307412480355,3017
187.77551090053822,183.5030014951866,3018
187.95847899611806,183.3762553195404,3019
188.1406873945368,183.25051180743628,3020
188.322124633042,183.12577998927577,3021
188.50277931069616,183.00206883796014,3022
188.68264009048949,182.87938726734689,3023
188.8616957014193,182.7577441307298,3024
189.03993494053407,182.63714821933874,3025
189.21734667494087,182.51760826086783,3026
189.3939198437755,182.39913291802122,3027
189.56964346013385,182.28173078709105,3028
189.74450661296393,182.1654103965549,3029
189.9184984689173,182.05018020570324,3030
190.09160827415843,181.93604860329296,3031
190.26382535613212,181.82302390622874,3032
190.43513912528744,181.7111143582722,3033
190.60553907675745,181.600328128781,3034
190.77501479199378,181.49067331147566,3035
190.94355594035616,181.3821579232399,3036
191.11115228065486,181.27478990294628,3037
191.27779366264653,181.16857711031946,3038
191.44347002848252,181.0635273248234,3039
191.6081714141089,180.95964824458963,3040
191.7718879506179,180.8569474853658,3041
191.93460986555007,180.75543257951009,3042
192.0963274841476,180.6551109750091,3043
192.25703123055683,180.55599003453312,3044
192.4167116289817,180.45807703452243,3045
192.5753593047859,180.3613791643117,3046
192.732964985545,180.26590352528518,3047
192.88951950204722,180.17165713006057,3048
193.04501378924417,180.07864690171826,3049
193.19943888714965,179.98687967308177,3050
193.35278594168818,179.89636218595135,3051
193.5050462054921,179.80710109049426,3052
193.65621103864814,179.7191029445764,3053
193.8062719093925,179.63237421316074,3054
193.9552203947564,179.54692126774944,3055
194.10304818115983,179.4627503858343,3056
194.24974706495613,179.37986775040858,3057
194.39530895292577,179.29827944949574,3058
194.53972586272124,179.21799147571932,3059
194.682989923262,179.13900972590255,3060
194.82509337508085,179.06134000070853,3061
194.9660285706217,178.98498800430465,3062
195.10578797448935,178.9099593440648,3063
195.2443641636515,178.83625953030966,3064
195.38174982759452,178.7638939760648,3065
195.51793776843152,178.69286799686978,3066
195.65292090096568,178.62318681060194,3067
195.78669225270798,178.55485553734354,3068
195.9192449638502,178.48787919927312,3069
196.05057228719417,178.4222627205893,3070
196.18066758803806,178.3580109274665,3071
196.30952434401982,178.29512854803605,3072
196.43713614491918,178.23362021240234,3073
196.56349669241882,178.17349045268088,3074
196.68859979982523,178.11474370306823,3075
196.8124393917505,178.05738429994008,3076
196.93500950375557,178.00141648197317,3077
197.05630428195596,177.9468443902961,3078
197.17631798259083,177.89367206866393,3079
197.29504497155614,177.8419034636597,3080
197.41247972390312,177.79154242491873,3081
197.52861682330274,177.74259270537723,3082
197.64345096147696,177.6950579615455,3083
197.75697693759824,177.64894175379985,3084
197.86918965765759,177.60424754670123,3085
197.9800841338027,177.5609787093312,3086
198.089655483647,177.51913851564862,3087
198.1978989295501,177.47873014486962,3088
198.30480979787143,177.4397566818604,3089
198.4103835181974,177.4022211175555,3090
198.51461562254357,177.3661263493867,3091
198.61750174453246,177.33147518173308,3092
198.71903761854793,177.29827032638678,3093
198.8192190788676,177.26651440303223,3094
198.91804205877395,177.23620993974146,3095
199.01550258964517,177.20735937348292,3096
199.11159680002672,177.17996505064337,3097
199.2063209146845,177.15402922756218,3098
199.2996712536412,177.12955407107728,3099
199.3916442311957,177.10654165908176,3100
199.4822363549277,177.08499398109134,3101
199.57144422468753,177.06491293882058,3102
199.65926453157323,177.04630034676816,3103
199.74569405689437,177.0291579328096,3104
199.83072967112514,177.01348733879823,3105
199.91436833284632,176.99929012117113,3106
199.99660708767794,176.9865677515631,3107
200.0774430672033,176.9753216174228,3108
200.1568734878849,176.96555302263621,3109
200.23489564997382,176.957263188152,3110
200.31150693641285,176.95045325260983,3111
200.38670481173455,176.94512427297167,3112
200.4604868209553,176.941277225155,3113
200.5328505884655,176.93891300466564,3114
200.60379381691746,176.93803242723217,3115
200.67331428611158,176.93863622943906,3116
200.7414098518817,176.94072506935967,3117
200.8080784449797,176.94429952718653,3118
200.87331806996164,176.94936010586048,3119
200.93712680407455,176.9559072316961,3120
200.999502796146,176.963941255004,3121
201.06044426547606,176.97346245070867,3122
201.11994950073336,176.9844710189625,3123
201.17801685885507,176.99696708575328,3124
201.23464476395245,177.01095070350726,3125
201.28983170622155,177.0264218516847,3126
201.34357624086098,177.04338043736988,3127
201.395876986996,177.06182629585118,3128
201.44673262661098,177.0817591911975,3129
201.49614190348967,177.10317881682104,3130
201.5441036221648,177.12608479603583,3131
201.59061664687698,177.1504766826037,3132
201.6356799005436,177.17635396127292,3133
201.67929236373874,177.20371604830294,3134
201.72145307368385,177.23256229198367,3135
201.76216112325068,177.26289197313832,3136
201.801415659976,177.29470430561818,3137
201.8392158850893,177.32799843678424,3138
201.87556105255393,177.362773447976,3139
201.9104504681216,177.39902835496892,3140
201.94388348840133,177.43676210841835,3141
201.97585951994307,177.47597359428758,3142
202.00637801833628,177.5166616342676,3143
202.03543848732403,177.5588249861775,3144
202.0630404779331,177.6024623443534,3145
202.08918358762025,177.64757234002192,3146
202.11386745943545,177.6941535416587,3147
202.1370917812017,177.74220445533325,3148
202.1588562847128,177.79172352503528,3149
202.17916074494855,177.84270913298909,3150
202.19800497930794,177.89515959994938,3151
202.21538884686112,177.9490731854821,3152
202.23131224761988,178.00444808822996,3153
202.245775121827,178.0612824461601,3154
202.25877744926515,178.11957433679422,3155
202.27031924858517,178.17932177742733,3156
202.28040057665422,178.2405227253226,3157
202.28902152792432,178.30317507789297,3158
202.29618223382053,178.3672766728678,3159
202.3018828621503,178.43282528843773,3160
202.30612361653337,178.4998186433845,3161
202.3089047358526,178.56825439719498,3162
202.31022649372613,178.6381301501553,3163
202.31008919800053,178.70944344343013,3164
202.3084931902662,178.78219175912173,3165
202.30543884539372,178.85637252031378,3166
202.30092657109256,178.93198309109832,3167
202.2949568074917,179.00902077658247,3168
202.28753002674247,179.08748282288093,3169
202.27864673264347,179.1673664170888,3170
202.26830746028838,179.2486686872405,3171
202.25651277573598,179.3313867022455,3172
202.2432632757029,179.41551747181498,3173
202.22855958727914,179.50105794636497,3174
202.2124023676667,179.58800501690635,3175
202.19479230394083,179.6763555149137,3176
202.17573011283454,179.7661062121895,3177
202.1552165405461,179.85725382069037,3178
202.13325236256983,179.94979499236888,3179
202.10983838355008,180.0437263189282,3180
202.08497543715842,180.13904433172547,3181
202.05866438599418,180.2357455014111,3182
202.03090612150876,180.33382623778354,3183
202.0017015639524,180.43328288948783,3184
201.97105166234545,180.53411174377203,3185
201.93895739447234,180.63630902618638,3186
201.90541976689946,180.7398709002874,3187
201.8704398150159,180.84479346732735,3188
201.8340186030985,180.95107276592606,3189
201.79615722439945,181.05870477172738,3190
201.75685680125795,181.16768539705023,3191
201.71611848523506,181.27801049051706,3192
201.67394345727172,181.38967583667818,3193
201.63033292787063,181.5026771556184,3194
201.58528813730078,181.61701010255646,3195
201.53881035582577,181.73267026742687,3196
201.49090088395502,181.84965317445867,3197
201.44156105271836,181.96795428173672,3198
201.39079222396336,182.087568980757,3199
201.338595790676,182.208492595971,3200
201.28497317732408,182.3307203843204,3201
201.22992584022344,182.45424753476422,3202
201.17345526792718,182.5790691677962,3203
201.115562981637,182.70518033495583,3204
201.05625053563773,182.83257601833063,3205
200.9955195177539,182.96125113005252,3206
200.93337154982854,183.0912005117891,3207
200.86980828822445,183.22241893422574,3208
200.80483142434738,183.3549010965459,3209
200.73844268519116,183.48864162590544,3210
200.67064383390445,183.62363507690216,3211
200.60143667037937,183.7598759310429,3212
200.5308230318613,183.8973585962072,3213
200.4588047935802,184.03607740610846,3214
200.38538386940292,184.17602661975377,3215
200.31056221250643,184.31720042090183,3216
200.2343418160718,184.4595929175211,3217
200.15672471399884,184.60319814124762,3218
200.0777129816408,184.74801004684315,3219
199.99730873655932,184.89402251165518,3220
199.91551413929952,185.04122933507904,3221
199.83233139418437,185.18962423802196,3222
199.74776275012846,185.33920086237063,3223
199.66181050147145,185.4899527704629,3224
199.57447698882984,185.64187344456425,3225
199.4857645999676,185.79495628634814,3226
199.39567577068547,185.94919461638452,3227
199.3042129857277,186.10458167363333,3228
199.21137877970716,186.26111061494512,3229
199.1171757380477,186.41877451457086,3230
199.02160649794354,186.57756636367967,3231
198.9246737493358,186.73747906988578,3232
198.82638023590528,186.8985054567859,3233
198.72672875608143,187.0606382635069,3234
198.6257221640672,187.22387014426528,3235
198.5233633708794,187.38819366793842,3236
198.4196553454037,187.55360131764925,3237
198.31460111546494,187.72008549036337,3238
198.2082037689109,187.88763849650115,3239
198.1004664547107,188.05625255956437,3240
197.99139238406602,188.22591981577864,3241
197.8809848315356,188.39663231375135,3242
197.76924713617205,188.56838201414752,3243
197.65618270267092,188.7411607893822,3244
197.54179500253136,188.91496042333173,3245
197.42608757522743,189.08977261106338,3246
197.30906402939058,189.2655889585851,3247
197.19072804400187,189.44240098261457,3248
197.07108336959385,189.62020011036975,3249
196.95013382946098,189.79897767938024,3250
196.82788332087947,189.97872493732137,3251
196.70433581633375,190.15943304187007,3252
196.5794953647512,190.34109306058414,3253
196.4533660927429,190.52369597080576,3254
196.32595220585083,190.70723265958884,3255
196.1972579898001,190.89169392365133,3256
196.06728781175633,191.077070469353,3257
195.93604612158686,191.26335291269905,3258
195.80353745312527,191.45053177937055,3259
195.66976642543915,191.63859750478107,3260
195.534737744099,191.82754043416162,3261
195.39845620244935,192.0173508226725,3262
195.26092668287953,192.2080188355446,3263
195.122154158095,192.39953454824828,3264
194.98214369238693,192.59188794669214,3265
194.84090044290053,192.7850689274512,3266
194.69842966090047,192.97906729802477,3267
194.5547366930328,193.17387277712487,3268
194.40982698258276,193.36947499499482,3269
194.26370607072735,193.56586349375928,3270
194.11637959778164,193.76302772780508,3271
193.96785330443862,193.96095706419345,3272
193.81813303300058,194.15964078310424,3273
193.667224728602,194.35906807831208,3274
193.515134440423,194.559228057694,3275
193.36186832289127,194.7601097437704,3276
193.20743263687334,194.9617020742776,3277
193.05183375085196,195.1639939027733,3278
192.89507814209102,195.36697399927496,3279
192.73717239778472,195.5706310509306,3280
192.57812321619133,195.77495366272254,3281
192.4179374077502,195.97993035820437,3282
192.25662189618086,196.18554958027048,3283
192.09418371956227,196.3917996919583,3284
191.93063003139343,196.59866897728432,3285
191.76596810163113,196.8061456421119,3286
191.60020531770627,197.01421781505243,3287
191.43334918551633,197.22287354839926,3288
191.26540733039295,197.43210081909356,3289
191.09638749804367,197.64188752972336,3290
190.92629755546673,197.8522215095544,3291
190.7551454918373,198.0630905155928,3292
190.58293941936412,198.27448223368052,3293
190.4096875741158,198.48638427962143,3294
190.2353983168143,198.69878420033922,3295
190.06008013359627,198.91166947506665,3296
189.88374163673882,199.1250275165652,3297
189.70639156535026,199.33884567237564,3298
189.5280387860236,199.55311122609842,3299
189.34869229345117,199.76781139870434,3300
189.1683612110009,199.98293334987446,3301
188.98705479125084,200.19846417936918,3302
188.80478241648146,200.4143909284261,3303
188.62155359912552,200.63070058118612,3304
188.43737798217205,200.8473800661477,3305
188.2522653395254,201.06441625764813,3306
188.0662255763164,201.28179597737216,3307
187.87926872916563,201.49950599588695,3308
187.69140496639625,201.71753303420326,3309
187.50264458819692,201.9358637653621,3310
187.31299802673092,202.15448481604614,3311
187.12247584619408,202.37338276821617,3312
186.9310887428154,202.59254416077118,3313
186.73884754480449,202.8119554912319,3314
186.54576321223993,203.03160321744744,3315
186.35184683690062,203.25147375932397,3316
186.15710964203765,203.4715535005756,3317
185.96156298208533,203.6918287904959,3318
185.7652183423112,203.9122859457506,3319
185.56808733840333,204.1329112521897,3320
185.37018171599425,204.35369096667978,3321
185.1715133501195,204.57461131895425,3322
184.972094244612,204.79565851348255,3323
184.77193653142885,205.01681873135647,3324
184.57105246991114,205.2380781321936,3325
184.36945444597532,205.45942285605736,3326
184.16715497123653,205.68083902539234,3327
183.96416668206095,205.90231274697507,3328
183.7605023385481,206.1238301138791,3329
183.55617482344252,206.34537720745408,3330
183.35119714097323,206.5669400993177,3331
183.1455824156203,206.7885048533605,3332
182.93934389081056,207.0100575277626,3333
182.73249492753712,207.23158417702138,3334
182.5250490029083,207.45307085398997,3335
182.31701970862102,207.67450361192599,3336
182.1084207493593,207.89586850654885,3337
181.8992659411202,208.11715159810663,3338
181.68956920946377,208.33833895345015,3339
181.47934458768958,208.55941664811493,3340
181.2686062149373,208.78037076840954,3341
181.05736833421412,209.00118741351025,3342
180.84564529034725,209.22185269756054,3343
180.63345152786349,209.44235275177593,3344
180.42080158879062,209.66267372655238,3345
180.20771011039201,209.88280179357818,3346
179.9941918228111,210.1027231479487,3347
179.78026154674555,210.3224240102827,3348
179.56593419076268,210.54189062884043,3349
179.35122474896028,210.76110928164223,3350
179.13614829822407,210.98006627858683,3351
178.9207199955562,211.19874796356922,3352
178.70495507531578,211.41714071659712,3353
178.4888688463843,211.63523095590492,3354
178.27247668926978,211.8530051400653,3355
178.055794053148,212.07044977009704,3356
177.83883645283447,212.28755139156854,3357
177.62161946569995,212.50429659669652,3358
177.40415872852307,212.720672026439,3359
177.18646993428405,212.9366643725819,3360
176.96856882890086,213.15226037981847,3361
176.7504712079123,213.36744684782067,3362
176.53219291310404,213.58221063330245,3363
176.3137498290846,213.79653865207302,3364
176.09515787981215,214.01041788108057,3365
175.8764330250728,214.22383536044484,3366
175.65759125691255,214.43677819547798,3367
175.43864859602803,214.64923355869334,3368
175.21962108811374,214.86118869180092,3369
175.00052480017203,215.07263090768862,3370
174.78137581678612,215.28354759238945,3371
174.56219023636012,215.4939262070325,3372
174.34298416732616,215.7037542897779,3373
174.12377372432388,215.91301945773512,3374
173.90457502435413,216.12170940886256,3375
173.68540418290803,216.32981192384918,3376
173.46627731007592,216.5373148679763,3377
173.24721050663896,216.7442061929592,3378
173.02821986014501,216.95047393876766,3379
172.80932144097187,217.15610623542455,3380
172.5905312983824,217.36109130478187,3381
172.3718654565718,217.56541746227313,3382
172.15333991071307,217.76907311864153,3383
171.93497062299994,217.972046781643,3384
171.71677351869357,218.17432705772342,3385
171.49876448217512,218.37590265366916,3386
171.28095935300445,218.57676237822997,3387
171.06337392199336,218.7768951437139,3388
170.84602392729053,218.976289967553,3389
170.62892505048532,219.17493597383924,3390
170.41209291273177,219.37282239482997,3391
170.19554307089507,219.56993857242216,3392
169.9792910137258,219.76627395959414,3393
169.76335215806188,219.9618181218153,3394
169.54774184506334,220.15656073842158,3395
169.33247533648222,220.3504916039572,3396
169.11756781096955,220.54360062948174,3397
168.90303436042353,220.7358778438409,3398
168.68888998638076,220.92731339490192,3399
168.47514959645318,221.11789755075154,3400
168.26182800081406,221.30762070085697,3401
168.048939908735,221.49647335718856,3402
167.83649992517672,221.6844461553039,3403
167.62452254743587,221.87152985539274,3404
167.41302216185042,222.0577153432824,3405
167.2020130405664,222.24299363140275,3406
166.99150933836722,222.42735585971047,3407
166.78152508956865,222.61079329657247,3408
166.57207420498108,222.79329733960734,3409
166.36317046894135,222.97485951648522,3410
166.15482753641598,223.15547148568507,3411
165.94705893017743,223.3351250372093,3412
165.73987803805554,223.51381209325544,3413
165.53329811026566,223.6915247088445,3414
165.3273322568147,223.86825507240573,3415
165.12199344498742,224.0439955063177,3416
164.91729449691326,224.21873846740553,3417
164.7132480872162,224.39247654739356,3418
164.50986674074744,224.5652024733144,3419
164.30716283040374,224.73690910787317,3420
164.10514857503054,224.90758944976758,3421
163.90383603741253,225.07723663396342,3422
163.70323712235074,225.245843931926,3423
163.5033635748287,225.4134047518067,3424
163.30422697826677,225.5799126385857,3425
163.1058387528655,225.74536127417028,3426
162.90821015403952,225.9097444774492,3427
162.71135227094027,226.07305620430313,3428
162.51527602506997,226.2352905475714,3429
162.319992168985,226.39644173697556,3430
162.1255112850905,226.5565041389996,3431
161.9318437845241,226.7154722567274,3432
161.73899990613108,226.87334072963776,3433
161.54698971552827,227.03010433335726,3434
161.35582310425806,227.1857579793714,3435
161.1655097890314,227.34029671469457,3436
160.97605931105926,227.4937157214991,3437
160.78748103547244,227.64601031670395,3438
160.59978415082787,227.79717595152388,3439
160.4129776687029,227.94720821097889,3440
160.22707042337368,228.0961028133655,3441
160.0420710715798,228.2438556096896,3442
159.85798809237193,228.39046258306198,3443
159.6748297870428,228.53591984805684,3444
159.49260427913947,228.6802236500347,3445
159.31131951455674,228.82337036442914,3446
159.13098326170945,228.96535649599952,3447
158.95160311178293,229.106178678049,3448
158.77318647906034,229.24583367161003,3449
158.59574060132528,229.3843183645969,3450
158.41927254033817,229.52162977092664,3451
158.2437891823852,229.65776502960924,3452
158.0692972388981,229.79272140380766,3453
157.89580324714328,229.9264962798687,3454
157.72331357097863,230.0590871663254,3455
157.55183440167633,230.1904916928721,3456
157.38137175881036,230.32070760931254,3457
157.2119314912063,230.44973278448225,3458
157.04351927795253,230.5775652051463,3459
156.87614062947037,230.70420297487297,3460
156.7098008886419,230.8296443128838,3461
156.54450523199333,230.95388755288204,3462
156.3802586709325,231.07693114185963,3463
156.21706605303808,231.19877363888344,3464
156.05493206339943,231.31941371386247,3465
155.8938612260048,231.4388501462963,3466
155.73385790517597,231.5570818240053,3467
155.57492630704792,231.67410774184538,3468
155.41707048109143,231.7899270004053,3469
155.2602943216766,231.90453880469022,3470
155.1046015696759,232.01794246279053,3471
154.94999581410468,232.13013738453748,3472
154.79648049379722,232.24112308014733,3473
154.64405889911683,232.35089915885254,3474
154.4927341736981,232.45946532752424,3475
154.34250931621924,232.56682138928338,3476
154.19338718220325,232.6729672421041,3477
154.0453704858458,232.77790287740865,3478
153.89846180186834,232.88162837865536,3479
153.75266356739462,232.98414391992,3480
153.60797808384888,233.08544976447206,3481
153.4644075188743,233.18554626334569,3482
153.3219539082701,233.28443385390733,3483
153.18061915794496,233.38211305841963,3484
153.0404050458865,233.47858448260345,3485
152.90131322414405,233.5738488141977,3486
152.763345220824,233.66790682151873,3487
152.62650244209567,233.76075935201888,3488
152.49078617420676,233.85240733084643,3489
152.35619758550666,233.94285175940558,3490
152.22273772847635,234.03209371391912,3491
152.0904075417631,234.12013434399324,3492
151.9592078522198,234.2069748711854,3493
151.82913937694622,234.29261658757628,3494
151.70020272533162,234.37706085434527,3495
151.57239840109787,234.46030910035194,3496
151.44572680434115,234.54236282072202,3497
151.32018823357149,234.62322357544022,3498
151.19578288774898,234.70289298794867,3499
151.0725108683155,234.78137274375365,3500
150.95037218122098,234.85866458903868,3501
150.8293667389433,234.9347703292864,3502
150.70949436250046,235.00969182790894,3503
150.5907547834545,235.08343100488665,3504
150.4731476459061,235.15598983541724,3505
150.3566725084789,235.22737034857354,3506
150.24132884629304,235.29757462597243,3507
150.1271160529261,235.3666048004541,3508
150.0140334423628,235.4344630547714,3509
149.90208025092974,235.5011516202923,3510
149.79125563921735,235.56667277571165,3511
149.6815586939865,235.63102884577702,3512
149.57298843005955,235.69422220002508,3513
149.4655437921963,235.75625525153177,3514
149.35922365695225,235.8171304556743,3515
149.2540268345205,235.87685030890646,3516
149.1499520705557,235.93541734754746,3517
149.04699804798008,235.99283414658396,3518
148.9451633887707,236.04910331848563,3519
148.84444665572767,236.10422751203487,3520
148.74484635422303,236.1582094111705,3521
148.64636093392994,236.21105173384538,3522
148.54898879053147,236.262757230899,3523
148.45272826740896,236.31332868494363,3524
148.35757765730972,236.3627689092661,3525
148.26353520399363,236.41108074674335,3526
148.17059910385822,236.45826706877372,3527
148.07876750754258,236.50433077422213,3528
147.98803852150908,236.54927478838135,3529
147.89841020960353,236.59310206194758,3530
147.809880594593,236.63581557001092,3531
147.72244765968168,236.67741831106196,3532
147.63610935000375,236.71791330601272,3533
147.55086357409468,236.75730359723278,3534
147.4667082053393,236.7955922476014,3535
147.38364108339732,236.83278233957392,3536
147.3016600156066,236.8688769742639,3537
147.22076277836322,236.90387927054044,3538
147.14094711847915,236.93779236414034,3539
147.0622107545172,236.9706194067959,3540
146.98455137810285,237.0023635653774,3541
146.9079666552143,237.03302802105082,3542
146.83245422744886,237.06261596845064,3543
146.75801171326748,237.09113061486738,3544
146.68463670921648,237.1185751794501,3545
146.61232679112715,237.1449528924239,3546
146.5410795152926,237.17026699432185,3547
146.47089241962286,237.1945207352317,3548
146.40176302477732,237.21771737405714,3549
146.33368883527606,237.23986017779387,3550
146.26666734058838,237.26095242081882,3551
146.20069601620037,237.28099738419547,3552
146.13577232466048,237.29999835499157,3553
146.0718937166041,237.31795862561196,3554
146.0090576317567,237.33488149314493,3555
145.9472614999159,237.35077025872238,3556
145.8865027419129,237.3656282268937,3557
145.8267787705532,237.37945870501304,3558
145.76808699153685,237.3922650026402,3559
145.71042480435827,237.40405043095464,3560
145.65378960318637,237.41481830218274,3561
145.59817877772466,237.4245719290378,3562
145.54358971405162,237.43331462417308,3563
145.4900197954421,237.44104969964778,3564
145.43746640316894,237.447780466405,3565
145.38592691728627,237.45351023376244,3566
145.33539871739373,237.45824230891563,3567
145.28587918338224,237.4619799964528,3568
145.23736569616182,237.46472659788185,3569
145.189855638371,237.4664854111692,3570
145.1433463950689,237.46725973029038,3571
145.09783535440945,237.46705284479185,3572
145.05331990829856,237.46586803936447,3573
145.00979745303425,237.46370859342784,3574
144.96726538993,237.46057778072594,3575
144.9257211259213,237.4564788689334,3576
144.88516207415665,237.4514151192729,3577
144.8455856545715,237.44538978614247,3578
144.80698929444756,237.43840611675398,3579
144.76937042895557,237.43046735078113,3580
144.73272650168332,237.421576720018,3581
144.69705496514868,237.4117374480476,3582
144.6623532812976,237.40095274991967,3583
144.62861892198768,237.38922583183876,3584
144.59584936945745,237.37655989086142,3585
144.5640421167816,237.3629581146025,3586
144.5331946683124,237.3484236809514,3587
144.5033045401076,237.3329597577963,3588
144.47436926034487,237.3165695027583,3589
144.44638636972337,237.29925606293332,3590
144.4193534218522,237.2810225746433,3591
144.39326798362666,237.26187216319562,3592
144.3681276355914,237.2418079426504,3593
144.34392997229241,237.22083301559653,3594
144.3206726026162,237.19895047293562,3595
144.2983531501179,237.1761633936732,3596
144.2769692533373,237.15247484471814,3597
144.2565185661045,237.12788788068997,3598
144.23699875783356,237.1024055437327,3599
144.218407513806,237.07603086333683,3600
144.20074253544365,237.04876685616804,3601
144.18400154057073,237.02061652590305,3602
144.1681822636662,236.99158286307232,3603
144.15328245610604,236.96166884490987,3604
144.1392998863953,236.93087743520914,3605
144.1262323403915,236.899211584186,3606
144.11407762151794,236.86667422834753,3607
144.10283355096794,236.83326829036787,3608
144.0924979679005,236.79899667896947,3609
144.0830687296267,236.76386228881074,3610
144.07454371178787,236.72786800037983,3611
144.06692080852523,236.69101667989366,3612
144.0601979326412,236.65331117920317,3613
144.05437301575273,236.61475433570394,3614
144.04944400843698,236.5753489722522,3615
144.0454088803689,236.53509789708647,3616
144.04226562045156,236.49400390375433,3617
144.040012236939,236.45206977104428,3618
144.03864675755202,236.4092982629226,3619
144.03816722958675,236.36569212847544,3620
144.03857172001642,236.3212541018558,3621
144.0398583155864,236.27598690223482,3622
144.04202512290286,236.22989323375822,3623
144.04507026851448,236.18297578550698,3624
144.04899189898848,236.135237231463,3625
144.0537881809801,236.08668023047832,3626
144.05945730129636,236.03730742624973,3627
144.06599746695363,235.98712144729663,3628
144.07340690523006,235.9361249069437,3629
144.08168386371148,235.88432040330738,3630
144.0908266103328,235.8317105192862,3631
144.10083343341358,235.77829782255534,3632
144.11170264168823,235.72408486556486,3633
144.12343256433158,235.66907418554146,3634
144.1360215509791,235.61326830449454,3635
144.14946797174235,235.5566697292251,3636
144.16377021721976,235.49928095133893,3637
144.1789266985026,235.44110444726252,3638
144.19493584717657,235.3821426782633,3639
144.2117961153188,235.32239809047238,3640
144.22950597549058,235.2618731149107,3641
144.24806392072597,235.20057016751946,3642
144.26746846451596,235.1384916491919,3643
144.2877181407889,235.07563994580985,3644
144.30881150388672,235.0120174282824,3645
144.33074712853735,234.94762645258785,3646
144.35352360982347,234.88246935981866,3647
144.3771395631473,234.81654847622923,3648
144.401593624192,234.74986611328652,3649
144.42688444887938,234.68242456772327,3650
144.45301071332412,234.61422612159487,3651
144.47997111378442,234.54527304233724,3652
144.50776436660996,234.47556758282923,3653
144.53638920818574,234.40511198145674,3654
144.56584439487318,234.33390846217887,3655
144.59612870294796,234.26195923459792,3656
144.62724092853497,234.18926649403116,3657
144.65917988753975,234.1158324215846,3658
144.69194441557755,234.0416591842304,3659
144.72553336789895,233.96674893488586,3660
144.75994561931302,233.89110381249455,3661
144.79518006410729,233.81472594211078,3662
144.83123561596528,233.73761743498542,3663
144.86811120788104,233.65978038865453,3664
144.90580579207105,233.5812168870302,3665
144.94431833988372,233.5019290004933,3666
144.9836478417058,233.421918785989,3667
145.02379330686668,233.34118828712383,3668
145.06475376353987,233.25973953426578,3669
145.106528258642,233.1775745446453,3670
145.1491158577294,233.09469532245976,3671
145.19251564489232,233.01110385897945,3672
145.23672672264624,232.92680213265513,3673
145.28174821182162,232.84179210922883,3674
145.32757925145023,232.75607574184565,3675
145.37421899865004,232.66965497116837,3676
145.42166662850707,232.58253172549362,3677
145.46992133395534,232.49470792087052,3678
145.5189823256543,232.40618546122084,3679
145.5688488318639,232.31696623846167,3680
145.6195200983175,232.22705213262984,3681
145.67099538809242,232.13644501200852,3682
145.72327398147806,232.04514673325573,3683
145.77635517584207,231.9531591415346,3684
145.83023828549364,231.86048407064638,3685
145.88492264154536,231.76712334316457,3686
145.9404075917719,231.67307877057186,3687
145.99669250046693,231.57835215339816,3688
146.05377674829757,231.48294528136182,3689
146.11165973215665,231.38685993351166,3690
146.1703408650125,231.29009787837208,3691
146.22981957575632,231.19266087408926,3692
146.2900953090477,231.09455066858013,3693
146.351167525157,230.99576899968304,3694
146.41303569980613,230.8963175953104,3695
146.47569932400648,230.7961981736037,3696
146.53915790389448,230.69541244309033,3697
146.60341096056496,230.59396210284245,3698
146.6684580299017,230.49184884263855,3699
146.73429866240576,230.38907434312594,3700
146.8009324230213,230.28564027598668,3701
146.86835889095866,230.18154830410495,3702
146.93657765951497,230.0768000817364,3703
147.00558833589233,229.9713972546802,3704
147.0753905410131,229.86534146045315,3705
147.14598390933256,229.7586343284658,3706
147.21736808864893,229.65127748020086,3707
147.28954273991084,229.5432725293941,3708
147.3625075370215,229.43462108221723,3709
147.4362621666404,229.3253247374635,3710
147.51080632798232,229.21538508673487,3711
147.58613973261285,229.10480371463268,3712
147.66226210424142,228.99358219894955,3713
147.7391731785112,228.8817221108645,3714
147.81687270278576,228.7692250151401,3715
147.89536043593284,228.6560924703223,3716
147.97463614810485,228.54232602894248,3717
148.05469962051606,228.42792723772254,3718
148.13555064521668,228.31289763778193,3719
148.21718902486347,228.19723876484784,3720
148.29961457248703,228.08095214946755,3721
148.38282711125547,227.96403931722384,3722
148.4668264742348,227.8465017889528,3723
148.55161250414557,227.72834108096458,3724
148.63718505311567,227.6095587052668,3725
148.72354398243004,227.49015616979082,3726
148.81068916227574,227.37013497862068,3727
148.89862047148372,227.24949663222546,3728
148.98733779726678,227.1282426276938,3729
149.0768410349527,227.006374458972,3730
149.16713008771436,226.88389361710483,3731
149.25820486629488,226.76080159047964,3732
149.35006528872887,226.6370998650731,3733
149.44271128005943,226.5127899247018,3734
149.53614277205045,226.38787325127515,3735
149.6303597028947,226.26235132505232,3736
149.7253620169173,226.13622562490207,3737
149.82114966427434,226.00949762856573,3738
149.91772260064724,225.8821688129241,3739
150.01508078693152,225.75424065426708,3740
150.11322418892158,225.6257146285673,3741
150.21215277698974,225.4965922117571,3742
150.31186652576042,225.366874880009,3743
150.41236541377938,225.23656411001969,3744
150.5136494231773,225.10566137929814,3745
150.61571853932824,224.9741681664568,3746
150.7185727505025,224.842085951507,3747
150.82221204751391,224.7094162161581,3748
150.92663642336183,224.57616044412032,3749
151.03184587286654,224.44232012141177,3750
151.13784039229967,224.30789673666916,3751
151.24461997900815,224.17289178146277,3752
151.35218463103234,224.03730675061547,3753
151.46053434671774,223.9011431425257,3754
151.56966912432048,223.764402459495,3755
151.6795889616069,223.6270862080592,3756
151.7902938554458,223.4891958993247,3757
151.90178380139486,223.35073304930836,3758
152.01405879328004,223.21169917928228,3759
152.12711882276813,223.07209581612287,3760
152.24096387893246,222.93192449266448,3761
152.3555939478117,222.79118674805753,3762
152.4710090119614,222.64988412813136,3763
152.58720904999834,222.5080181857619,3764
152.70419403613747,222.36559048124374,3765
152.82196393972166,222.22260258266735,3766
152.9405187247435,222.07905606630086,3767
153.05985834935964,221.93495251697706,3768
153.1799827653975,221.79029352848505,3769
153.3008919178539,221.6450807039672,3770
153.42258574438557,221.49931565632096,3771
153.5450641747919,221.35300000860582,3772
153.6683271304893,221.20613539445569,3773
153.79237452397726,221.05872345849616,3774
153.91720625829575,220.91076585676723,3775
154.04282222647473,220.76226425715146,3776
154.16922231097425,220.61322033980724,3777
154.29640638311648,220.4636357976077,3778
154.42437430250843,220.3135123365852,3779
154.55312591645594,220.16285167638082,3780
154.6826610593687,220.0116555507001,3781
154.81297955215595,219.85992570777404,3782
154.94408120161313,219.7076639108256,3783
155.07596579979895,219.5548719385423,3784
155.20863312340333,219.4015515855543,3785
155.34208293310581,219.24770466291827,3786
155.47631497292397,219.09333299860714,3787
155.61132896955257,218.9384384380057,3788
155.74712463169297,218.78302284441216,3789
155.8837016493722,218.62708809954532,3790
156.0210596932527,218.4706361040581,3791
156.1591984139317,218.31366877805672,3792
156.29811744123054,218.1561880616262,3793
156.43781638347397,217.9981959153614,3794
156.5782948267592,217.83969432090467,3795
156.71955233421474,217.68068528148893,3796
156.86158844524877,217.52117082248773,3797
157.00440267478714,217.36115299197024,3798
157.1479945125012,217.20063386126336,3799
157.292363422025,217.0396155255192,3800
157.4375088401616,216.8781001042893,3801
157.58343017607982,216.71608974210434,3802
157.73012681049937,216.55358660906035,3803
157.87759809486593,216.39059290141088,3804
158.02584335051574,216.22711084216522,3805
158.17486186782918,216.06314268169285,3806
158.32465290537402,215.89869069833358,3807
158.4752156890381,215.7337571990141,3808
158.62654941115107,215.5683445198703,3809
158.77865322959585,215.40245502687551,3810
158.9315262669097,215.2360911164749,3811
159.08516760937414,215.06925521622537,3812
159.23957630609507,214.90194978544164,3813
159.3947513680719,214.7341773158479,3814
159.55069176725678,214.56594033223507,3815
159.70739643560321,214.39724139312415,3816
159.86486426410463,214.22808309143454,3817
160.02309410182224,214.05846805515833,3818
160.18208475490414,213.88839894803974,3819
160.34183498559284,213.71787847026,3820
160.50234351122404,213.5469093591274,3821
160.66360900321564,213.37549438977254,3822
160.82563008604654,213.20363637584862,3823
160.9884053362268,213.03133817023624,3824
161.15193328125793,212.85860266575366,3825
161.3162123985844,212.68543279587112,3826
161.48124111453635,212.51183153542982,3827
161.64701780326322,212.33780190136545,3828
161.8135407856592,212.1633469534357,3829
161.9808083282803,211.98846979495175,3830
162.14881864225347,211.81317357351398,3831
162.31756988217785,211.6374614817509,3832
162.48706014501838,211.4613367580619,3833
162.6572874689926,211.2848026873631,3834
162.82824983244998,211.1078626018366,3835
162.99994515274503,210.93051988168193,3836
163.17237128510365,210.75277795587112,3837
163.34552602148446,210.57464030290512,3838
163.51940708943297,210.3961104515732,3839
163.69401215093217,210.21719198171382,3840
163.86933880124712,210.03788852497726,3841
164.04538456776547,209.85820376558974,3842
164.22214690883425,209.67814144111807,3843
164.3996232125923,209.49770534323596,3844
164.57781079580073,209.3168993184899,3845
164.75670690266944,209.13572726906582,3846
164.9363087036825,208.95419315355525,3847
165.1166132944214,208.772300987721,3848
165.29761769438718,208.59005484526188,3849
165.47931884582223,208.4074588585765,3850
165.6617136125318,208.22451721952493,3851
165.84479877870626,208.04123418018892,3852
166.0285710477447,207.8576140536291,3853
166.21302704107956,207.6736612146399,3854
166.39816329700503,207.4893801005009,3855
166.58397626950713,207.30477521172458,3856
166.7704623270986,207.11985111279995,3857
166.95761775165764,206.93461243293166,3858
167.14543873727223,206.74906386677387,3859
167.33392138909014,206.56321017515887,3860
167.52306172217558,206.37705618581933,3861
167.7128556603735,206.19060679410424,3862
167.90329903518207,206.00386696368784,3863
168.09438758463395,205.81684172727077,3864
168.2861169521876,205.62953618727332,3865
168.47848268562944,205.44195551651967,3866
168.6714802359874,205.2541049589135,3867
168.86510495645663,205.0659898301031,3868
169.05935210133944,204.87761551813662,3869
169.25421682499822,204.68898748410598,3870
169.4496941808248,204.50011126277965,3871
169.6457791202248,204.3109924632226,3872
169.84246649162,204.121636769404,3873
170.03975103946811,203.9320499407914,3874
170.23762740330181,203.74223781293009,3875
170.43609011678788,203.55220629800897,3876
170.6351336068071,203.3619613854099,3877
170.8347521925566,203.1715091422416,3878
171.0349400846749,202.98085571385647,3879
171.2356913843917,202.79000732435034,3880
171.43700008270184,202.59897027704358,3881
171.63886005956644,202.40775095494402,3882
171.84126508314137,202.2163558211898,3883
172.0442088090334,202.02479141947245,3884
172.24768477958645,201.83306437443864,3885
172.45168642319823,201.6411813920705,3886
172.6562070536689,201.4491492600437,3887
172.8612398695817,201.2569748480622,3888
173.06677795371832,201.06466510816932,3889
173.2728142725089,200.87222707503435,3890
173.47934167551782,200.67966786621352,3891
173.68635289496746,200.48699468238593,3892
173.89384054529916,200.2942148075613,3893
174.10179712277443,200.1013356092621,3894
174.3102150051163,199.9083645386759,3895
174.5190864511916,199.71530913077996,3896
174.72840360073744,199.5221770044358,3897
174.93815847412924,199.32897586245363,3898
175.1483429721948,199.13571349162572,3899
175.35894887607355,198.94239776272843,3900
175.56996784712348,198.74903663049153,3901
175.78139142687363,198.55563813353461,3902
175.99321103702778,198.36221039427025,3903
176.2054179795163,198.16876161877207,3904
176.41800343659915,197.9753000966086,3905
176.63095847101965,197.7818342006413,3906
176.84427402621162,197.58837238678623,3907
177.0579409265595,197.39492319373906,3908
177.27194987771284,197.20149524266284,3909
177.4862914669536,197.00809723683767,3910
177.7009561636224,196.81473796127213,3911
177.91593431959993,196.62142628227525,3912
178.13121616984347,196.42817114698977,3913
178.34679183298454,196.23498158288476,3914
178.56265131198205,196.04186669720806,3915
178.77878449483597,195.84883567639795,3916
178.99518115536137,195.65589778545348,3917
179.21183095402014,195.4630623672632,3918
179.42872343881555,195.27033884189203,3919
179.64584804624522,195.0777367058255,3920
179.86319410231843,194.8852655311718,3921
180.0807508236299,194.69293496482047,3922
180.29850731850107,194.50075472755893,3923
180.51645258819386,194.3087346131443,3924
180.7345755281448,194.1168844873335,3925
180.95286492931908,193.9252142868682,3926
181.17130947958208,193.73373401841704,3927
181.38989776515785,193.54245375747385,3928
181.60861827213736,193.35138364721232,3929
181.8274593880559,193.16053389729663,3930
182.04640940352718,192.96991478264857,3931
182.26545651394457,192.77953664217142,3932
182.48458882123887,192.58940987742966,3933
182.7037943356993,192.39954495128634,3934
182.92306097785485,192.20995238649675,3935
183.14237658041543,192.02064276425958,3936
183.36172889027293,191.83162672272556,3937
183.58110557056048,191.6429149554643,3938
183.80049420276907,191.45451820988907,3939
184.01988228892387,191.26644728563997,3940
184.23925725381474,191.07871303292737,3941
184.4586064472834,190.891326350834,3942
184.67791714656536,190.70429818557793,3943
184.89717655868455,190.51763952873608,3944
185.11637182290133,190.33136141542968,3945
185.3354900132117,190.14547492247158,3946
185.55451814089633,189.95999116647673,3947
185.77344315711866,189.7749213019364,3948
185.99225195557054,189.59027651925717,3949
186.2109313751636,189.406068042765,3950
186.42946820276575,189.22230712867605,3951
186.64784917598092,189.03900506303447,3952
186.8660609859696,188.85617315961898,3953
187.0840902803097,188.67382275781839,3954
187.30192366589606,188.49196522047768,3955
187.51954771187567,188.31061193171564,3956
187.73694895261823,188.12977429471525,3957
187.95411389071913,187.94946372948777,3958
188.1710290000336,187.7696916706122,3959
188.38768072874018,187.59046956495064,3960
188.60405550243095,187.4118088693419,3961
188.82013972722655,187.23372104827357,3962
189.0359197929149,187.0562175715343,3963
189.25138207611104,186.87930991184854,3964
189.46651294343442,186.70300954249382,3965
189.6812987547044,186.5273279349017,3966
189.89572586615,186.35227655624706,3967
190.10978063363115,186.17786686702223,3968
190.32344941587095,186.00411031860205,3969
190.53671857769564,185.8310183507982,3970
190.74957449327968,185.65860238940596,3971
190.96200354939512,185.48687384374514,3972
191.17399214866143,185.31584410419526,3973
191.38552671279413,185.1455245397279,3974
191.59659368585045,184.97592649543748,3975
191.8071795374688,184.80706129007154,3976
192.0172707661005,184.63894021356353,3977
192.2268539022309,184.47157452456716,3978
192.43591551158852,184.30497544799735,3979
192.64444219833837,184.13915417257616,3980
192.8524206082594,183.9741218483876,3981
193.05983743190149,183.80988958444095,3982
193.26667940772188,183.64646844624679,3983
193.4729333251972,183.48386945340494,3984
193.6785860279101,183.32210357720632,3985
193.8836244166074,183.16118173825228,3986
194.08803545222878,183.0011148040899,3987
194.2918061589026,182.84191358686692,3988
194.49492362690813,182.68358884100803,3989
194.69737501560107,182.5261512609117,3990
194.89914755630124,182.3696114786724,3991
195.10022855514023,182.21398006182653,3992
195.30060539586682,182.0592675111254,3993
195.5002655426089,181.90548425833535,3994
195.69919654259002,181.7526406640696,3995
195.8973860287984,181.60074701564704,3996
196.0948217226071,181.44981352498561,3997
196.29149143634413,181.2998503265296,3998
196.48738307581002,181.15086747520752,3999
196.6824846427423,181.00287494443072,4000
196.87678423722468,180.8558826241244,4001
197.07027006004046,180.7099003188017,4002
197.26293041496757,180.56493774567076,4003
197.4547537110159,180.42100453278823,4004
197.64572846460376,180.27811021724708,4005
197.8358433016733,180.13626424341234,4006
198.0250869597446,179.99547596115718,4007
198.21344828990584,179.85575462442392,4008
198.40091625873998,179.71710938907435,4009
198.58747995018652,179.57954931184224,4010
198.77312856733778,179.44308334850672,4011
198.9578514341689,179.3077203524598,4012
199.1416379972011,179.1734690732614,4013
199.32447782709724,179.04033815523567,4014
199.5063606201903,178.9083361361231,4015
199.68727619994252,178.7774714457812,4016
199.86721451833694,178.64775240493103,4017
200.04616565719948,178.5191872239608,4018
200.22411982945206,178.3917840017736,4019
200.4010673802969,178.26555072468804,4020
200.57699878833088,178.14049526539372,4021
200.75190466659149,178.01662538195114,4022
200.92577576353276,177.8939487168505,4023
201.0986029639328,177.77247279611638,4024
201.27037728973198,177.65220502846702,4025
201.44108990080292,177.53315270452683,4026
201.61073209565197,177.41532299608403,4027
201.77929531205262,177.29872295540872,4028
201.94677112761167,177.18335951461603,4029
202.1131512602685,177.069239485083,4030
202.27842756872747,176.95636955691612,4031
202.44259205282478,176.8447562984701,4032
202.60563685383008,176.73440615591713,4033
202.76755425468335,176.62532545286527,4034
202.92833668016823,176.51752039002878,4035
203.08797669702244,176.41099704494528,4036
203.24646701398552,176.3057613717444,4037
203.40380048178588,176.20181920096317,4038
203.55997009306734,176.09917623940999,4039
203.71496898225587,175.9978380700755,4040
203.86879042536853,175.8978101520911,4041
204.0214278397645,175.79909782073275,4042
204.17287478384014,175.70170628747053,4043
204.3231249566684,175.6056406400631,4044
204.4721721975847,175.51090584269588,4045
204.62001048571926,175.4175067361629,4046
204.76663393947783,175.32544803809128,4047
204.91203681597213,175.23473434320644,4048
205.0562135104003,175.14537012363965,4049
205.19915855537985,175.0573597292745,4050
205.34086662023296,174.9707073881332,4051
205.48133251022705,174.88541720680072,4052
205.62055116577014,174.80149317088714,4053
205.7585176615639,174.71893914552507,4054
205.8952272057143,174.63775887590435,4055
206.03067513880248,174.55795598783942,4056
206.16485693291602,174.47953398837262,4057
206.29776819064259,174.40249626640778,4058
206.42940464402747,174.3268460933772,4059
206.55976215349543,174.25258662393853,4060
206.6888367067393,174.1797208967016,4061
206.8166244175759,174.10825183498352,4062
206.94312152477087,174.03818224759203,4063
207.06832439083405,173.96951482963541,4064
207.19222950078594,173.90225216335696,4065
207.31483346089723,173.8363967189961,4066
207.4361329974029,173.77195085567075,4067
207.55612495519122,173.70891682228432,4068
207.6748062964701,173.6472967584522,4069
207.79217409941097,173.58709269545136,4070
207.90822555677266,173.52830655718643,4071
208.02295797450518,173.4709401611765,4072
208.13636877033608,173.4149952195587,4073
208.2484554723394,173.36047334010806,4074
208.35921571748904,173.30737602727285,4075
208.46864725019776,173.25570468322485,4076
208.57674792084276,173.20546060892255,4077
208.6835156842792,173.15664500518724,4078
208.78894859834264,173.1092589737909,4079
208.89304482234158,173.06330351855397,4080
208.99580261554138,173.01877954645352,4081
209.09722033564046,172.97568786873998,4082
209.1972964372396,172.93402920206148,4083
209.29602947030625,172.89380416959548,4084
209.39341807863386,172.85501330218617,4085
209.48946099829755,172.81765703948744,4086
209.5841570561079,172.78173573110936,4087
209.6775051680623,172.74724963776933,4088
209.7695043377964,172.71419893244476,4089
209.86015365503505,172.68258370152847,4090
209.94945229404524,172.65240394598405,4091
210.03739951209016,172.62365958250274,4092
210.1239946478869,172.59635044465887,4093
210.20923712006717,172.57047628406414,4094
210.29312642564315,172.54603677152036,4095
210.3756621384778,172.523031498169,4096
210.45684390776185,172.50145997663748,4097
210.53667145649734,172.48132164218117,4098
210.61514457998823,172.46261585382112,4099
210.69226314433953,172.4453418954757,4100
210.7680270849651,172.42949897708652,4101
210.84243640510473,172.41508623573807,4102
210.91549117435153,172.402102736769,4103
210.98719152718942,172.39054747487677,4104
211.05753766154243,172.38041937521317,4105
211.12652983733523,172.37171729447115,4106
211.19416837506617,172.364440021962,4107
211.26045365439307,172.358586280683,4108
211.3253861127322,172.35415472837371,4109
211.38896624387104,172.35114395856246,4110
211.45119459659492,172.34955250160058,4111
211.51207177332898,172.3493788256849,4112
211.57159842879403,172.35062133786872,4113
211.6297752686789,172.35327838505884,4114
211.68660304832764,172.35734825500106,4115
211.74208257144335,172.36282917725075,4116
211.7962146888081,172.36971932413087,4117
211.84900029702013,172.378016811675,4118
211.90044033724712,172.38771970055663,4119
211.95053579399772,172.39882599700303,4120
211.99928769391008,172.41133365369484,4121
212.0466971045585,172.42524057064927,4122
212.09276513327765,172.44054459608924,4123
212.13749292600588,172.4572435272949,4124
212.18088166614586,172.4753351114409,4125
212.22293257344492,172.49481704641587,4126
212.26364690289353,172.51568698162617,4127
212.30302594364287,172.5379425187834,4128
212.34107101794172,172.56158121267384,4129
212.37778348009238,172.58660057191187,4130
212.41316471542586,172.61299805967622,4131
212.44721613929676,172.64077109442803,4132
212.47993919609758,172.66991705061295,4133
212.51133535829254,172.7004332593441,4134
212.54140612547127,172.73231700906874,4135
212.57015302342228,172.76556554621658,4136
212.59757760322591,172.8001760758303,4137
212.62368144036753,172.8361457621786,4138
212.64846613387044,172.8734717293508,4139
212.67193330544856,172.91215106183395,4140
212.69408459867904,172.9521808050721,4141
212.7149216781951,172.99355796600693,4142
212.73444622889838,173.03627951360085,4143
212.7526599551912,173.08034237934228,4144
212.76956458022894,173.12574345773237,4145
212.78516184519214,173.1724796067546,4146
212.79945350857827,173.2205476483251,4147
212.8124413455134,173.26994436872667,4148
212.82412714708363,173.32066651902397,4149
212.83451271968593,173.37271081546106,4150
212.84359988439888,173.42607393984136,4151
212.85139047637267,173.4807525398903,4152
212.8578863442389,173.53674322959898,4153
212.86308934953925,173.5940425895528,4154
212.86700136617404,173.65264716724062,4155
212.86962427986956,173.712553477347,4156
212.87095998766466,173.77375800202876,4157
212.87101039741654,173.8362571911722,4158
212.86977742732526,173.90004746263585,4159
212.86726300547724,173.96512520247404,4160
212.86346906940727,174.03148676514616,4161
212.85839756567952,174.09912847370794,4162
212.85205044948665,174.16804661998668,4163
212.84442968426768,174.23823746474102,4164
212.83553724134387,174.30969723780365,4165
212.82537509957297,174.38242213820917,4166
212.81394524502142,174.4564083343062,4167
212.80124967065447,174.53165196385316,4168
212.7872903760442,174.6081491341004,4169
212.7720693670951,174.68589592185572,4170
212.75558865578725,174.76488837353605,4171
212.73785025993698,174.84512250520407,4172
212.71885620297468,174.92659430259127,4173
212.69860851373997,175.00929972110484,4174
212.67710922629365,175.0932346858233,4175
212.6543603797468,175.1783950914765,4176
212.63036401810643,175.26477680241265,4177
212.60512219013788,175.35237565255213,4178
212.57863694924362,175.44118744532904,4179
212.55091035335852,175.53120795361855,4180
212.52194446486115,175.62243291965288,4181
212.49174135050134,175.71485805492523,4182
212.46030308134357,175.808479040081,4183
212.4276317327262,175.9032915247975,4184
212.39372938423625,175.9992911276528,4185
212.3585981196999,176.09647343598328,4186
212.3222400271882,176.19483400572955,4187
212.2846571990381,176.29436836127337,4188
212.24585173188848,176.39507199526287,4189
212.20582572673132,176.49694036842854,4190
212.1645812889776,176.59996890938973,4191
212.1221205285377,176.70415301445132,4192
212.07844555991667,176.80948804739168,4193
212.0335585023237,176.91596933924188,4194
211.98746147979588,177.02359218805654,4195
211.94015662133617,177.13235185867603,4196
211.89164606106507,177.24224358248182,4197
211.84193193838667,177.35326255714477,4198
211.79101639816784,177.46540394636403,4199
211.73890159093133,177.57866287960164,4200
211.6855896730622,177.69303445181015,4201
211.6310828070276,177.80851372315297,4202
211.57538316160958,177.92509571871983,4203
211.51849291215098,178.04277542823786,4204
211.4604142408144,178.16154780577597,4205
211.4011493368534,178.28140776944443,4206
211.34070039689703,178.40235020109233,4207
211.27906962524597,178.52436994599864,4208
211.216259234182,178.64746181256118,4209
211.15227144428863,178.77162057198123,4210
211.08710848478455,178.89684095794598,4211
211.02077259386874,179.02311766630933,4212
210.9532660190773,179.15044535476704,4213
210.88459101765184,179.2788186425354,4214
210.81474985691995,179.40823211002302,4215
210.74374481468604,179.53868029850778,4216
210.67157817963457,179.67015770980694,4217
210.59825225174342,179.80265880594447,4218
210.52376934270876,179.93617800884132,4219
210.44813177638062,180.07070969993404,4220
210.37134188920916,180.20624821998936,4221
210.29340203070126,180.34278786856675,4222
210.21431456388797,180.48032290386723,4223
210.13408186580187,180.6188475423477,4224
210.0527063279647,180.75835595840118,4225
209.970190356885,180.89884228405074,4226
209.8865363745655,181.04030060863192,4227
209.80174681902042,181.1827249784818,4228
209.71582414480213,181.32610939663752,4229
209.62877082353745,181.4704478225317,4230
209.54058934447303,181.61573417169558,4231
209.45128221503006,181.76196231546757,4232
209.36085196136798,181.90912608070698,4233
209.26930112895678,182.057219249513,4234
209.1766322831585,182.2062355589496,4235
209.08284800981681,182.3561687007775,4236
208.9879509158553,182.5070123211925,4237
208.891943629884,182.65876002057172,4238
208.79482880281398,182.81140535322618,4239
208.69660910848,182.96494182716293,4240
208.59728724427077,183.1193629038528,4241
208.49686593176722,183.27466199800992,4242
208.3953479173879,183.43083247737812,4243
208.29273597304217,183.58786766252732,4244
208.18903289679014,183.74576082665843,4245
208.08424151350997,183.90450519542014,4246
207.97836467557195,184.0640939467335,4247
207.87140526351925,184.2245202106303,4248
207.7633661867552,184.38577706909854,4249
207.65425038423714,184.54785755594142,4250
207.5440608251763,184.7107546566479,4251
207.43280050974366,184.87446130827348,4252
207.32047246978203,185.03897039933454,4253
207.20707976952332,185.20427476971358,4254
207.09262550631172,185.37036721057854,4255
206.97711281133226,185.5372404643138,4256
206.86054485034384,185.70488722446416,4257
206.7429248244183,185.87330013569326,4258
206.6242559706833,186.04247179375432,4259
206.50454156307035,186.2123947454756,4260
206.38378491306696,186.3830614887588,4261
206.26198937047303,186.55446447259285,4262
206.13915832416143,186.7265960970811,4263
206.01529520284194,186.89944871348357,4264
205.89040347582917,187.07301462427372,4265
205.76448665381366,187.24728608321024,4266
205.63754828963596,187.42225529542395,4267
205.50959197906417,187.5979144175197,4268
205.3806213615734,187.7742555576937,4269
205.2506401211283,187.95127077586662,4270
205.11965198696765,188.1289520838314,4271
204.9876607343909,188.3072914454176,4272
204.85467018554644,188.48628077667144,4273
204.72068421022146,188.6659119460507,4274
204.58570672663308,188.84617677463672,4275
204.44974170222025,189.0270670363617,4276
204.31279315443686,189.2085744582519,4277
204.17486515154465,189.39069072068716,4278
204.03596181340703,189.57340745767618,4279
203.89608731228225,189.7567162571482,4280
203.7552458736165,189.94060866126006,4281
203.61344177683617,190.12507616671985,4282
203.4706793561395,190.31011022512598,4283
203.32696300128637,190.49570224332294,4284
203.1822971583871,190.68184358377175,4285
203.0366863306891,190.86852556493736,4286
202.89013507936133,191.05573946169088,4287
202.74264802427626,191.24347650572798,4288
202.59422984478886,191.43172788600248,4289
202.44488528051255,191.62048474917515,4290
202.29461913209136,191.80973820007836,4291
202.1434362619684,191.99947930219514,4292
201.99134159514995,192.18969907815358,4293
201.8383401199647,192.38038851023603,4294
201.68443688881814,192.5715385409027,4295
201.5296370189416,192.7631400733298,4296
201.3739456931353,192.95518397196187,4297
201.21736816050503,193.14766106307843,4298
201.0599097371927,193.34056213537366,4299
200.90157580709902,193.53387794055087,4300
200.74237182259952,193.72759919392902,4301
200.58230330525217,193.92171657506324,4302
200.4213758464966,194.11622072837815,4303
200.25959510834463,194.31110226381307,4304
200.0969668240615,194.50635175748056,4305
199.93349679883733,194.70195975233622,4306
199.76919091044837,194.89791675886084,4307
199.60405510990716,195.09421325575352,4308
199.4380954221022,195.29083969063646,4309
199.27131794642506,195.48778648077052,4310
199.10372885738587,195.685044013781,4311
198.93533440521577,195.88260264839454,4312
198.7661409164561,196.0804527151852,4313
198.5961547945338,196.27858451733044,4314
198.4253825203226,196.47698833137702,4315
198.25383065268863,196.67565440801474,4316
198.08150582902178,196.87457297286025,4317
197.90841476574965,197.07373422724837,4318
197.73456425883586,197.27312834903142,4319
197.55996118426077,197.47274549338707,4320
197.38461249848459,197.6725757936328,4321
197.2085252388917,197.87260936204757,4322
197.031706524217,198.0728362907008,4323
196.85416355495124,198.27324665228716,4324
196.67590361372754,198.47383050096767,4325
196.49693406568636,198.67457787321672,4326
196.3172623588194,198.87547878867449,4327
196.13689602429113,199.07652325100437,4328
195.95584267673826,199.2777012487556,4329
195.77411001454533,199.47900275622996,4330
195.59170582009682,199.68041773435317,4331
195.4086379600046,199.8819361315501,4332
195.22491438531026,200.08354788462353,4333
195.04054313166165,200.2852429196362,4334
194.85553231946287,200.48701115279644,4335
194.66989015399756,200.688842491346,4336
194.4836249255244,200.89072683445104,4337
194.29674500934397,201.09265407409484,4338
194.10925886583723,201.29461409597317,4339
193.92117504047425,201.49659678039112,4340
193.73250216379262,201.69859200316134,4341
193.54324895134545,201.90058963650418,4342
193.3534242036178,202.10257954994862,4343
193.1630368059113,202.30455161123405,4344
192.97209572819602,202.506495687213,4345
192.78061002492967,202.70840164475442,4346
192.58858883484265,202.9102593516472,4347
192.39604138068924,203.11205867750382,4348
192.2029769689637,203.3137894946644,4349
192.0094049895816,203.51544167910015,4350
191.81533491552457,203.71700511131678,4351
191.62077630244957,203.91846967725766,4352
191.42573878826076,204.11982526920613,4353
191.23023209264434,204.32106178668755,4354
191.03426601656565,204.52216913737,4355
190.83785044172825,204.7231372379649,4356
190.6409953299941,204.92395601512604,4357
190.44371072276516,205.1246154063478,4358
190.2460067403254,205.32510536086266,4359
190.0478935811436,205.52541584053657,4360
189.84938152113537,205.72553682076423,4361
189.65048091288585,205.92545829136228,4362
189.451202184831,206.12517025746158,4363
189.25155584039868,206.3246627403978,4364
189.05155245710864,206.52392577860098,4365
188.85120268563114,206.72294942848347,4366
188.6505172488042,206.92172376532625,4367
188.4495069406101,207.12023888416417,4368
188.24818262510874,207.31848490066946,4369
188.04655523533174,207.51645195203378,4370
187.84463577213242,207.71413019784887,4371
187.64243530299623,207.9115098209857,4372
187.4399649608083,208.10858102847203,4373
187.23723594257984,208.30533405236852,4374
187.03425950813386,208.50175915064352,4375
186.8310469787485,208.6978466080462,4376
186.6276097357602,208.8935867369783,4377
186.42395921912615,209.08896987836437,4378
186.22010692594534,209.28398640252055,4379
186.016064408941,209.4786267100221,4380
185.81184327490075,209.67288123256907,4381
185.60745518308042,209.86674043385088,4382
185.4029118435665,210.06019481040943,4383
185.19822501560043,210.25323489250044,4384
184.99340650586626,210.44585124495362,4385
184.78846816673894,210.63803446803132,4386
184.58342189449712,210.8297751982855,4387
184.37827962749947,211.02106410941335,4388
184.17305334432524,211.21189191311137,4389
183.96775506187942,211.40224935992745,4390
183.76239683346583,211.59212724011206,4391
183.55699074682448,211.78151638446687,4392
183.35154892213833,211.97040766519228,4393
183.14608351000814,212.15879199673287,4394
182.94060668939608,212.34666033662097,4395
182.73513066554062,212.53400368631813,4396
182.52966766784246,212.72081309205475,4397
182.3242299477223,212.90707964566732,4398
182.1188297764534,213.09279448543356,4399
181.9134794429678,213.2779487969049,4400
181.70819125163732,213.46253381373654,4401
181.50297752003547,213.64654081851498,4402
181.29785057667257,213.82996114358244,4403
181.0928227587126,214.0127861718582,4404
180.88790640967053,214.1950073376574,4405
180.68311387709545,214.3766161275054,4406
180.4784575102241,214.5576040809497,4407
180.27394965763995,214.73796279136715,4408
180.06960266489955,214.91768390676796,4409
179.86542887215657,215.0967591305949,4410
179.6614406117562,215.27518022251837,4411
179.4576502058691,215.45293899922663,4412
179.25406996405152,215.63002733521117,4413
179.05071218084515,215.80643716354686,4414
178.84758913335344,215.98216047666648,4415
178.64471307881996,216.15718932712963,4416
178.4420962521997,216.33151582838553,4417
178.23975086373625,216.50513215552937,4418
178.03768909653328,216.67803054605187,4419
177.83592310413388,216.85020330058228,4420
177.63446500810025,217.0216427836235,4421
177.43332689560117,217.19234142427985,4422
177.2325208170043,217.36229171697687,4423
177.03205878348103,217.53148622217248,4424
176.83195276461754,217.69991756705988,4425
176.63221468603987,217.86757844626095,4426
176.43285642705203,218.03446162251058,4427
176.23388981828907,218.200559927331,4428
176.03532663938535,218.36586626169617,4429
175.83717861666352,218.53037359668542,4430
175.63945742083956,218.6940749741266,4431
175.44217466475058,218.85696350722742,4432
175.24534190110552,219.01903238119567,4433
175.04897062025853,219.18027485384724,4434
174.85307224800673,219.34068425620177,4435
174.65765814341776,219.50025399306568,4436
174.4627395966817,219.65897754360174,4437
174.2683278269945,219.81684846188583,4438
174.07443398047144,219.97386037744914,4439
173.88106912809238,220.1300069958068,4440
173.688244263681,220.2852820989714,4441
173.49597030191651,220.43967954595226,4442
173.30425807638343,220.59319327323877,4443
173.11311833765643,220.74581729526872,4444
172.92256175142327,220.89754570488057,4445
172.73259889664712,221.0483726737493,4446
172.54324026376858,221.19829245280596,4447
172.35449625294854,221.34729937264024,4448
172.16637717235318,221.49538784388625,4449
171.97889323648135,221.6425523575903,4450
171.79205456453647,221.7887874855614,4451
171.60587117884208,221.93408788070383,4452
171.4203530033028,222.07844827733135,4453
171.23550986191205,222.22186349146287,4454
171.05135147730562,222.36432842109986,4455
170.867887469363,222.50583804648437,4456
170.68512735385673,222.6463874303383,4457
170.50308054115,222.78597171808332,4458
170.32175633494344,222.92458613804132,4459
170.1411639310715,223.06222600161513,4460
169.9613124163483,223.1988867034497,4461
169.78221076746408,223.33456372157335,4462
169.60386784993227,223.46925261751886,4463
169.42629241708687,223.60294903642455,4464
169.24949310913144,223.73564870711525,4465
169.07347845223902,223.86734744216287,4466
168.8982568577036,223.99804113792678,4467
168.72383662114254,224.1277257745737,4468
168.55022592175095,224.25639741607728,4469
168.37743282160773,224.38405221019735,4470
168.20546526503202,224.5106863884387,4471
168.03433107799208,224.6362962659894,4472
167.86403796756437,224.7608782416391,4473
167.69459352144483,224.88442879767683,4474
167.52600520750943,225.0069444997686,4475
167.3582803734265,225.12842199681492,4476
167.19142624631849,225.24885802078845,4477
167.02544993247412,225.36824938655138,4478
166.8603584171094,225.48659299165354,4479
166.69615856417835,225.60388581611048,4480
166.53285711623198,225.72012492216209,4481
166.37046069432537,225.83530745401237,4482
166.20897579797267,225.94943063754934,4483
166.04840880514868,226.06249178004674,4484
165.88876597233755,226.17448826984665,4485
165.73005343462657,226.2854175760236,4486
165.57227720584595,226.39527724803065,4487
165.4154431787526,226.50406491532735,4488
165.2595571252581,226.6117782869899,4489
165.10462469669957,226.71841515130396,4490
164.95065142415305,226.82397337534024,4491
164.79764271878878,226.92845090451323,4492
164.6456038722668,227.03184576212308,4493
164.49454005717297,227.13415604888175,4494
164.3444563274941,227.2353799424227,4495
164.19535761913139,227.335515696795,4496
164.04724875045167,227.4345616419426,4497
163.90013442287486,227.53251618316804,4498
163.75401922149737,227.62937780058203,4499
163.60890761575052,227.72514504853862,4500
163.46480396009278,227.8198165550565,4501
163.32171249473484,227.9133910212268,4502
163.17963734639713,228.0058672206079,4503
163.03858252909816,228.09724399860727,4504
162.89855194497363,228.18752027185133,4505
162.75954938512393,228.27669502754284,4506
162.62157853049075,228.36476732280738,4507
162.48464295276068,228.45173628402793,4508
162.34874611529548,228.53760110616935,4509
162.21389137408735,228.62236105209206,4510
162.0800819787392,228.70601545185608,4511
161.94732107346803,228.78856370201515,4512
161.8156116981313,228.87000526490203,4513
161.68495678927445,228.95033966790493,4514
161.55535918119963,229.0295665027357,4515
161.42682160705385,229.1076854246898,4516
161.29934669993582,229.18469615189926,4517
161.1729369940211,229.26059846457792,4518
161.04759492570366,229.3353922042606,4519
160.9233228347541,229.4090772730353,4520
160.80012296549225,229.48165363277025,4521
160.67799746797473,229.55312130433464,4522
160.55694839919545,229.62348036681473,4523
160.43697772429846,229.69273095672517,4524
160.31808731780285,229.76087326721608,4525
160.2002789648379,229.82790754727574,4526
160.0835543623887,229.89383410093015,4527
159.96791512054992,229.95865328643933,4528
159.85336276378922,230.02236551549052,4529
159.7398987322166,230.0849712523893,4530
159.62752438286165,230.14647101324832,4531
159.51624099095594,230.20686536517428,4532
159.4060497512208,230.26615492545398,4533
159.2969517791595,230.3243403607386,4534
159.18894811235322,230.38142238622788,4535
159.08203971175956,230.43740176485358,4536
158.97622746301377,230.49227930646333,4537
158.87151217773126,230.5460558670039,4538
158.76789459481097,230.59873234770626,4539
158.66537538173935,230.65030969427045,4540
158.56395513589342,230.7007888960524,4541
158.4636343858434,230.75017098525174,4542
158.36441359265316,230.79845703610206,4543
158.2662931511792,230.8456481640622,4544
158.169273391366,230.8917455250112,4545
158.073354579539,230.93675031444465,4546
157.97853691969271,230.98066376667478,4547
157.88482055477587,231.0234871540332,4548
157.79220556796997,231.06522178607744,4549
157.70069198396422,231.10586900880048,4550
157.61027977022343,231.14543020384488,4551
157.52096883825018,231.1839067877205,4552
157.43275904484028,231.22130021102666,4553
157.345650193331,231.25761195767882,4554
157.25964203484196,231.29284354413997,4555
157.17473426950778,231.3269965186569,4556
157.09092654770285,231.3600724605018,4557
157.0082184712572,231.3920729792187,4558
156.92660959466366,231.4229997138759,4559
156.84609942627534,231.45285433232354,4560
156.76668742949389,231.48163853045756,4561
156.68837302394746,231.50935403148887,4562
156.61115558665904,231.53600258521934,4563
156.53503445320365,231.5615859673236,4564
156.46000891885544,231.58610597863742,4565
156.38607823972328,231.60956444445253,4566
156.31324163387572,231.631963213818,4567
156.2414982824541,231.65330415884884,4568
156.17084733077442,231.6735891740406,4569
156.10128788941702,231.69282017559175,4570
156.0328190353047,231.7109991007331,4571
155.96543981276858,231.7281279070637,4572
155.8991492346014,231.74420857189452,4573
155.8339462830989,231.75924309159964,4574
155.76982991108824,231.77323348097448,4575
155.70679904294389,231.78618177260154,4576
155.64485257559093,231.798090016224,4577
155.58398937949488,231.80896027812668,4578
155.5242082996395,231.81879464052452,4579
155.46550815649047,231.8275952009595,4580
155.40788774694693,231.8353640717044,4581
155.351345845279,231.84210337917486,4582
155.29588120405302,231.84781526334947,4583
155.24149255504238,231.85250187719737,4584
155.188178610126,231.8561653861139,4585
155.13593806217312,231.8588079673642,4586
155.08476958591453,231.8604318095347,4587
155.03467183880102,231.86103911199288,4588
154.98564346184767,231.8606320843544,4589
154.93768308046566,231.85921294595892,4590
154.89078930527998,231.8567839253534,4591
154.84496073293428,231.8533472597838,4592
154.8001959468821,231.8489051946943,4593
154.75649351816529,231.84345998323494,4594
154.7138520061785,231.83701388577725,4595
154.67226995942116,231.82956916943735,4596
154.6317459162358,231.82112810760748,4597
154.5922784055335,231.8116929794958,4598
154.5538659475063,231.80126606967286,4599
154.51650705432638,231.7898496676274,4600
154.4802002308328,231.7774460673293,4601
154.44494397520467,231.76405756680015,4602
154.41073677962234,231.74968646769258,4603
154.37757713091528,231.73433507487633,4604
154.34546351119735,231.7180056960326,4605
154.3143943984901,231.70070064125616,4606
154.28436826733284,231.68242222266528,4607
154.25538358938087,231.66317275401855,4608
154.22743883399127,231.6429545503403,4609
154.20053246879638,231.62176992755303,4610
154.1746629602653,231.59962120211748,4611
154.14982877425354,231.57651069068004,4612
154.12602837654046,231.55244070972788,4613
154.10326023335503,231.52741357525147,4614
154.08152281189012,231.501431602414,4615
154.06081458080496,231.47449710522858,4616
154.04113401071612,231.44661239624256,4617
154.02247957467722,231.4177797862289,4618
154.00484974864747,231.38800158388483,4619
153.98824301194873,231.35728009553765,4620
153.97265784771187,231.32561762485722,4621
153.958092743312,231.2930164725761,4622
153.94454619079298,231.25947893621594,4623
153.93201668728113,231.22500730982102,4624
153.92050273538842,231.18960388369896,4625
153.91000284360516,231.15327094416767,4626
153.90051552668223,231.11601077330926,4627
153.8920393060032,231.07782564873068,4628
153.88457270994618,231.03871784333072,4629
153.87811427423566,230.99868962507423,4630
153.8726625422845,230.95774325677186,4631
153.868216065526,230.91588099586707,4632
153.86477340373628,230.87310509422898,4633
153.86233312534705,230.82941779795217,4634
153.86089380774905,230.78482134716228,4635
153.86045403758587,230.73931797582773,4636
153.86101241103873,230.69290991157845,4637
153.86256753410183,230.64559937552966,4638
153.8651180228488,230.59738858211261,4639
153.8686625036903,230.54827973891085,4640
153.87319961362252,230.49827504650264,4641
153.878728000467,230.44737669830943,4642
153.88524632310188,230.39558688045003,4643
153.8927532516846,230.34290777160047,4644
153.90124746786594,230.28934154286023,4645
153.91072766499585,230.2348903576234,4646
153.92119254832102,230.17955637145647,4647
153.9326408351741,230.12334173198087,4648
153.9450712551553,230.06624857876153,4649
153.9584825503052,230.00827904320118,4650
153.97287347527032,229.94943524843993,4651
153.98824279746052,229.88971930926022,4652
154.00458929719883,229.8291333319974,4653
154.02191176786357,229.7676794144557,4654
154.0402090160226,229.7053596458295,4655
154.05947986156067,229.64217610662993,4656
154.0797231377986,229.57813086861665,4657
154.10093769160562,229.51322599473514,4658
154.12312238350435,229.44746353905882,4659
154.14627608776826,229.38084554673677,4660
154.17039769251235,229.31337405394626,4661
154.19548609977642,229.24505108785053,4662
154.2215402256016,229.17587866656154,4663
154.2485590000996,229.10585879910826,4664
154.2765413675154,229.03499348540916,4665
154.30548628628262,228.9632847162503,4666
154.33539272907277,228.89073447326845,4667
154.36625968283684,228.81734472893856,4668
154.39808614884123,228.74311744656686,4669
154.43087114269593,228.6680545802885,4670
154.4646136943771,228.59215807507007,4671
154.49931284824243,228.51542986671717,4672
154.53496766304,228.43787188188668,4673
154.5715772119111,228.3594860381038,4674
154.60914058238623,228.28027424378422,4675
154.64765687637455,228.2002383982608,4676
154.68712521014731,228.11938039181527,4677
154.72754471431463,228.0377021057145,4678
154.76891453379602,227.9552054122515,4679
154.8112338277847,227.87189217479184,4680
154.85450176970537,227.7877642478238,4681
154.8987175471659,227.70282347701416,4682
154.94388036190253,227.61707169926828,4683
154.98998942971932,227.53051074279514,4684
155.0370439804205,227.44314242717698,4685
155.0850432577374,227.3549685634438,4686
155.13398651924877,227.2659909541527,4687
155.18387303629478,227.17621139347176,4688
155.23470209388506,227.08563166726884,4689
155.28647299060032,226.99425355320517,4690
155.33918503848767,226.9020788208336,4691
155.39283756295004,226.80910923170177,4692
155.4474299026287,226.71534653946006,4693
155.5029614092804,226.62079248997418,4694
155.5594314476473,226.52544882144295,4695
155.6168393953214,226.42931726452056,4696
155.67518464260183,226.33239954244388,4697
155.73446659234682,226.23469737116469,4698
155.7946846598182,226.13621245948664,4699
155.85583827252032,226.03694650920718,4700
155.91792687003226,225.93690121526467,4701
155.98094990383342,225.83607826589014,4702
156.044906837123,225.73447934276413,4703
156.1097971446325,225.63210612117874,4704
156.1756203124319,225.52896027020446,4705
156.2423758377296,225.4250434528622,4706
156.31006322866472,225.32035732630064,4707
156.37868200409375,225.21490354197812,4708
156.4482316933699,225.10868374585039,4709
156.5187118361156,225.0016995785633,4710
156.59012198198846,224.89395267565055,4711
156.66246169044007,224.785444667737,4712
156.735730530468,224.67617718074715,4713
156.80992808036072,224.56615183611905,4714
156.88505392743525,224.45537025102348,4715
156.96110766776803,224.34383403858905,4716
157.03808890591813,224.23154480813196,4717
157.11599725464364,224.11850416539212,4718
157.19483233461028,224.00471371277442,4719
157.27459377409284,223.89017504959574,4720
157.35528120866897,223.77488977233753,4721
157.4368942809056,223.65885947490443,4722
157.51943264003728,223.54208574888833,4723
157.6028959416373,223.4245701838384,4724
157.6872838472807,223.30631436753708,4725
157.77259602419912,223.18731988628193,4726
157.85883214492824,223.0675883251736,4727
157.94599188694676,222.94712126840957,4728
158.03407493230702,222.82592029958445,4729
158.12308096725806,222.70398700199593,4730
158.21300968185938,222.5813229589575,4731
158.3038607695871,222.45792975411698,4732
158.39563392693094,222.33380897178188,4733
158.48832885298302,222.20896219725066,4734
158.5819452490175,222.0833910171509,4735
158.67648281806186,221.95709701978382,4736
158.77194126445866,221.83008179547534,4737
158.8683202934188,221.70234693693396,4738
158.96561961056526,221.5738940396154,4739
159.06383892146758,221.44472470209385,4740
159.16297793116757,221.31484052644015,4741
159.2630363436944,221.18424311860707,4742
159.36401386157146,221.05293408882127,4743
159.46591018531257,220.92091505198283,4744
159.56872501290866,220.78818762807117,4745
159.67245803930487,220.65475344255898,4746
159.77710895586728,220.52061412683273,4747
159.88267744983955,220.38577131862095,4748
159.98916320378964,220.25022666242978,4749
160.0965658950459,220.1139818099859,4750
160.20488519512284,219.977038420687,4751
160.31412076913645,219.83939816206006,4752
160.42427227520858,219.70106271022695,4753
160.53533936386097,219.56203375037805,4754
160.64732167739825,219.4223129772534,4755
160.7602188492796,219.2819020956321,4756
160.87403050348016,219.14080282082895,4757
160.9887562538404,218.9990168791999,4758
161.10439570340495,218.85654600865482,4759
161.22094844374934,218.71339195917875,4760
161.33841405429607,218.5695564933611,4761
161.45679210161848,218.42504138693337,4762
161.57608213873323,218.27984842931468,4763
161.69628370438096,218.1339794241659,4764
161.81739632229525,217.98743618995215,4765
161.93941950045954,217.84022056051356,4766
162.06235273035202,217.69233438564467,4767
162.1861954861786,217.54377953168205,4768
162.31094722409335,217.3945578821009,4769
162.4366073814073,217.24467133811976,4770
162.5631753757844,217.09412181931418,4771
162.69065060442537,216.94291126423886,4772
162.8190324432391,216.79104163105853,4773
162.94832024600157,216.63851489818762,4774
163.0785133435022,216.48533306493846,4775
163.20961104267758,216.33149815217863,4776
163.34161262573278,216.17701220299637,4777
163.47451734924968,216.0218772833756,4778
163.6083244432831,215.86609548287933,4779
163.74303311044366,215.70966891534155,4780
163.87864252496857,215.55259971956875,4781
164.01515183177887,215.39489006004925,4782
164.15256014552483,215.2365421276722,4783
164.29086654961796,215.07755814045467,4784
164.43007009525078,214.9179403442778,4785
164.57016980040356,214.7576910136318,4786
164.7111646488384,214.59681245236925,4787
164.85305358908133,214.43530699446728,4788
164.99583553339085,214.27317700479844,4789
165.1395093567147,214.11042487990994,4790
165.28407389563404,213.94705304881145,4791
165.4295279472951,213.7830639737714,4792
165.57587026832857,213.61846015112124,4793
165.72309957375725,213.45324411206897,4794
165.87121453589097,213.28741842351943,4795
166.02021378321007,213.12098568890406,4796
166.1700958992369,212.95394854901758,4797
166.32085942139585,212.78630968286325,4798
166.47250283986156,212.61807180850565,4799
166.62502459639603,212.44923768393096,4800
166.77842308317466,212.27981010791487,4801
166.9326966416013,212.1097919208978,4802
167.08784356111252,211.93918600586736,4803
167.24386207797147,211.76799528924766,4804
167.40075037405157,211.59622274179551,4805
167.55850657561004,211.42387137950357,4806
167.71712875205213,211.25094426450926,4807
167.8766149146855,211.07744450601055,4808
168.03696301546563,210.90337526118748,4809
168.19817094573287,210.72873973612934,4810
168.36023653494044,210.55354118676775,4811
168.52315754937516,210.37778291981442,4812
168.68693169086959,210.20146829370458,4813
168.8515565955078,210.02460071954434,4814
169.01702983232354,209.8471836620634,4815
169.18334890199287,209.6692206405708,4816
169.35051123551978,209.49071522991534,4817
169.51851419291737,209.311671061449,4818
169.68735506188318,209.1320918239933,4819
169.85703105647087,208.95198126480895,4820
170.02753931575745,208.77134319056714,4821
170.19887690250738,208.5901814683232,4822
170.37104080183354,208.40850002649185,4823
170.5440279198567,208.22630285582312,4824
170.71783508236305,208.0435940103795,4825
170.89245903346054,207.86037760851278,4826
171.06789643423568,207.67665783384106,4827
171.2441438614103,207.49243893622466,4828
171.42119780599953,207.30772523274118,4829
171.59905467197214,207.1225211086583,4830
171.77771077491238,206.93683101840486,4831
171.95716234068726,206.75065948653867,4832
172.13740550411592,206.5640111087109,4833
172.31843630764564,206.37689055262703,4834
172.50025070003255,206.1893025590025,4835
172.68284453503074,206.00125194251368,4836
172.86621357008707,205.81274359274286,4837
173.05035346504636,205.62378247511663,4838
173.23525978086477,205.43437363183753,4839
173.42092797833456,205.24452218280743,4840
173.60735341681985,205.0542333265428,4841
173.79453135300514,204.86351234108076,4842
173.98245693965686,204.67236458487486,4843
174.17112522439987,204.48079549768073,4844
174.36053114850958,204.28881060143001,4845
174.55066954572033,204.09641550109208,4846
174.74153514105177,203.90361588552332,4847
174.93312254965406,203.71041752830195,4848
175.1254262756733,203.51682628854894,4849
175.31844071113767,203.32284811173318,4850
175.51216013486646,203.12848903046086,4851
175.7065787114019,202.9337551652472,4852
175.90169048996654,202.738652725271,4853
176.09748940344556,202.54318800911025,4854
176.29396926739727,202.3473674054575,4855
176.49112377909134,202.15119739381566,4856
176.68894651657607,201.95468454517186,4857
176.88743093777842,201.75783552264903,4858
177.08657037963394,201.56065708213427,4859
177.28635805725241,201.3631560728833,4860
177.48678706311446,201.16533943809955,4861
177.68785036631016,200.9672142154873,4862
177.889540811808,200.7687875377782,4863
178.09185111976765,200.57006663322932,4864
178.29477388489028,200.37105882609293,4865
178.49830157580976,200.17177153705615,4866
178.7024265345276,199.97221228365012,4867
178.90714097588938,199.77238868062736,4868
179.11243698711067,199.57230844030636,4869
179.3183065273428,199.3719793728831,4870
179.52474142729048,199.17140938670758,4871
179.73173338887963,198.9706064885251,4872
179.93927398496893,198.76957878368117,4873
180.14735465911136,198.5683344762892,4874
180.35596672539515,198.3668818693598,4875
180.56510136828803,198.16522936489127,4876
180.77474964257848,197.96338546391948,4877
180.9849024733623,197.76135876652774,4878
181.19555065607378,197.55915797181407,4879
181.4066848565903,197.35679187781642,4880
181.61829561138703,197.15426938139402,4881
181.83037332775575,196.95159947806488,4882
182.04290828408347,196.7487912617977,4883
182.2558906301923,196.54585392475838,4884
182.46931038774608,196.34279675700967,4885
182.68315745071644,196.13962914616346,4886
182.89742158591767,195.9363605769852,4887
183.11209243360358,195.73300063094922,4888
183.3271595081353,195.5295589857449,4889
183.54261219871046,195.32604541473285,4890
183.7584397701667,195.12246978635017,4891
183.97463136384775,194.9188420634649,4892
184.19117599854286,194.7151723026785,4893
184.40806257149305,194.51147065357574,4894
184.62527985946855,194.30774735792326,4895
184.8428165199168,194.1040127488131,4896
185.06066109217974,193.90027724975448,4897
185.27880199878442,193.69655137371083,4898
185.49722754680224,193.49284572208293,4899
185.71592592928147,193.28917098363783,4900
185.9348852267504,193.08553793338294,4901
186.15409340879148,192.8819574313859,4902
186.373538335688,192.678440421539,4903
186.59320776014118,192.4749979302692,4904
186.81308932905796,192.2716410651929,4905
187.03317058541086,192.06838101371608,4906
187.2534389701668,191.8652290415796,4907
187.47388182428693,191.66219649134973,4908
187.69448639079533,191.45929478085432,4909
187.9152398169173,191.25653540156486,4910
188.13612915628505,191.0539299169245,4911
188.35714137121184,190.85148996062253,4912
188.57826333503203,190.64922723481607,4913
188.79948183450756,190.44715350829838,4914
189.02078357229917,190.24528061461575,4915
189.24215516950133,190.04362045013258,4916
189.46358316824015,189.84218497204557,4917
189.68505403433252,189.64098619634765,4918
189.906554160006,189.44003619574252,4919
190.1280698666773,189.2393470975105,4920
190.3495874077882,189.03893108132684,4921
190.5710929716978,188.83880037703295,4922
190.79257268462928,188.63896726236186,4923
191.0140126136692,188.43944406061902,4924
191.23539876981798,188.24024313831913,4925
191.45671711109,188.04137690278054,4926
191.67795354566104,187.84285779967863,4927
191.8990939350613,187.64469831055808,4928
192.1201240974122,187.44691095030825,4929
192.3410298107046,187.24950826459894,4930
192.5617968161168,187.0525028272815,4931
192.78241082136984,186.85590723775545,4932
193.0028575041177,186.65973411830143,4933
193.2231225153711,186.46399611138295,4934
193.44319148295114,186.26870587691832,4935
193.66305001497184,186.07387608952482,4936
193.88268370334845,185.87951943573498,4937
194.10207812732875,185.6856486111898,4938
194.3212188570464,185.49227631780772,4939
194.54009145709153,185.29941526093245,4940
194.75868149009852,185.1070781464619,4941
194.9769745203461,184.9152776779592,4942
195.19495611736926,184.72402655374822,4943
195.41261185957853,184.5333374639947,4944
195.62992733788582,184.34322308777706,4945
195.84688815933208,184.15369609014533,4946
196.0634799507164,183.96476911917432,4947
196.27968836222212,183.77645480300927,4948
196.49549907103793,183.58876574690862,4949
196.7108977849719,183.40171453028464,4950
196.92587024605476,183.21531370374439,4951
197.1404022341301,183.02957578613254,4952
197.3544795704296,182.84451326158003,4953
197.56808812112962,182.6601385765563,4954
197.7812138008871,182.4764641369337,4955
197.99384257635208,182.29350230505767,4956
198.20596046965474,182.1112653968349,4957
198.41755356186317,181.92976567883238,4958
198.62860799641103,181.74901536539193,4959
198.83910998249138,181.56902661576802,4960
199.04904579841505,181.38981153128282,4961
199.25840179493045,181.21138215250272,4962
199.4671643985032,181.03375045644344,4963
199.67532011455287,180.8569283537971,4964
199.882855530645,180.68092768619147,4965
200.08975731963528,180.50576022347647,4966
200.29601224276533,180.3314376610429,4967
200.50160715270633,180.1579716171816,4968
200.70652899654988,179.98537363046958,4969
200.9107648187433,179.81365515716382,4970
201.11430176396792,179.64282756874832,4971
201.31712707995825,179.47290214936,4972
201.5192281202606,179.3038900933705,4973
201.72059234692955,179.13580250297204,4974
201.92120733316017,178.96865038582015,4975
202.12106076585508,178.8024446527127,4976
202.32014044812445,178.63719611532386,4977
202.51843430171806,178.4729154839862,4978
202.71593036938773,178.30961336552105,4979
202.91261681717907,178.14730026112449,4980
203.1084819366514,177.98598656430548,4981
203.3035141470252,177.8256825588769,4982
203.49770199725518,177.6663984170027,4983
203.69103416802943,177.50814419730207,4984
203.88349947369258,177.35092984301042,4985
204.07508686409315,177.1947651801988,4986
204.265785426354,177.0396599160516,4987
204.45558438656568,176.88562363720453,4988
204.64447311140182,176.7326658081448,4989
204.83244110965668,176.58079576966793,4990
205.019478033704,176.43002273740106,4991
205.20557368087742,176.28035580038505,4992
205.39071799477225,176.13180391972202,4993
205.574901066468,175.98437592728237,4994
205.7581131356727,175.83808052447824,4995
205.94034459178812,175.69292628109898,4996
206.1215859748965,175.54892163421033,4997
206.30182797666941,175.40607488711757,4998
206.48106144119785,175.26439420839347,4999
206.6592773657458,175.1238876309684,5000
206.83646690142575,174.98456305128576,5001
207.01262135379827,174.84642822852013,5002
207.18773218339513,174.70949078386016,5003
207.3617910061674,174.57375819985327,5004
207.5347895938588,174.43923781981454,5005
207.70671987430495,174.30593684729791,5006
207.8775739316601,174.17386234562946,5007
208.04734400655116,174.0430212375028,5008
208.2160224961609,173.913420304636,5009
208.3836019542406,173.7850661874885,5010
208.55007509105383,173.6579653850395,5011
208.71543477325196,173.53212425462485,5012
208.8796740236825,173.407549011833,5013
209.04278602113203,173.28424573045953,5014
209.20476410000416,173.16222034251908,5015
209.3656017499342,173.04147863831324,5016
209.52529261534198,172.92202626655472,5017
209.68383049492343,172.8038687345462,5018
209.84120934108327,172.68701140841296,5019
209.9974232593092,172.57145951338893,5020
210.15246650748946,172.45721813415406,5021
210.3063334951756,172.34429221522376,5022
210.45901878279062,172.23268656138637,5023
210.61051708078563,172.12240583819215,5024
210.76082324874477,172.0134545724876,5025
210.90993229444163,171.90583715299766,5026
211.05783937284696,171.79955783095355,5027
211.20453978509047,171.69462072076468,5028
211.35002897737778,171.5910298007335,5029
211.4943025398636,171.48878891381312,5030
211.6373562054838,171.38790176840456,5031
211.77918584874652,171.28837193919543,5032
211.91978748448508,171.1902028680351,5033
212.05915726657332,171.09339786484847,5034
212.1972914866055,170.99796010858446,5035
212.33418657254208,170.90389264820053,5036
212.46983908732253,170.81119840367933,5037
212.60424572744756,170.71988016707832,5038
212.73740332153147,170.62994060360992,5039
212.86930882882615,170.54138225275184,5040
212.99995933771905,170.45420752938506,5041
213.12935206420548,170.36841872495944,5042
213.25748435033745,170.28401800868542,5043
213.38435366265014,170.20100742874973,5044
213.5099575905676,170.11938891355538,5045
213.63429384478923,170.039164272983,5046
213.75736025565755,169.96033519967386,5047
213.87915477151006,169.8829032703321,5048
213.9996754570154,169.8068699470461,5049
214.11892049149537,169.73223657862658,5050
214.2368881672346,169.6590044019615,5051
214.3535768877784,169.58717454338566,5052
214.46898516622076,169.51674802006426,5053
214.58311162348318,169.44772574138906,5054
214.69595498658583,169.38010851038678,5055
214.80751408691245,169.313897025137,5056
214.917787858469,169.24909188020075,5057
215.02677533613928,169.18569356805605,5058
215.13447565393616,169.12370248054242,5059
215.24088804325154,169.06311891031007,5060
215.3460118311049,169.00394305227567,5061
215.44984643839194,168.9461750050816,5062
215.55239137813408,168.88981477255885,5063
215.65364625373005,168.83486226519227,5064
215.75361075721025,168.78131730158722,5065
215.85228466749496,168.729179609937,5066
215.94966784865704,168.6784488294891,5067
216.04576024819045,168.62912451201143,5068
216.14056189528497,168.58120612325564,5069
216.23407289910799,168.53469304441768,5070
216.32629344709432,168.48958457359487,5071
216.41722380324472,168.4458799272385,5072
216.50686430643384,168.40357824160083,5073
216.59521536872802,168.36267857417664,5074
216.68227747371415,168.32317990513766,5075
216.76805117483974,168.28508113876012,5076
216.8525370937651,168.24838110484356,5077
216.93573591872791,168.21307856012166,5078
217.0176484029213,168.17917218966363,5079
217.09827536288535,168.14666060826505,5080
217.17761767691286,168.11554236182917,5081
217.25567628346997,168.0858159287364,5082
217.33245217963167,168.05747972120275,5083
217.40794641953323,168.0305320866259,5084
217.48216011283756,168.00497130891833,5085
217.55509442321875,167.98079560982833,5086
217.62675056686274,167.95800315024647,5087
217.69712981098516,167.93659203149878,5088
217.7662334723663,167.91656029662488,5089
217.83406291590435,167.8979059316423,5090
217.9006195531862,167.88062686679476,5091
217.96590484107722,167.86472097778517,5092
218.02992028032912,167.8501860869933,5093
218.09266741420691,167.83701996467627,5094
218.154147827135,167.82522033015357,5095
218.21436314336228,167.8147848529748,5096
218.27331502564695,167.80571115407042,5097
218.33100517396082,167.79799680688507,5098
218.38743532421321,167.79163933849412,5099
218.44260724699512,167.78663623070125,5100
218.49652274634295,167.7829849211195,5101
218.5491836585227,167.78068280423273,5102
218.6005918508342,167.77972723244008,5103
218.65074922043542,167.78011551708133,5104
218.69965769318745,167.78184492944357,5105
218.74731922251965,167.7849127017495,5106
218.79373578831516,167.78931602812668,5107
218.83890939581696,167.79505206555783,5108
218.88284207455436,167.80211793481223,5109
218.92553587728966,167.81051072135796,5110
218.96699287898568,167.8202274762548,5111
219.00721517579322,167.83126521702815,5112
219.04620488405925,167.8436209285235,5113
219.0839641393553,167.85729156374177,5114
219.12049509552597,167.87227404465514,5115
219.1557999237579,167.88856526300373,5116
219.1898808116688,167.90616208107284,5117
219.22273996241634,167.9250613324508,5118
219.25437959382754,167.94525982276792,5119
219.2848019375475,167.96675433041554,5120
219.3140092382083,167.9895416072465,5121
219.34200375261744,168.01361837925612,5122
219.36878774896593,168.03898134724378,5123
219.3943635060559,168.065627187456,5124
219.41873331254732,168.09355255221018,5125
219.44189946622447,168.1227540704997,5126
219.46386427328105,168.15322834857952,5127
219.4846300476243,168.18497197053398,5128
219.50419911019821,168.21798149882548,5129
219.52257378832525,168.25225347482433,5130
219.53975641506665,168.28778441932073,5131
219.55574932860108,168.32457083301824,5132
219.57055487162165,168.36260919700896,5133
219.58417539075086,168.40189597323064,5134
219.59661323597356,168.44242760490636,5135
219.60787076008782,168.48420051696525,5136
219.61795031817306,168.52721111644715,5137
219.62685426707603,168.5714557928886,5138
219.63458496491364,168.61693091869162,5139
219.6411447705934,168.66363284947596,5140
219.64653604335038,168.71155792441343,5141
219.6507611423011,168.76070246654618,5142
219.65382242601396,168.8110627830875,5143
219.65572225209635,168.86263516570676,5144
219.65646297679766,168.91541589079782,5145
219.65604695462858,168.96940121973049,5146
219.65447653799632,169.0245873990872,5147
219.65175407685538,169.08097066088328,5148
219.64788191837442,169.13854722277114,5149
219.64286240661752,169.1973132882298,5150
219.63669788224175,169.25726504673864,5151
219.62939068220916,169.31839867393626,5152
219.62094313951377,169.38071033176436,5153
219.61135758292335,169.444196168597,5154
219.60063633673545,169.50885231935564,5155
219.58878172054844,169.57467490560907,5156
219.5757960490459,169.64166003566058,5157
219.56168163179558,169.7098038046197,5158
219.54644077306216,169.77910229446158,5159
219.5300757716336,169.84955157407225,5160
219.51258892066087,169.9211476992807,5161
219.49398250751156,169.99388671287818,5162
219.47425881363588,170.0677646446241,5163
219.45342011444654,170.14277751124013,5164
219.43146867921095,170.2189213163911,5165
219.40840677095625,170.29619205065435,5166
219.38423664638714,170.37458569147668,5167
219.35896055581574,170.45409820311966,5168
219.332580743104,170.53472553659353,5169
219.30509944561805,170.61646362957993,5170
219.2765188941945,170.69930840634302,5171
219.24684131311884,170.78325577763027,5172
219.2160689201148,170.86830164056235,5173
219.18420392634593,170.95444187851282,5174
219.1512485364282,171.0416723609773,5175
219.1172049484539,171.12998894343315,5176
219.08207535402633,171.219387467189,5177
219.04586193830607,171.309863759225,5178
219.00856688006726,171.401413632024,5179
218.97019235176515,171.49403288339306,5180
218.9307405196139,171.58771729627716,5181
218.89021354367478,171.68246263856344,5182
218.8486135779547,171.77826466287752,5183
218.80594277051475,171.875119106372,5184
218.76220326358913,171.97302169050622,5185
218.71739719371323,172.07196812081983,5186
218.6715266918623,172.1719540866974,5187
218.62459388359906,172.2729752611272,5188
218.57660088923123,172.37502730045247,5189
218.5275498239784,172.47810584411604,5190
218.4774427981479,172.58220651439888,5191
218.42628191732018,172.687324916152,5192
218.37406928254302,172.7934566365232,5193
218.32080699053466,172.90059724467707,5194
218.266497133896,173.00874229151094,5195
218.21114180133094,173.11788730936456,5196
218.15474307787613,173.22802781172484,5197
218.0973030451384,173.33915929292743,5198
218.03882378154103,173.45127722785148,5199
217.9793073625782,173.56437707161254,5200
217.91875586107778,173.67845425925026,5201
217.85717134747162,173.7935042054122,5202
217.7945558900745,173.9095223040359,5203
217.7309115553706,174.02650392802553,5204
217.66624040830766,174.14444442892747,5205
217.60054451259913,174.26333913660235,5206
217.53382593103348,174.3831833588951,5207
217.4660867257914,174.50397238130242,5208
217.39732895876998,174.62570146663884,5209
217.32755469191468,174.74836585470172,5210
217.25676598755794,174.87196076193274,5211
217.18496490876535,174.99648138108108,5212
217.11215351968855,175.12192288086422,5213
217.03833388592517,175.24828040562804,5214
216.96350807488577,175.3755490750073,5215
216.88767815616703,175.5037239835861,5216
216.81084620193232,175.6328002005575,5217
216.73301428729803,175.76277276938558,5218
216.65418449072726,175.89363670746567,5219
216.5743588944292,176.0253870057884,5220
216.4935395847651,176.1580186286026,5221
216.4117286526606,176.29152651308135,5222
216.328928194024,176.4259055689886,5223
216.24514031017077,176.56115067834963,5224
216.16036710825387,176.69725669512098,5225
216.07461070170004,176.83421844486642,5226
215.98787321065208,176.97203072443293,5227
215.90015676241669,177.110688301631,5228
215.8114634919178,177.250185914918,5229
215.7217955421561,177.39051827308657,5230
215.6311550646731,177.53168005495263,5231
215.53954422002172,177.67366590905456,5232
215.4469651782412,177.81647045334898,5233
215.35342011933795,177.96008827491679,5234
215.25891123377133,178.10451392967218,5235
215.16344072294459,178.2497419420753,5236
215.0670107997003,178.39576680485342,5237
214.96962368882203,178.54258297872533,5238
214.87128162753925,178.69018489213204,5239
214.77198686603816,178.83856694097514,5240
214.6717416679768,178.98772348835627,5241
214.5705483110047,179.1376488643344,5242
214.4684090872873,179.28833736567418,5243
214.36532630403457,179.4397832556174,5244
214.2613022840342,179.59198076364703,5245
214.15633936618883,179.74492408527092,5246
214.05043990605773,179.89860738180852,5247
213.94360627640253,180.05302478018132,5248
213.8358408677367,180.20817037271473,5249
213.72714608887952,180.36403821696138,5250
213.6175243675134,180.52062233549415,5251
213.5069781507452,180.67791671576194,5252
213.3955099056712,180.83591530991322,5253
213.28312211994574,180.99461203464267,5254
213.1698173023532,181.15400077104948,5255
213.05559798338368,181.31407536449967,5256
212.94046671581157,181.4748296245037,5257
212.8244260752778,181.6362573245997,5258
212.70747866087504,181.79835220224786,5259
212.58962709573586,181.9611079587358,5260
212.4708740276241,182.1245182590942,5261
212.3512221295287,182.2885767320209,5262
212.2306741002608,182.45327696982113,5263
212.1092326650531,182.61861252834973,5264
211.98690057616182,182.7845769269734,5265
211.86368061347122,182.9511636485373,5266
211.73957558510074,183.118366139348,5267
211.61458832801367,183.28617780916235,5268
211.4887217086287,183.45459203119276,5269
211.36197862343303,183.62360214212094,5270
211.23436199959747,183.79320144212397,5271
211.10587479559373,183.96338319491227,5272
210.97652000181264,184.13414062777966,5273
210.84630064118485,184.30546693166437,5274
210.71521976980205,184.47735526122182,5275
210.5832804775402,184.64979873491095,5276
210.4504858886838,184.82279043509072,5277
210.316839162551,184.99632340812929,5278
210.18234349411975,185.17039066452588,5279
210.04700211465504,185.34498517904328,5280
209.91081829233636,185.52009989085406,5281
209.7737953328859,185.6957277036974,5282
209.63593658019732,185.87186148604943,5283
209.49724541696435,186.0484940713039,5284
209.35772526530988,186.22561825796726,5285
209.21737958741468,186.40322680986304,5286
209.0762118861462,186.5813124563506,5287
208.93422570568657,186.75986789255407,5288
208.79142463216067,186.93888577960493,5289
208.6478122942627,187.1183587448943,5290
208.50339236388285,187.29827938233916,5291
208.35816855673184,187.47864025265875,5292
208.21214463296513,187.659433883663,5293
208.06532439780528,187.8406527705528,5294
207.91771170216253,188.0222893762315,5295
207.76931044325428,188.2043361316274,5296
207.62012456522163,188.38678543602785,5297
207.47015805974465,188.56962965742426,5298
207.3194149666545,188.75286113286793,5299
207.16789937454348,188.93647216883681,5300
207.01561542137193,189.120455041613,5301
206.8625672950721,189.30480199767038,5302
206.708759234149,189.489505254073,5303
206.55419552827743,189.67455699888336,5304
206.39888051889554,189.8599493915806,5305
206.24281859979416,190.04567456348903,5306
206.08601421770192,190.23172461821548,5307
205.9284718728662,190.41809163209672,5308
205.77019611962896,190.60476765465586,5309
205.6111915669977,190.7917447090679,5310
205.45146287921105,190.97901479263368,5311
205.2910147762992,191.16656987726327,5312
205.12985203463776,191.3544019099667,5313
204.96797948749625,191.54250281335356,5314
204.80540202557964,191.73086448614075,5315
204.64212459756342,191.91947880366686,5316
204.47815221062154,192.1083376184152,5317
204.31348993094704,192.29743276054327,5318
204.14814288426516,192.4867560384197,5319
203.98211625633803,192.67629923916766,5320
203.81541529346168,192.86605412921477,5321
203.6480453029538,193.0560124548495,5322
203.4800116536329,193.24616594278328,5323
203.31131977628814,193.43650630071858,5324
203.1419751641388,193.62702521792238,5325
202.97198337328498,193.81771436580496,5326
202.80135002314648,194.00856539850366,5327
202.6300807968918,194.1995699534713,5328
202.45818144185574,194.39071965206924,5329
202.28565776994532,194.5820061001648,5330
202.11251565803386,194.7734208887322,5331
201.93876104834277,194.96495559445776,5332
201.76439994881062,195.1566017803484,5333
201.58943843344886,195.3483509963433,5334
201.4138826426844,195.540194779929,5335
201.23773878368792,195.73212465675653,5336
201.0610131306879,195.92413214126185,5337
200.88371202527009,196.11620873728842,5338
200.70584187666134,196.30834593871145,5339
200.52740916199826,196.5005352300644,5340
200.34842042657954,196.6927680871673,5341
200.16888228410204,196.885035977756,5342
199.98880141687954,197.0773303621131,5343
199.80818457604474,197.2696426936996,5344
199.6270385817328,197.4619644197878,5345
199.44537032324715,197.65428698209422,5346
199.26318675920666,197.84660181741359,5347
199.08049491767332,198.03890035825285,5348
198.8973018962604,198.23117403346512,5349
198.7136148622212,198.423414268884,5350
198.52944105251683,198.6156124879572,5351
198.34478777386315,198.80776011238015,5352
198.15966240275668,198.9998485627291,5353
197.97407238547873,199.19186925909335,5354
197.78802523807713,199.38381362170668,5355
197.60152854632554,199.57567307157834,5356
197.41458996565999,199.76743903112256,5357
197.22721722109148,199.95910292478698,5358
197.03941810709523,200.15065617968028,5359
196.85120048747535,200.34209022619802,5360
196.66257229520517,200.53339649864736,5361
196.473541532242,200.72456643587032,5362
196.28411626931725,200.9155914818653,5363
196.09430464570016,201.10646308640742,5364
195.90411486893538,201.29717270566667,5365
195.71355521455433,201.48771180282503,5366
195.52263402575932,201.6780718486913,5367
195.33135971308093,201.86824432231447,5368
195.13974075400725,202.0582207115953,5369
194.94778569258557,202.24799251389615,5370
194.75550313899606,202.43755123664883,5371
194.56290176909687,202.6268883979609,5372
194.36999032394,202.81599552722005,5373
194.17677760925912,203.0048641656968,5374
193.9832724949275,203.19348586714537,5375
193.7894839143864,203.3818521984027,5376
193.59542086404454,203.5699547399861,5377
193.40109240264687,203.757785086689,5378
193.2065076506134,203.94533484817515,5379
193.0116757893486,204.132595649571,5380
192.81660606051966,204.319559132057,5381
192.62130776530444,204.5062169534571,5382
192.4257902636091,204.6925607888268,5383
192.23006297325514,204.87858233104004,5384
192.03413536913567,205.0642732913746,5385
191.8380169823404,205.2496254000964,5386
191.6417173992513,205.43463040704242,5387
191.44524626060596,205.61928008220275,5388
191.24861326053153,205.8035662163015,5389
191.0518281455475,205.98748062137673,5390
190.8549007135379,206.1710151313593,5391
190.65784081269348,206.35416160265143,5392
190.4606583404234,206.5369119147038,5393
190.26336324223692,206.7192579705926,5394
190.06596551059502,206.90119169759538,5395
189.86847518373276,207.08270504776698,5396
189.67090234445178,207.26378999851414,5397
189.47325711888388,207.44443855317084,5398
189.27554967522573,207.62464274157188,5399
189.07779022244532,207.8043946206273,5400
188.87998900895934,207.98368627489603,5401
188.68215632128408,208.16250981715936,5402
188.48430248265805,208.3408573889942,5403
188.2864378516379,208.51872116134638,5404
188.08857282066793,208.69609333510374,5405
187.89071781462374,208.8729661416691,5406
187.69288328933038,209.04933184353342,5407
187.49507973005535,209.2251827348485,5408
187.2973176499777,209.40051114199994,5409
187.09960758863335,209.5753094241804,5410
186.90196011033683,209.74956997396217,5411
186.7043858025815,209.9232852178699,5412
186.50689527441725,210.09644761695384,5413
186.30949915480727,210.2690496673621,5414
186.11220809096548,210.44108390091364,5415
185.91503274667284,210.61254288567048,5416
185.71798380057635,210.78341922650995,5417
185.52107194446916,210.95370556569677,5418
185.32430788155406,211.12339458345465,5419
185.12770232469092,211.29247899853743,5420
184.9312659946278,211.4609515687999,5421
184.7350096182185,211.62880509176787,5422
184.5389439266263,211.79603240520774,5423
184.34307965351474,211.96262638769488,5424
184.14742753322685,212.12857995918154,5425
183.95199829895438,212.29388608156341,5426
183.75680268089567,212.45853775924516,5427
183.56185140440604,212.62252803970435,5428
183.36715518814063,212.78585001405423,5429
183.17272474218967,212.94849681760468,5430
182.97857076620798,213.1104616304211,5431
182.7847039475411,213.27173767788173,5432
182.59113495934682,213.43231823123253,5433
182.3978744587141,213.5921966081395,5434
182.20493308478115,213.7513661732387,5435
182.01232145685347,213.9098203386833,5436
181.8200501725215,214.0675525646875,5437
181.628129805781,214.2245563600675,5438
181.43657090515612,214.38082528277857,5439
181.24538399182725,214.53635294044878,5440
181.0545795577616,214.6911329909084,5441
180.86416806385432,214.84515914271532,5442
180.6741599380708,214.998425155676,5443
180.48456557360706,215.15092484136147,5444
180.29539532704527,215.30265206361864,5445
180.10665951653428,215.45360073907585,5446
179.91836841998162,215.60376483764344,5447
179.73053227322535,215.75313838300826,5448
179.5431612682849,215.90171545312188,5449
179.35626555156605,216.0494901806829,5450
179.16985522210535,216.19645675361195,5451
178.98394032983478,216.34260941552049,5452
178.7985308738593,216.4879424661718,5453
178.6136368007527,216.63245026193482,5454
178.42926800287773,216.77612721622995,5455
178.24543431672137,216.91896779996694,5456
178.06214552125536,217.06096654197435,5457
177.87941133631995,217.2021180294203,5458
177.69724142102854,217.34241690822458,5459
177.5156453722004,217.48185788346103,5460
177.33463272281537,217.62043571975107,5461
177.15421294049656,217.758145241647,5462
176.97439542602072,217.89498133400525,5463
176.79518951185491,218.03093894235002,5464
176.61660446072275,218.16601307322543,5465
176.43864946419941,218.3001987945375,5466
176.26133364133813,218.43349123588487,5467
176.0846660373243,218.56588558887827,5468
175.90865562216567,218.69737710744835,5469
175.7333112894104,218.82796110814175,5470
175.5586418548994,218.95763297040546,5471
175.38465605555194,219.0863881368584,5472
175.21136254818597,219.21422211355122,5473
175.03876990837006,219.34113047021285,5474
174.86688662931257,219.46710884048457,5475
174.69572112078532,219.59215292214122,5476
174.52528170808208,219.71625847729877,5477
174.35557663101423,219.83942133260865,5478
174.1866140429419,219.96163737943903,5479
174.01840200984222,220.0829025740416,5480
173.8509485094147,220.2032129377054,5481
173.6842614302234,220.32256455689577,5482
173.51834857087644,220.4409535833802,5483
173.35321763924443,220.55837623433936,5484
173.18887625171496,220.6748287924639,5485
173.02533193248607,220.79030760603703,5486
172.86259211289803,220.90480908900275,5487
172.7006641308024,221.0183297210193,5488
172.53955522997,221.13086604749802,5489
172.37927255953662,221.2424146796279,5490
172.21982317348724,221.35297229438513,5491
172.0612140301779,221.4625356345281,5492
171.90345199189665,221.57110150857775,5493
171.74654382446073,221.67866679078298,5494
171.59049619685337,221.78522842107165,5495
171.43531568089708,221.8907834049866,5496
171.28100875096467,221.99532881360733,5497
171.12758178372798,222.09886178345667,5498
170.97504105794255,222.2013795163933,5499
170.8233927542703,222.3028792794894,5500
170.67264295513786,222.40335840489385,5501
170.52279764463105,222.50281428968162,5502
170.37386270842543,222.60124439568807,5503
170.22584393375232,222.6986462493297,5504
170.07874700939922,222.7950174414105,5505
169.9325775257459,222.89035562691447,5506
169.78734097483374,222.98465852478446,5507
169.64304275046962,223.07792391768697,5508
169.49968814836225,223.1701496517637,5509
169.35728236629234,223.2613336363698,5510
169.2158305043143,223.35147384379852,5511
169.07533756498998,223.44056830899308,5512
168.935808453654,223.52861512924582,5513
168.79724797870927,223.61561246388425,5514
168.65966085195308,223.70155853394505,5515
168.52305168893272,223.78645162183534,5516
168.38742500933026,223.87029007098243,5517
168.25278523737492,223.95307228547114,5518
168.11913670228478,224.03479672966978,5519
167.9864836387342,224.11546192784473,5520
167.85483018734837,224.19506646376382,5521
167.72418039522435,224.2736089802886,5522
167.59453821647645,224.35108817895608,5523
167.46590751280672,224.42750281955,5524
167.3382920540996,224.50285171966186,5525
167.21169551903958,224.57713375424188,5526
167.08612149575137,224.65034785514072,5527
166.96157348246268,224.7224930106411,5528
166.8380548881878,224.79356826498082,5529
166.71556903343185,224.86357271786676,5530
166.59411915091513,224.93250552398004,5531
166.47370838631687,225.0003658924732,5532
166.35433979903723,225.06715308645897,5533
166.2360163629775,225.1328664224916,5534
166.11874096733774,225.1975052700403,5535
166.0025164174303,225.2610690509558,5536
165.8873454355098,225.32355723893,5537
165.77323066161847,225.3849693589485,5538
165.66017465444574,225.44530498673728,5539
165.54817989220138,225.50456374820308,5540
165.43724877350263,225.56274531886794,5541
165.3273836182737,225.61984942329818,5542
165.21858666865657,225.67587583452854,5543
165.11086008993408,225.7308243734807,5544
165.00420597146268,225.78469490837767,5545
164.89862632761603,225.8374873541537,5546
164.79412309873754,225.88920167185984,5547
164.69069815210156,225.93983786806572,5548
164.58835328288313,225.9893959942582,5549
164.48709021513517,226.03787614623604,5550
164.38691060277228,226.0852784635021,5551
164.28781603056137,226.13160312865253,5552
164.18980801511788,226.1768503667636,5553
164.0928880059074,226.22102044477623,5554
163.99705738625156,226.26411367087846,5555
163.9023174743385,226.3061303938866,5556
163.80866952423685,226.3470710026244,5557
163.71611472691242,226.38693592530154,5558
163.6246542112478,226.42572562889086,5559
163.53428904506393,226.46344061850473,5560
163.445020236143,226.5000814367716,5561
163.35684873325258,226.53564866321153,5562
163.26977542717057,226.57014291361222,5563
163.18380115170936,226.60356483940527,5564
163.09892668474077,226.6359151270426,5565
163.01515274921948,226.66719449737383,5566
162.9324800142053,226.69740370502424,5567
162.85090909588402,226.7265435377745,5568
162.7704405585863,226.7546148159407,5569
162.69107491580314,226.78161839175678,5570
162.61281263120014,226.80755514875838,5571
162.5356541196271,226.83242600116836,5572
162.4595997481245,226.85623189328476,5573
162.38464983692643,226.8789737988709,5574
162.31080466045836,226.9006527205481,5575
162.2380644483313,226.92126968919055,5576
162.16642938633004,226.94082576332383,5577
162.09589961739678,226.95932202852552,5578
162.0264752426089,226.97675959682974,5579
161.95815632215093,226.99313960613443,5580
161.89094287628032,227.0084632196124,5581
161.8248348862869,227.02273162512574,5582
161.75983229544556,227.0359460346445,5583
161.69593500996197,227.0481076836686,5584
161.63314289991135,227.0592178306541,5585
161.57145580016942,227.06927775644394,5586
161.51087351133626,227.07828876370226,5587
161.45139580065182,227.0862521763539,5588
161.3930224029037,227.09316933902787,5589
161.33575302132678,227.0990416165057,5590
161.2795873284938,227.10387039317482,5591
161.2245249671983,227.10765707248612,5592
161.17056555132805,227.11040307641719,5593
161.11770866672984,227.11210984494033,5594
161.06595387206502,227.1127788354957,5595
161.01530069965625,227.11241152246973,5596
160.9657486563244,227.111009396679,5597
160.91729722421627,227.10857396485954,5598
160.8699458616225,227.10510674916142,5599
160.82369400378607,227.10060928664925,5600
160.77854106370066,227.09508312880817,5601
160.7344864328993,227.0885298410555,5602
160.69152948223302,227.08095100225827,5603
160.64966956263933,227.07234820425674,5604
160.60890600590048,227.06272305139362,5605
160.56923812539168,227.05207716004938,5606
160.5306652168189,227.0404121581835,5607
160.4931865589462,227.027729684882,5608
160.45680141431293,227.01403138991097,5609
160.42150902994024,226.9993189332761,5610
160.38730863802715,226.98359398478866,5611
160.35419945663594,226.9668582236378,5612
160.32218069036742,226.94911333796887,5613
160.29125153102493,226.93036102446828,5614
160.2614111582683,226.9106029879545,5615
160.23265874025682,226.88984094097577,5616
160.2049934342818,226.86807660341387,5617
160.17841438738805,226.84531170209468,5618
160.1529207369852,226.8215479704048,5619
160.128511611448,226.79678714791496,5620
160.10518613070602,226.77103098000993,5621
160.08294340682278,226.74428121752467,5622
160.0617825445638,226.7165396163874,5623
160.04170264195494,226.68780793726884,5624
160.02270279082876,226.65808794523818,5625
160.00478207736143,226.62738140942582,5626
159.98793958259836,226.59569010269234,5627
159.9721743829695,226.56301580130418,5628
159.95748555079408,226.52936028461596,5629
159.9438721547746,226.49472533475944,5630
159.93133326048044,226.45911273633897,5631
159.91986793082125,226.42252427613363,5632
159.90947522650936,226.3849617428059,5633
159.90015420651207,226.34642692661683,5634
159.8919039284938,226.3069216191483,5635
159.88472344924728,226.26644761303126,5636
159.87861182511483,226.2250067016809,5637
159.8735681123995,226.18260067903856,5638
159.86959136776562,226.13923133931982,5639
159.8666806486291,226.09490047676957,5640
159.86483501353823,226.0496098854235,5641
159.86405352254343,226.00336135887628,5642
159.86433523755755,225.95615669005608,5643
159.86567922270612,225.90799767100594,5644
159.86808454466728,225.85888609267167,5645
159.87155027300187,225.80882374469616,5646
159.87607548047384,225.75781241522043,5647
159.88165924336056,225.70585389069103,5648
159.88830064175318,225.65294995567425,5649
159.89599875984757,225.59910239267683,5650
159.90475268622527,225.54431298197278,5651
159.91456151412464,225.4885835014375,5652
159.9254243417027,225.43191572638767,5653
159.93734027228678,225.37431142942827,5654
159.95030841461735,225.31577238030576,5655
159.96432788308041,225.25630034576776,5656
159.9793977979311,225.19589708942956,5657
159.9955172855075,225.13456437164683,5658
160.01268547843486,225.07230394939498,5659
160.0309015158207,225.00911757615503,5660
160.0501645434404,224.94500700180583,5661
160.07047371391343,224.8799739725231,5662
160.09182818687026,224.81402023068455,5663
160.11422712910993,224.74714751478194,5664
160.13766971474874,224.6793575593393,5665
160.16215512535877,224.61065209483795,5666
160.1876825500984,224.54103284764756,5667
160.2142511858327,224.4705015399644,5668
160.24186023724505,224.39905988975553,5669
160.2705089169396,224.32670961070974,5670
160.3001964455345,224.25345241219506,5671
160.33092205174603,224.17928999922276,5672
160.36268497246363,224.1042240724178,5673
160.3954844528158,224.028256327996,5674
160.4293197462273,223.95138845774758,5675
160.46419011446636,223.8736221490276,5676
160.5000948276839,223.79495908475252,5677
160.5370331644432,223.71540094340378,5678
160.57500441173997,223.63494939903774,5679
160.61400786501449,223.55360612130252,5680
160.65404282815382,223.47137277546102,5681
160.69510861348525,223.38825102242112,5682
160.7372045417605,223.3042425187723,5683
160.7803299421312,223.219348916829,5684
160.824484152115,223.13357186468073,5685
160.86966651755245,223.0469130062489,5686
160.91587639255513,222.95937398135055,5687
160.9631131394445,222.87095642576858,5688
161.0113761286811,222.78166197132933,5689
161.0606647387856,222.69149224598638,5690
161.11097835624972,222.60044887391183,5691
161.1623163754383,222.5085334755941,5692
161.21467819848203,222.41574766794278,5693
161.26806323516107,222.32209306440066,5694
161.3224709027791,222.2275712750625,5695
161.37790062602807,222.13218390680106,5696
161.4343518368436,222.0359325634001,5697
161.49182397425128,221.93881884569444,5698
161.55031648420248,221.84084435171775,5699
161.60982881940197,221.74201067685652,5700
161.67036043912486,221.6423194140124,5701
161.7319108090247,221.54177215377103,5702
161.7944794009312,221.44037048457872,5703
161.858065692639,221.33811599292622,5704
161.92266916768594,221.23501026354006,5705
161.98828931512188,221.1310548795814,5706
162.0549256292677,221.02625142285243,5707
162.1225776094641,220.92060147401023,5708
162.19124475981025,220.81410661278846,5709
162.2609265888929,220.70676841822672,5710
162.33162260950482,220.59858846890745,5711
162.40333233835307,220.48956834320106,5712
162.47605529575736,220.37970961951848,5713
162.54979100533748,220.26901387657196,5714
162.62453899369055,220.15748269364383,5715
162.700298790058,220.045117650863,5716
162.77706992598152,219.93192032949003,5717
162.85485193494833,219.81789231221018,5718
162.93364435202596,219.70303518343442,5719
163.01344671348616,219.5873505296093,5720
163.09425855641757,219.47083993953473,5721
163.1760794183276,219.35350500469033,5722
163.25890883673307,219.23534731957037,5723
163.34274634874,219.11636848202727,5724
163.4275914906114,218.9965700936234,5725
163.5134437973243,218.8759537599924,5726
163.60030280211527,218.75452109120803,5727
163.6881680360138,218.6322737021631,5728
163.7770390273648,218.5092132129566,5729
163.86691530133862,218.3853412492899,5730
163.95779637942994,218.26065944287208,5731
164.04968177894386,218.13516943183456,5732
164.14257101247094,218.0088728611544,5733
164.23646358734902,217.88177138308748,5734
164.3313590051138,217.7538666576106,5735
164.42725676093656,217.62516035287288,5736
164.5241563430493,217.49565414565717,5737
164.62205723215806,217.36534972185035,5738
164.7209589008428,217.2342487769236,5739
164.82086081294514,217.10235301642228,5740
164.92176242294323,216.96966415646534,5741
165.02366317531343,216.83618392425493,5742
165.12656250387946,216.70191405859532,5743
165.230459831148,216.56685631042225,5744
165.33535456763167,216.43101244334187,5745
165.44124611115834,216.29438423417997,5746
165.54813384616736,216.15697347354114,5747
165.65601714299234,216.0187819663782,5748
165.7648953571304,215.87981153257178,5749
165.87476782849814,215.74006400751998,5750
165.98563388067336,215.5995412427388,5751
166.0974928201241,215.45824510647236,5752
166.21034393542286,215.31617748431393,5753
166.32418649644777,215.17334027983705,5754
166.4390197535695,215.0297354152376,5755
166.55484293682468,214.88536483198578,5756
166.67165525507454,214.74023049148911,5757
166.78945589515055,214.59433437576587,5758
166.90824402098514,214.4476784881289,5759
167.02801877272915,214.30026485388035,5760
167.1487792658543,214.1520955210169,5761
167.27052459024216,214.00317256094553,5762
167.39325380925888,213.85349806921013,5763
167.5169659588155,213.7030741662287,5764
167.64166004641436,213.551902998041,5765
167.76733505018126,213.3999867370672,5766
167.89398991788357,213.24732758287692,5767
168.02162356593396,213.0939277629688,5768
168.1502348783807,212.93978953356086,5769
168.27982270588274,212.7849151803915,5770
168.41038586467218,212.62930701953044,5771
168.5419231355019,212.47296739820092,5772
168.67443326257933,212.31589869561174,5773
168.80791495248704,212.1581033237998,5774
168.94236687308884,211.99958372848303,5775
169.07778765242307,211.8403423899235,5776
169.21417587758154,211.68038182380056,5777
169.3515300935757,211.51970458209416,5778
169.48984880218944,211.358313253978,5779
169.62913046081889,211.19621046672242,5780
169.76937348129854,211.03339888660742,5781
169.91057622871585,210.86988121984461,5782
170.0527370202123,210.70566021350925,5783
170.19585412377228,210.54073865648107,5784
170.33992575699986,210.37511938039447,5785
170.48495008588424,210.2088052605978,5786
170.63092522355197,210.04179921712114,5787
170.77784922900966,209.8741042156526,5788
170.92572010587372,209.70572326852363,5789
171.07453580109106,209.53665943570152,5790
171.22429420364713,209.36691582579084,5791
171.37499314326624,209.1964955970418,5792
171.52663038909935,209.0254019583663,5793
171.67920364840487,208.85363817036136,5794
171.83271056521824,208.68120754633907,5795
171.98714871901433,208.50811345336334,5796
172.14251562336062,208.334359313293,5797
172.29880872456306,208.15994860383032,5798
172.45602540030418,207.98488485957606,5799
172.6141629582745,207.80917167308877,5800
172.77321863479747,207.63281269594975,5801
172.93318959344887,207.45581163983192,5802
173.09407292367007,207.27817227757322,5803
173.25586563937753,207.0998984442533,5804
173.4185646775674,206.9209940382739,5805
173.58216689691685,206.74146302244134,5806
173.74666907638277,206.561309425052,5807
173.91206791379744,206.3805373409793,5808
174.07836002446368,206.19915093276182,5809
174.24554193974802,206.0171544316927,5810
174.41361010567496,205.83455213890872,5811
174.58256088152035,205.6513484264796,5812
174.7523905384078,205.46754773849602,5813
174.92309525790606,205.2831545921565,5814
175.09467113062996,205.09817357885203,5815
175.26711415484496,204.91260936524785,5816
175.4404202350774,204.7264666943622,5817
175.61458518072806,204.53975038664086,5818
175.7896047046954,204.35246534102703,5819
175.96547442200384,204.16461653602573,5820
176.14218984844132,203.9762090307622,5821
176.31974639920674,203.78724796603342,5822
176.498139387568,203.59773856535185,5823
176.67736402352932,203.40768613598092,5824
176.85741541251514,203.21709606996149,5825
177.03828855406346,203.025973845128,5826
177.21997834053687,202.83432502611387,5827
177.402479555849,202.64215526534556,5828
177.58578687420498,202.4494703040237,5829
177.76989485886634,202.25627597309088,5830
177.95479796092724,202.0625781941856,5831
178.14049051811912,201.86838298058035,5832
178.32696675363152,201.67369643810406,5833
178.5142207749578,201.47852476604717,5834
178.7022465727671,201.28287425804916,5835
178.89103801979667,201.08675130296643,5836
179.08058886977878,200.89016238572066,5837
179.27089275638738,200.69311408812618,5838
179.46194319221956,200.4956130896954,5839
179.65373356780935,200.29766616842096,5840
179.84625715066326,200.09928020153433,5841
180.03950708433607,199.90046216623895,5842
180.23347638758452,199.7012191404177,5843
180.4281579534202,199.5015583033128,5844
180.62354454838612,199.30148693617795,5845
180.81962881174385,199.1010124229009,5846
181.0164032547339,198.90014225059593,5847
181.2138602598901,198.69888401016436,5848
181.4119920803856,198.4972453968237,5849
181.61079083942434,198.29523421060193,5850
181.8102485296827,198.09285835679808,5851
182.01035701279403,197.89012584640676,5852
182.2111080188831,197.68704479650575,5853
182.41249314614953,197.483623430606,5854
182.6145038605051,197.2798700789625,5855
182.81713149525856,197.07579317884523,5856
183.02036725085992,196.87140127476906,5857
183.2242021946947,196.6667030186813,5858
183.42862726093782,196.46170717010662,5859
183.63363325046362,196.2564225962472,5860
183.83921083081466,196.05085827203823,5861
184.04535053623084,195.8450232801566,5862
184.25204276773925,195.63892681098324,5863
184.45927779330705,195.43257816251662,5864
184.66704574805615,195.22598674023754,5865
184.8753366345439,195.01916205692385,5866
185.08414032310833,194.81211373241408,5867
185.29344655228024,194.60485149331993,5868
185.50324492926245,194.39738517268538,5869
185.71352493047712,194.1897247095927,5870
185.92427590218279,193.98188014871457,5871
186.13548706116086,193.77386163981058,5872
186.3471474954734,193.56567943716848,5873
186.55924616529168,193.35734389898911,5874
186.77177190379726,193.14886548671385,5875
186.9847134181558,192.9402547642949,5876
187.19805929056375,192.73152239740702,5877
187.41179797936903,192.5226791526006,5878
187.62591782026627,192.31373589639568,5879
187.84040702756545,192.10470359431596,5880
188.05525369553644,191.89559330986305,5881
188.27044579982788,191.6864162034299,5882
188.4859711989613,191.47718353115417,5883
188.7018176359012,191.26790664370986,5884
188.91797273969874,191.05859698503838,5885
189.1344240272126,190.84926609101814,5886
189.35115890490317,190.63992558807237,5887
189.56816467070294,190.43058719171648,5888
189.78542851596006,190.221262705043,5889
190.0029375274572,190.0119640171458,5890
190.22067868950322,189.80270310148347,5891
190.4386388860988,189.59349201418084,5892
190.65680490317357,189.38434289227087,5893
190.87516343089604,189.17526795187553,5894
191.093701066054,188.96627948632712,5895
191.31240431450527,188.75738986423045,5896
191.53125959369763,188.548611527465,5897
191.75025323525665,188.33995698913003,5898
191.96937148764147,188.1314388314314,5899
192.18860051886523,187.92306970351146,5900
192.40792641928127,187.71486231922302,5901
192.6273352044315,187.5068294548478,5902
192.84681281795767,187.29898394676064,5903
193.06634513457172,187.09133868904044,5904
193.28591796308604,186.8839066310286,5905
193.50551704949973,186.67670077483615,5906
193.72512808014068,186.46973417280157,5907
193.94473668486097,186.2630199248986,5908
194.16432844028353,186.0565711760977,5909
194.3838888730988,185.85040111368102,5910
194.60340346340877,185.64452296451245,5911
194.8228576481161,185.43894999226504,5912
195.0422368243569,185.2336954946062,5913
195.26152635297453,185.02877280034343,5914
195.48071156203176,184.824195266531,5915
195.6997777503597,184.6199762755413,5916
195.9187101911405,184.41612923209925,5917
196.13749413552156,184.21266756028615,5918
196.35611481625895,184.00960470051,5919
196.57455745138702,183.8069541064483,5920
196.79280724791218,183.60472924196281,5921
197.01084940552755,183.40294357798842,5922
197.2286691203468,183.20161058940042,5923
197.44625158865318,183.00074375185866,5924
197.66358201066222,182.80035653863453,5925
197.88064559429455,182.60046241741878,5926
198.09742755895667,182.4010748471172,5927
198.3139131393262,182.20220727463132,5928
198.53008758913958,182.00387313163054,5929
198.74593618497872,181.80608583131598,5930
198.96144423005398,181.60885876517648,5931
199.17659705798133,181.41220529974495,5932
199.39138003654963,181.21613877334923,5933
199.6057785714765,181.02067249286895,5934
199.81977811014872,180.82581973048812,5935
200.03336414534553,180.6315937204628,5936
200.2465222189416,180.4380076558932,5937
200.45923792558628,180.24507468549652,5938
200.6714969163578,180.0528079104214,5939
200.88328490238828,179.86122038102357,5940
201.094587658458,179.6703250937262,5941
201.3053910265555,179.48013498784917,5942
201.5156809194015,179.29066294247863,5943
201.72544332393375,179.10192177336023,5944
201.93466430475064,178.91392422981767,5945
202.14333000751057,178.726682991697,5946
202.3514266622852,178.54021066634837,5947
202.55894058686442,178.35451978563043,5948
202.7658581900097,178.16962280295905,5949
202.9721659746551,177.98553209038678,5950
203.17785054105238,177.80225993572412,5951
203.38289858985922,177.6198185397013,5952
203.58729692516786,177.43822001316997,5953
203.79103245747245,177.25747637435478,5954
203.9940922065733,177.07759954614642,5955
204.196463304416,176.8986013534457,5956
204.39813299786434,176.72049352055657,5957
204.5990886514041,176.54328766863037,5958
204.79931774977788,176.36699531316467,5959
204.99880790054792,176.19162786155582,5960
205.19754683658667,176.01719661070663,5961
205.3955224184929,175.8437127446948,5962
205.59272263693302,175.6711873324967,5963
205.78913561490583,175.49963132577375,5964
205.9847496099297,175.32905555672025,5965
206.17955301615177,175.1594707359716,5966
206.3735343663777,174.99088745057907,5967
206.56668233402132,174.82331616204723,5968
206.75898573497412,174.65676720443813,5969
206.95043352939274,174.49125078254127,5970
207.141014823405,174.32677697011127,5971
207.330718870734,174.16335570817324,5972
207.51953507423926,174.00099680339724,5973
207.70745298737512,173.83970992654102,5974
207.89446231556633,173.67950461096405,5975
208.08055291750037,173.52039025120996,5976
208.2657148063369,173.36237610166094,5977
208.44993815083416,173.2054712752617,5978
208.63321327639244,173.04968474231546,5979
208.81553066601526,172.89502532935072,5980
208.99688096118797,172.7415017180586,5981
209.1772549626745,172.5891224443028,5982
209.35664363123334,172.4378958971994,5983
209.5350380882515,172.28783031826876,5984
209.7124296162995,172.13893380065684,5985
209.88880965960573,171.99121428842903,5986
210.0641698244527,171.84467957593262,5987
210.23850187949503,171.69933730722997,5988
210.411797756,171.55519497560064,5989
210.5840495480126,171.41225992311308,5990
210.75524951244438,171.2705393402639,5991
210.9253900690892,171.13004026568538,5992
211.0944638005647,170.99076958591994,5993
211.26246345218303,170.85273403526114,5994
211.42938193174982,170.71594019565964,5995
211.5952123092939,170.58039449669474,5996
211.75994781672944,170.44610321560896,5997
211.92358184744984,170.31307247740622,5998
212.0861079558573,170.1813082550118,5999
212.24751985682744,170.050816369493,6000
212.40781142511133,169.9216024903403,6001
212.56697669467636,169.79367213580701,6002
212.72500985798706,169.66703067330673,6003
212.88190526522763,169.54168331986756,6004
213.03765742346772,169.4176351426418,6005
213.19226099577298,169.29489105946948,6006
213.34571080026163,169.1734558394955,6007
213.49800180910933,169.0533341038382,6008
213.64912914750323,168.93453032630836,6009
213.79908809254712,168.81704883417743,6010
213.94787407211953,168.70089380899373,6011
214.0954826636857,168.58606928744513,6012
214.24190959306597,168.47257916226678,6013
214.3871507331614,168.3604271831929,6014
214.53120210263882,168.24961695795065,6015
214.67405986457646,168.14015195329526,6016
214.8157203250723,168.03203549608503,6017
214.9561799318164,167.9252707743942,6018
215.0954352726287,167.81986083866272,6019
215.23348307396458,167.71580860288222,6020
215.37032019938886,167.61311684581435,6021
215.50594364802052,167.51178821224403,6022
215.6403505529495,167.41182521426194,6023
215.77353817962677,167.31323023257787,6024
215.90550392422998,167.2160055178625,6025
216.03624531200566,167.120153192116,6026
216.16575999558924,167.0256752500623,6027
216.29404575330537,166.9325735605678,6028
216.42110048744868,166.84084986808313,6029
216.5469222225477,166.75050579410646,6030
216.67150910361246,166.6615428386668,6031
216.79485939436753,166.57396238182685,6032
216.91697147547188,166.4877656852031,6033
217.0378438427269,166.40295389350206,6034
217.15747510527362,166.31952803607254,6035
217.27586398378122,166.23748902847072,6036
217.3930093086269,166.15683767403837,6037
217.5089100180694,166.07757466549256,6038
217.62356515641707,165.99970058652502,6039
217.73697387219124,165.92321591341138,6040
217.8491354162868,165.84812101662746,6041
217.9600491401305,165.77441616247285,6042
218.06971449383846,165.70210151469985,6043
218.17813102437358,165.631177136147,6044
218.28529837370453,165.5616429903762,6045
218.39121627696642,165.4934989433124,6046
218.4958845606251,165.42674476488412,6047
218.59930314064525,165.3613801306653,6048
218.7014720206638,165.2974046235159,6049
218.802391290169,165.23481773522136,6050
218.90206112268646,165.17361886812964,6051
219.00048177397298,165.11380733678516,6052
219.09765358021838,165.055382369558,6053
219.19357695625712,164.9983431102691,6054
219.28825239378935,164.94268861980873,6055
219.38168045961305,164.88841787774882,6056
219.47386179386731,164.83552978394835,6057
219.56479710828788,164.7840231601494,6058
219.654487184475,164.73389675156602,6059
219.7429328721749,164.68514922846242,6060
219.8301350875751,164.6377791877214,6061
219.91609481161382,164.59178515440212,6062
220.00081308830474,164.54716558328627,6063
220.08429102307687,164.50391886041234,6064
220.16652978113052,164.46204330459727,6065
220.24753058580953,164.4215371689451,6066
220.32729471699042,164.38239864234163,6067
220.40582350948856,164.34462585093584,6068
220.48311835148206,164.3082168596053,6069
220.5591806829534,164.27316967340803,6070
220.63401199414957,164.23948223901778,6071
220.70761382406067,164.20715244614388,6072
220.77998775891703,164.17617812893485,6073
220.85113543070605,164.14655706736522,6074
220.9210585157081,164.1182869886053,6075
220.98975873305173,164.09136556837367,6076
221.05723784328939,164.06579043227248,6077
221.12349764699246,164.04155915710385,6078
221.18853998336672,164.01866927216935,6079
221.25236672888823,163.99711826054988,6080
221.31497979595957,163.97690356036753,6081
221.37638113158656,163.95802256602875,6082
221.43657271607572,163.94047262944758,6083
221.49555656175264,163.92425106125071,6084
221.55333471170098,163.90935513196226,6085
221.6099092385223,163.8957820731694,6086
221.66528224311728,163.88352907866832,6087
221.71945585348715,163.87259330559004,6088
221.77243222355682,163.86297187550673,6089
221.8242135320187,163.85466187551773,6090
221.8748019811972,163.84766035931546,6091
221.92419979593487,163.84196434823136,6092
221.9724092224987,163.83757083226178,6093
222.0194325275078,163.8344767710729,6094
222.06527199688188,163.83267909498633,6095
222.1099299348102,163.832174705944,6096
222.15340866274153,163.83296047845226,6097
222.1957105183944,163.83503326050695,6098
222.23683785478832,163.83838987449695,6099
222.276793039295,163.84302711808812,6100
222.31557845270999,163.84894176508723,6101
222.3531964883448,163.85613056628523,6102
222.38964955113872,163.8645902502806,6103
222.42494005679094,163.87431752428324,6104
222.45907043091225,163.88530907489738,6105
222.49204310819658,163.89756156888544,6106
222.5238605316121,163.91107165391176,6107
222.55452515161141,163.92583595926695,6108
222.58403942536185,163.94185109657198,6109
222.61240581599355,163.95911366046357,6110
222.63962679186776,163.97762022925974,6111
222.66570482586297,163.99736736560615,6112
222.69064239468028,164.01835161710358,6113
222.71444197816675,164.04056951691604,6114
222.73710605865725,164.0640175843603,6115
222.7586371203342,164.0886923254766,6116
222.7790376486056,164.11459023358066,6117
222.79831012950012,164.14170778979755,6118
222.8164570490803,164.17004146357698,6119
222.83348089287284,164.19958771319068,6120
222.849384145316,164.23034298621175,6121
222.8641692892241,164.26230371997605,6122
222.87783880526862,164.29546634202617,6123
222.89039517147617,164.329827270538,6124
222.9018408627425,164.36538291472962,6125
222.91217835036292,164.40212967525346,6126
222.9214101015787,164.4400639445713,6127
222.92953857913918,164.4791821073126,6128
222.93656624087973,164.51948054061614,6129
222.94249553931485,164.5609556144553,6130
222.94732892124668,164.60360369194734,6131
222.95106882738853,164.647421129646,6132
222.95371769200318,164.69240427781907,6133
222.95527794255602,164.73854948070968,6134
222.95575199938247,164.7858530767823,6135
222.95514227536964,164.83431139895353,6136
222.9534511756526,164.8839207748078,6137
222.9506810973235,164.934677526798,6138
222.9468344291558,164.98657797243112,6139
222.9419135513408,165.03961842444065,6140
222.93592083523825,165.09379519094253,6141
222.92885864313988,165.14910457557912,6142
222.92072932804592,165.2055428776476,6143
222.91153523345454,165.26310639221555,6144
222.90127869316387,165.32179141022254,6145
222.8899620310865,165.38159421856872,6146
222.87758756107618,165.44251110018953,6147
222.86415758676696,165.50453833411822,6148
222.8496744014236,165.5676721955353,6149
222.83414028780487,165.63190895580507,6150
222.81755751803715,165.69724488250017,6151
222.7999283535007,165.7636762394138,6152
222.78125504472638,165.83119928655967,6153
222.76153983130396,165.89981028016072,6154
222.7407849418013,165.96950547262531,6155
222.71899259369428,166.0402811125131,6156
222.6961649933075,166.11213344448845,6157
222.67230433576552,166.18505870926376,6158
222.64741280495443,166.2590531435315,6159
222.6214925734936,166.3341129798855,6160
222.59454580271785,166.41023444673183,6161
222.56657464266894,166.48741376818975,6162
222.53758123209764,166.5656471639819,6163
222.5075676984749,166.64493084931487,6164
222.47653615801275,166.72526103475042,6165
222.44448871569483,166.80663392606635,6166
222.41142746531568,166.8890457241089,6167
222.37735448952984,166.97249262463515,6168
222.34227185990943,167.05697081814722,6169
222.30618163701098,167.14247648971707,6170
222.26908587045082,167.229005818803,6171
222.23098659898943,167.31655497905763,6172
222.19188585062395,167.40512013812784,6173
222.15178564268948,167.49469745744625,6174
222.1106879819685,167.58528309201543,6175
222.0685948648087,167.67687319018395,6176
222.0255082772485,167.76946389341498,6177
221.98143019515123,167.86305133604804,6178
221.93636258434663,167.9576316450531,6179
221.89030740078036,168.0532009397782,6180
221.8432665906713,168.14975533168965,6181
221.79524209067634,168.24729092410672,6182
221.74623582806254,168.34580381192913,6183
221.69624972088712,168.4452900813585,6184
221.64528567818428,168.54574580961417,6185
221.59334560015947,168.64716706464262,6186
221.54043137839096,168.749549904822,6187
221.48654489603803,168.85289037866067,6188
221.4316880280567,168.95718452449043,6189
221.37586264142166,169.06242837015535,6190
221.31907059535567,169.16861793269504,6191
221.2613137415652,169.27574921802358,6192
221.20259392448287,169.38381822060367,6193
221.14291298151656,169.49282092311714,6194
221.08227274330483,169.60275329613017,6195
221.02067503397882,169.71361129775622,6196
220.9581216714305,169.82539087331344,6197
220.8946144675872,169.93808795497975,6198
220.83015522869223,170.0516984614444,6199
220.76474575559192,170.16621829755576,6200
220.6983878440282,170.28164335396698,6201
220.6310832849377,170.39796950677788,6202
220.5628338647564,170.51519261717553,6203
220.49364136573055,170.63330853107098,6204
220.4235075662328,170.75231307873528,6205
220.35243424108455,170.87220207443195,6206
220.280423161884,170.99297131604936,6207
220.2074760973392,171.11461658472967,6208
220.13359481360763,171.23713364449785,6209
220.05878107464022,171.36051824188877,6210
219.98303664253174,171.4847661055733,6211
219.90636327787584,171.60987294598388,6212
219.82876274012597,171.73583445493895,6213
219.7502367879612,171.8626463052676,6214
219.67078717965737,171.9903041504335,6215
219.59041567346355,172.1188036241592,6216
219.50912402798332,172.24814034005,6217
219.42691400256138,172.37830989121906,6218
219.34378735767487,172.5093078499119,6219
219.25974585533012,172.64112976713346,6220
219.17479125946366,172.77377117227414,6221
219.08892533634858,172.90722757273824,6222
219.0021498550055,173.04149445357373,6223
218.91446658761825,173.1765672771034,6224
218.82587730995428,173.31244148255746,6225
218.73638380178988,173.44911248570867,6226
218.6459878473397,173.58657567850955,6227
218.55469123569102,173.72482642873186,6228
218.4624957612424,173.8638600796091,6229
218.36940322414688,174.0036719494808,6230
218.2754154307596,174.14425733144097,6231
218.1805341940897,174.28561149298937,6232
218.08476133425629,174.42772967568604,6233
217.98809867894934,174.57060709480945,6234
217.89054806389385,174.71423893901883,6235
217.79211133331907,174.85862037002,6236
217.69279034043115,175.00374652223593,6237
217.59258694789017,175.14961250248186,6238
217.49150302829122,175.2962133896436,6239
217.38954046464903,175.4435442343631,6240
217.28670115088707,175.5916000587268,6241
217.18298699233006,175.7403758559604,6242
217.0783999062003,175.88986659012917,6243
216.97294182211812,176.04006719584257,6244
216.8666146826055,176.19097257796625,6245
216.75942044359383,176.3425776113391,6246
216.65136107493473,176.49487714049718,6247
216.5424385609149,176.64786597940233,6248
216.432654900774,176.80153891118047,6249
216.3220121092263,176.9558906878627,6250
216.21051221698553,177.1109160301371,6251
216.09815727129285,177.266609627105,6252
215.98494933644852,177.42296613604483,6253
215.8708904943462,177.57998018218595,6254
215.75598284501092,177.73764635848607,6255
215.64022850713943,177.89595922541983,6256
215.52362961864438,178.0549133107733,6257
215.40618833720072,178.21450310944763,6258
215.28790684079524,178.3747230832716,6259
215.16878732827897,178.53556766081965,6260
215.04883201992226,178.69703123724202,6261
214.9280431579724,178.85910817410272,6262
214.80642300721405,179.02179279922402,6263
214.68397385553195,179.18507940654177,6264
214.56069801447623,179.3489622559736,6265
214.4365978198301,179.51343557328622,6266
214.3116756321797,179.6784935499872,6267
214.1859338374864,179.84413034320477,6268
214.05937484766082,180.0103400755901,6269
213.9320011011394,180.17711683528813,6270
213.80381506346265,180.3444546757384,6271
213.6748192278553,180.51234761571865,6272
213.54501611580827,180.68078963923665,6273
213.41440827766235,180.84977469549344,6274
213.28299829319357,181.01929669884353,6275
213.15078877219997,181.1893495287672,6276
213.01778235508985,181.3599270298587,6277
212.88398171347143,181.5310230118145,6278
212.74938955074342,181.70263124944165,6279
212.61400860268716,181.87474548267215,6280
212.47784163805952,182.04735941658743,6281
212.3408914591865,182.2204667214567,6282
212.2031609025582,182.39406103278435,6283
212.0646528394239,182.56813595136697,6284
211.92537017638801,182.74268504336519,6285
211.78531585600638,182.91770184038091,6286
211.64449285738283,183.0931798395503,6287
211.50290419676617,183.26911250364518,6288
211.36055292814692,183.44549326118587,6289
211.21744214385424,183.62231550656597,6290
211.07357497515255,183.7995726001857,6291
210.92895459283767,183.9772578685992,6292
210.7835842078327,184.15536460467018,6293
210.63746707178322,184.33388606774034,6294
210.49060647765162,184.5128154838071,6295
210.34300576031046,184.69214604571332,6296
210.19466829713494,184.87187091334687,6297
210.0455975085939,185.05198321385217,6298
209.89579685883936,185.2324760418506,6299
209.74526985629493,185.4133424596731,6300
209.59402005424167,185.59457549760245,6301
209.44205105140276,185.77616815412668,6302
209.28936649252566,185.9581133962017,6303
209.13597006896177,186.1404041595254,6304
208.98186551924425,186.32303334882113,6305
208.8270566296623,186.5059938381317,6306
208.67154723483327,186.6892784711235,6307
208.5153412182711,186.87288006139937,6308
208.35844251295177,187.0567913928227,6309
208.20085510187525,187.24100521985022,6310
208.04258301862328,187.42551426787446,6311
207.88363034791354,187.6103112335757,6312
207.72400122614977,187.79538878528246,6313
207.56369984196692,187.98073956334275,6314
207.40273043677192,188.1663561805015,6315
207.24109730527937,188.35223122228993,6316
207.0788047960425,188.5383572474205,6317
206.915857311978,188.72472678819247,6318
206.75225931088553,188.9113323509046,6319
206.58801530596145,189.0981664162765,6320
206.42312986630577,189.2852214398773,6321
206.257607617423,189.4724898525626,6322
206.09145324171612,189.6599640609187,6323
205.92467147897347,189.84763644771428,6324
205.75726712684792,190.0354993723591,6325
205.589245041329,190.22354517136995,6326
205.42061013720655,190.41176615884316,6327
205.251367388526,190.60015462693386,6328
205.0815218290357,190.7887028463415,6329
204.91107855262442,190.97740306680168,6330
204.74004271375028,191.16624751758386,6331
204.56841952785996,191.35522840799527,6332
204.39621427179765,191.54433792788956,6333
204.22343228420425,191.7335682481819,6334
204.0500789659054,191.9229115213686,6335
203.87615978028933,192.1123598820519,6336
203.7016802536725,192.30190544746944,6337
203.52664597565445,192.49154031802888,6338
203.35106259945996,192.68125657784591,6339
203.17493584226918,192.87104629528744,6340
202.99827148553496,193.06090152351837,6341
202.82107537528705,193.25081430105197,6342
202.64335342242273,193.4407766523043,6343
202.46511160298363,193.63078058815177,6344
202.28635595841828,193.82081810649217,6345
202.10709259583,194.01088119280828,6346
201.9273276882099,194.20096182073507,6347
201.74706747465422,194.39105195262886,6348
201.56631826056596,194.58114354013944,6349
201.3850864178405,194.77122852478456,6350
201.2033783850344,194.96129883852626,6351
201.02120066751723,195.15134640434948,6352
200.8385598376061,195.3413631368425,6353
200.65546253468253,195.5313409427788,6354
200.47191546529083,195.72127172170119,6355
200.2879254032183,195.91114736650607,6356
200.103499189556,196.10095976403042,6357
199.9186437327409,196.29070079563883,6358
199.73336600857738,196.48036233781193,6359
199.54767306023942,196.66993626273566,6360
199.36157199825183,196.85941443889146,6361
199.17507000045077,197.04878873164643,6362
198.98817431192293,197.23805100384504,6363
198.80089224492298,197.4271931164004,6364
198.61323117876938,197.61620692888604,6365
198.42519855971727,197.8050843001283,6366
198.23680190080938,197.9938170887984,6367
198.04804878170296,198.18239715400492,6368
197.85894684847395,198.37081635588598,6369
197.66950381339734,198.55906655620132,6370
197.47972745470312,198.74713961892482,6371
197.28962561630806,198.93502741083603,6372
197.09920620752268,199.12272180211195,6373
196.90847720273348,199.31021466691828,6374
196.7174466410591,199.49749788400047,6375
196.52612262598205,199.68456333727443,6376
196.33451332495346,199.8714029164165,6377
196.14262696897242,200.05800851745354,6378
195.95047185213846,200.24437204335194,6379
195.7580563311781,200.43048540460688,6380
195.5653888249438,200.6163405198305,6381
195.37247781388643,200.80192931633968,6382
195.17933183950043,200.98724373074373,6383
194.9859595037412,201.17227570953142,6384
194.79236946841579,201.35701720965707,6385
194.59857045454484,201.54146019912702,6386
194.40457124169768,201.72559665758473,6387
194.2103806672988,201.90941857689631,6388
194.0160076259067,202.09291796173505,6389
193.82146106846477,202.27608683016578,6390
193.62675000152348,202.4589172142285,6391
193.43188348643494,202.6414011605226,6392
193.23687063851938,202.8235307307895,6393
193.04172062620273,203.00529800249598,6394
192.84644267012695,203.1866950694166,6395
192.6510460422318,203.3677140422165,6396
192.4555400648085,203.54834704903345,6397
192.25993410952597,203.7285862360599,6398
192.06423759642877,203.90842376812518,6399
191.86845999290773,204.0878518292768,6400
191.67261081264283,204.2668626233628,6401
191.47669961451913,204.44544837461305,6402
191.2807360015152,204.62360132822093,6403
191.08472961956488,204.80131375092515,6404
190.88869015639258,204.97857793159105,6405
190.69262734032213,205.1553861817926,6406
190.4965509390596,205.33173083639397,6407
190.30047075845036,205.50760425413125,6408
190.10439664121114,205.6829988181944,6409
189.9083384656369,205.85790693680917,6410
189.71230614428313,206.03232104381888,6411
189.51630962262428,206.2062335992668,6412
189.32035887768816,206.37963708997808,6413
189.12446391666788,206.5525240301419,6414
188.92863477551,206.72488696189387,6415
188.73288151748184,206.89671845589808,6416
188.53721423171618,207.06801111192954,6417
188.34164303173526,207.23875755945596,6418
188.14617805395474,207.40895045822035,6419
187.95082945616724,207.57858249882247,6420
187.75560741600725,207.74764640330105,6421
187.56052212939704,207.9161349257149,6422
187.36558380897534,208.08404085272448,6423
187.17080268250837,208.25135700417238,6424
186.9761889912848,208.41807623366392,6425
186.78175298849536,208.5841914291469,6426
186.58750493759666,208.74969551349082,6427
186.3934551106619,208.9145814450651,6428
186.19961378671826,209.07884221831688,6429
186.00599125007068,209.2424708643476,6430
185.8125977886157,209.40546045148844,6431
185.61944369214356,209.56780408587457,6432
185.4265392506303,209.72949491201837,6433
185.23389475252117,209.89052611338056,6434
185.0415204830069,210.05089091294022,6435
184.84942672229008,210.21058257376276,6436
184.65762374384886,210.36959439956587,6437
184.46612181269208,210.52791973528346,6438
184.27493118361218,210.68555196762728,6439
184.0840620994339,210.84248452564592,6440
183.89352478926003,210.9987108812812,6441
183.7033294667167,211.15422454992176,6442
183.51348632819753,211.3090190909533,6443
183.32400555110783,211.4630881083057,6444
183.13489729211128,211.61642525099674,6445
182.94617168537837,211.76902421367174,6446
182.75783884083825,211.92087873713965,6447
182.56990884243496,212.0719826089045,6448
182.38239174638957,212.22232966369302,6449
182.1952975794681,212.37191378397682,6450
182.00863633725683,212.52072890049055,6451
181.8224179824471,212.66876899274428,6452
181.63665244312668,212.81602808953056,6453
181.45134961108513,212.96250026942627,6454
181.26651934012907,213.10817966128815,6455
181.08217144440525,213.25306044474212,6456
180.89831569674595,213.39713685066667,6457
180.7149618270202,213.54040316166922,6458
180.53211952050322,213.68285371255564,6459
180.3497984162643,213.82448289079258,6460
180.16800810556393,213.9652851369623,6461
179.9867581303259,214.1052549452102,6462
179.80605798134346,214.24438686368364,6463
179.62591709719175,214.38267549496334,6464
179.44634486225672,214.52011549648572,6465
179.26735060546144,214.6567015809569,6466
179.08894359873437,214.7924285167575,6467
178.9111330555644,214.92729112833823,6468
178.73392812956106,215.06128429660615,6469
178.55733791305164,215.1944029593011,6470
178.38137143569588,215.32664211136205,6471
178.20603766313113,215.45799680528359,6472
178.0313454956398,215.58846215146167,6473
177.85730376684796,215.7180333185288,6474
177.6839212424487,215.8467055336785,6475
177.51120661895484,215.97447408297828,6476
177.33916852248157,216.10133431167196,6477
177.16781550755618,216.22728162446973,6478
176.99715605596126,216.35231148582713,6479
176.82719857560411,216.47641942021164,6480
176.65795139942216,216.59960101235762,6481
176.48942278431528,216.7218519075087,6482
176.32162091011273,216.84316781164787,6483
176.15455387857241,216.9635444917147,6484
175.9882297124112,217.0829777758105,6485
175.82265635436966,217.20146355338971,6486
175.6578416663104,217.3189977754389,6487
175.4937934283484,217.4355764546423,6488
175.33051933801713,217.55119566553424,6489
175.1680270094681,217.6658515446379,6490
175.0063239727041,217.77954029059097,6491
174.84541767284864,217.8922581642575,6492
174.68531546944803,218.00400148882588,6493
174.52602463581036,218.1147666498936,6494
174.36755235837782,218.2245500955376,6495
174.20990573613506,218.33334833637127,6496
174.05309178005152,218.4411579455871,6497
173.89711741256022,218.54797555898588,6498
173.74198946707045,218.65379787499128,6499
173.58771468751576,218.7586216546512,6500
173.43429972793714,218.86244372162435,6501
173.2817511521009,218.96526096215348,6502
173.13007543315106,219.0670703250243,6503
172.97927895329698,219.16786882151044,6504
172.82936800353434,219.2676535253046,6505
172.68034878340157,219.36642157243585,6506
172.53222740076973,219.46417016117294,6507
172.3850098716655,219.56089655191383,6508
172.23870212012932,219.65659806706182,6509
172.09330997810542,219.7512720908877,6510
171.94883918536542,219.84491606937854,6511
171.80529538946405,219.937527510073,6512
171.66268414572824,220.02910398188337,6513
171.52101091727693,220.11964311490433,6514
171.3802810750733,220.20914260020857,6515
171.24049989800767,220.29760018962946,6516
171.1016725730116,220.38501369553117,6517
170.96380419520185,220.47138099056556,6518
170.82689976805455,220.55670000741705,6519
170.69096420360916,220.6409687385349,6520
170.55600232270012,220.72418523585327,6521
170.42201885521882,220.80634761049924,6522
170.28901844040178,220.88745403248925,6523
170.1570056271475,220.9675027304135,6524
170.02598487435964,221.04649199110918,6525
169.8959605513169,221.1244201593223,6526
169.7669369380685,221.20128563735855,6527
169.63891822585563,221.27708688472316,6528
169.51190851755618,221.3518224177505,6529
169.3859118281556,221.4254908092227,6530
169.26093208523997,221.49809068797867,6531
169.13697312951243,221.56962073851292,6532
169.01403871533194,221.64007970056457,6533
168.8921325112748,221.7094663686969,6534
168.77125810071553,221.77777959186807,6535
168.65141898243039,221.84501827299235,6536
168.5326185712195,221.9111813684927,6537
168.41486019854912,221.97626788784515,6538
168.29814711321234,222.04027689311485,6539
168.18248248200817,222.10320749848373,6540
168.0678693904382,222.16505886977114,6541
167.95431084341988,222.22583022394647,6542
167.8418097660166,222.28552082863473,6543
167.7303690041835,222.3441300016154,6544
167.61999132552762,222.40165711031432,6545
167.51067942008373,222.4581015712894,6546
167.40243590110296,222.51346284970998,6547
167.29526330585546,222.5677404588305,6548
167.18916409644552,222.62093395945848,6549
167.08414066063855,222.6730429594172,6550
166.98019531269998,222.72406711300303,6551
166.8773302942443,222.7740061204386,6552
166.7755477750958,222.8228597273206,6553
166.67484985415726,222.87062772406392,6554
166.57523856028942,222.9173099453414,6555
166.47671585319796,222.96290626952,6556
166.37928362432888,223.00741661809354,6557
166.2829436977716,223.05084095511177,6558
166.18769783116866,223.0931792866071,6559
166.09354771663166,223.13443166001778,6560
166.0004949816636,223.17459816360952,6561
165.90854119008597,223.21367892589404,6562
165.8176878429712,223.25167411504611,6563
165.72793637957872,223.28858393831868,6564
165.63928817829557,223.32440864145656,6565
165.5517445575796,223.35914850810872,6566
165.46530677690626,223.39280385923968,6567
165.3799760377168,223.42537505254012,6568
165.29575348436916,223.45686248183668,6569
165.21264020508994,223.48726657650178,6570
165.1306372329274,223.51658780086296,6571
165.04974554670466,223.5448266536125,6572
164.96996607197377,223.5719836672174,6573
164.8912996819687,223.59805940732983,6574
164.8137471985577,223.6230544721982,6575
164.73730939319537,223.64696949207925,6576
164.66198698787198,223.6698051286514,6577
164.5877806560618,223.69156207442927,6578
164.5146910236686,223.7122410521798,6579
164.4427186699691,223.73184281433993,6580
164.37186412855286,223.75036814243677,6581
164.30212788825915,223.76781784650888,6582
164.23351039411006,223.7841927645307,6583
164.16601204823985,223.799493761839,6584
164.0996332108196,223.81372173056192,6585
164.03437420097768,223.82687758905115,6586
163.970235297715,223.83896228131644,6587
163.9072167408151,223.8499767764638,6588
163.8453187317494,223.85992206813657,6589
163.78454143457566,223.86879917396007,6590
163.72488497683128,223.87660913498982,6591
163.66634945042017,223.88335301516324,6592
163.60893491249294,223.88903190075536,6593
163.55264138632074,223.89364689983847,6594
163.49746886216192,223.8971991417458,6595
163.4434172981214,223.89968977653956,6596
163.39048662100336,223.90111997448304,6597
163.33867672715544,223.90149092551755,6598
163.2879874833062,223.90080383874357,6599
163.23841872739374,223.89905994190693,6600
163.189970269387,223.89626048088934,6601
163.1426418920983,223.89240671920444,6602
163.0964333519877,223.8874999374983,6603
163.05134437995866,223.88154143305528,6604
163.00737468214535,223.87453251930899,6605
162.9645239406904,223.8664745253587,6606
162.92279181451454,223.85736879549106,6607
162.88217794007628,223.8472166887069,6608
162.84268193212318,223.83601957825442,6609
162.8043033844333,223.8237788511669,6610
162.76704187054708,223.8104959078073,6611
162.7308969444903,223.79617216141756,6612
162.6958681414868,223.78080903767443,6613
162.66195497866184,223.76440797425087,6614
162.62915695573548,223.74697042038366,6615
162.5974735557062,223.7284978364467,6616
162.56690424552448,223.7089916935309,6617
162.5374484767566,223.68845347302957,6618
162.50910568623806,223.66688466623063,6619
162.48187529671685,223.6442867739148,6620
162.45575671748708,223.62066130595994,6621
162.43074934501163,223.596009780952,6622
162.40685256353515,223.57033372580224,6623
162.3840657456863,223.54363467537095,6624
162.3623882530699,223.51591417209755,6625
162.34181943684857,223.48717376563727,6626
162.3223586383142,223.4574150125045,6627
162.30400518944856,223.4266394757224,6628
162.28675841347373,223.3948487244795,6629
162.27061762539213,223.36204433379277,6630
162.25558213251588,223.32822788417735,6631
162.24165123498543,223.29340096132316,6632
162.22882422627836,223.25756515577802,6633
162.21710039370703,223.22072206263778,6634
162.20647901890575,223.18287328124305,6635
162.19695937830775,223.1440204148829,6636
162.18854074361127,223.10416507050536,6637
162.18122238223532,223.06330885843465,6638
162.17500355776465,223.02145339209554,6639
162.16988353038465,222.97860028774437,6640
162.16586155730502,222.9347511642073,6641
162.16293689317345,222.88990764262513,6642
162.16110879047886,222.84407134620534,6643
162.1603764999434,222.7972438999811,6644
162.16073927090468,222.74942693057721,6645
162.16219635168727,222.70062206598303,6646
162.16474698996365,222.65083093533244,6647
162.16839043310458,222.60005516869114,6648
162.1731259285192,222.54829639685036,6649
162.17895272398474,222.4955562511284,6650
162.18587006796534,222.4418363631787,6651
162.19387720992103,222.38713836480537,6652
162.2029734006059,222.3314638877856,6653
162.2131578923559,222.2748145636993,6654
162.22442993936625,222.21719202376602,6655
162.23678879795895,222.15859789868873,6656
162.2502337268389,222.09903381850515,6657
162.26476398734056,222.03850141244595,6658
162.280378843664,221.97700230880048,6659
162.2970775631003,221.91453813478927,6660
162.31485941624712,221.8511105164444,6661
162.33372367721344,221.78672107849658,6662
162.35366962381448,221.7213714442697,6663
162.37469653775588,221.65506323558296,6664
162.39680370480778,221.58779807265978,6665
162.4199904149686,221.51957757404438,6666
162.44425596261843,221.45040335652584,6667
162.46959964666226,221.38027703506907,6668
162.49602077066274,221.3092002227538,6669
162.52351864296284,221.23717453072027,6670
162.55209257679792,221.16420156812296,6671
162.58174189039786,221.09028294209176,6672
162.61246590707867,221.01542025769987,6673
162.64426395532365,220.93961511794026,6674
162.67713536885472,220.862869123709,6675
162.71107948669277,220.7851838737963,6676
162.74609565320807,220.70656096488537,6677
162.78218321816047,220.62700199155833,6678
162.81934153672856,220.54650854631055,6679
162.85756996952932,220.4650822195721,6680
162.8968678826267,220.3827245997371,6681
162.93723464752998,220.29943727320068,6682
162.97866964118174,220.2152218244042,6683
163.02117224593528,220.1300798358875,6684
163.06474184952177,220.04401288834987,6685
163.10937784500626,219.95702256071806,6686
163.15507963073395,219.869110430223,6687
163.20184661026514,219.7802780724839,6688
163.24967819230008,219.69052706160076,6689
163.29857379059283,219.59985897025464,6690
163.34853282385458,219.50827536981623,6691
163.39955471564625,219.41577783046242,6692
163.45163889426013,219.32236792130126,6693
163.50478479259067,219.22804721050488,6694
163.5589918479949,219.13281726545083,6695
163.61425950214127,219.03667965287184,6696
163.67058720084773,218.9396359390139,6697
163.72797439390914,218.84168768980268,6698
163.78642053491302,218.74283647101842,6699
163.84592508104467,218.6430838484797,6700
163.90648749288056,218.5424313882353,6701
163.968107234171,218.44088065676516,6702
164.03078377161128,218.33843322118977,6703
164.09451657460127,218.23509064948843,6704
164.15930511499357,218.1308545107263,6705
164.22514886683072,218.02572637529042,6706
164.2920473060697,217.91970781513467,6707
164.35999991029595,217.81280040403348,6708
164.42900615842498,217.7050057178452,6709
164.49906553039216,217.59632533478384,6710
164.57017750683085,217.48676083570075,6711
164.64234156873863,217.37631380437512,6712
164.71555719713126,217.26498582781375,6713
164.78982387268445,217.15277849656073,6714
164.8651410753637,217.0396934050162,6715
164.9415082840418,216.9257321517645,6716
165.01892497610348,216.81089633991238,6717
165.0973906270386,216.69518757743668,6718
165.17690471002152,216.5786074775416,6719
165.25746669547883,216.46115765902596,6720
165.33907605064402,216.3428397466605,6721
165.42173223909916,216.22365537157478,6722
165.50543472030398,216.1036061716543,6723
165.5901829491116,215.9826937919478,6724
165.6759763752716,215.86091988508466,6725
165.76281444291965,215.73828611170242,6726
165.8506965900538,215.6147941408849,6727
165.93962224799765,215.49044565061035,6728
166.02959084085003,215.36524232821031,6729
166.12060178492078,215.23918587083892,6730
166.21265448815356,215.11227798595283,6731
166.30574834953435,214.98452039180157,6732
166.39988275848646,214.8559148179291,6733
166.49505709425165,214.72646300568564,6734
166.5912707252571,214.59616670875064,6735
166.6885230084684,214.46502769366663,6736
166.78681328872855,214.33304774038393,6737
166.88614089808266,214.2002286428165,6738
166.98650515508825,214.0665722094089,6739
167.08790536411115,213.9320802637143,6740
167.19034081460717,213.79675464498385,6741
167.2938107803892,213.6605972087669,6742
167.39831451887952,213.52360982752313,6743
167.50385127034784,213.38579439124555,6744
167.61042025713394,213.2471528080951,6745
167.71802068285652,213.1076870050466,6746
167.82665173160632,212.9673989285462,6747
167.93631256712513,212.82629054518029,6748
168.04700233196917,212.684363842356,6749
168.15872014665814,212.54162082899327,6750
168.27146510880866,212.39806353622845,6751
168.38523629225335,212.25369401812952,6752
168.50003274614457,212.1085143524228,6753
168.61585349404285,211.9625266412315,6754
168.73269753299053,211.8157330118259,6755
168.8505638325705,211.6681356173848,6756
168.96945133394956,211.5197366377689,6757
169.08935894890655,211.37053828030585,6758
169.2102855588461,211.2205427805866,6759
169.33223001379653,211.06975240327353,6760
169.45519113139366,210.91816944292,6761
169.57916769584884,210.76579622480145,6762
169.7041584569026,210.61263510575785,6763
169.83016212876325,210.45868847504775,6764
169.95717738903096,210.30395875521353,6765
170.08520287760703,210.14844840295774,6766
170.2142371955882,209.99215991003103,6767
170.34427890414722,209.83509580413084,6768
170.47532652339876,209.6772586498113,6769
170.60737853125053,209.51865104940384,6770
170.74043336224148,209.35927564394893,6771
170.8744894063647,209.19913511413813,6772
171.00954500787765,209.03823218126698,6773
171.14559846409833,208.87656960819794,6774
171.28264802418798,208.71415020033405,6775
171.4206918879209,208.5509768066023,6776
171.5597282044409,208.38705232044694,6777
171.69975507100526,208.2223796808329,6778
171.84077053171657,208.0569618732579,6779
171.98277257624162,207.890801930775,6780
172.12575913851896,207.72390293502318,6781
172.26972809545472,207.55626801726734,6782
172.41467726560694,207.38790035944695,6783
172.56060440785936,207.21880319523257,6784
172.70750722008435,207.0489798110908,6785
172.85538333779576,206.87843354735696,6786
173.00423033279176,206.70716779931504,6787
173.15404571178854,206.53518601828492,6788
173.30482691504548,206.3624917127162,6789
173.4565713149806,206.18908844928885,6790
173.6092762147794,206.0149798540193,6791
173.76293884699518,205.8401696133728,6792
173.91755637214325,205.66466147538088,6793
174.07312587728796,205.48845925076324,6794
174.229644374624,205.31156681405463,6795
174.3871088000535,205.1339881047355,6796
174.54551601175618,204.95572712836588,6797
174.7048627887586,204.7767879577226,6798
174.86514582949653,204.59717473393877,6799
175.02636175037824,204.41689166764527,6800
175.18850708434272,204.2359430401138,6801
175.35157827941904,204.05433320440045,6802
175.51557169728306,203.87206658648992,6803
175.68048361181692,203.68914768643904,6804
175.84631020766727,203.50558107951963,6805
176.01304757880723,203.32137141735947,6806
176.18069172710017,203.13652342908142,6807
176.34923856086724,202.95104192243903,6808
176.51868389345992,202.76493178494903,6809
176.68902344183792,202.5781979850192,6810
176.86025282515354,202.39084557307106,6811
177.0323675633432,202.20287968265714,6812
177.2053630757278,202.01430553157093,6813
177.37923467962273,201.82512842295012,6814
177.55397758895776,201.635353746371,6815
177.729586912909,201.44498697893422,6816
177.90605765454353,201.25403368634036,6817
178.08338470947888,201.06249952395467,6818
178.2615628645543,200.87039023786042,6819
178.44058679652218,200.6777116658992,6820
178.62045107075528,200.48446973869812,6821
178.80115013996905,200.29067048068228,6822
178.98267834297226,200.0963200110717,6823
179.16502990342852,199.90142454486212,6824
179.34819892864775,199.70599039378845,6825
179.5321794083973,199.5100239672691,6826
179.71696521373843,199.31353177333187,6827
179.90255009589498,199.1165204195186,6828
180.08892768512078,198.9189966137686,6829
180.27609148967804,198.72096716527935,6830
180.46403489471027,198.52243898534374,6831
180.6527511612773,198.32341908816218,6832
180.84223342535307,198.12391459162916,6833
181.03247469687926,197.9239327180926,6834
181.22346785884392,197.72348079508535,6835
181.41520566641069,197.5225662560271,6836
181.60768074607424,197.32119664089632,6837
181.80088559486708,197.11937959687026,6838
181.99481257959806,196.9171228789327,6839
182.18945393614004,196.71443435044776,6840
182.38480176875962,196.51132198369848,6841
182.58084804949306,196.30779386038975,6842
182.7775846175694,196.10385817211375,6843
182.97500317888284,195.8995232207767,6844
183.17309530551395,195.69479741898675,6845
183.37185243530377,195.48968929040058,6846
183.5712658714791,195.28420747002806,6847
183.77132678233394,195.0783607044946,6848
183.97202620096468,194.87215785225877,6849
184.17335502506324,194.66560788378504,6850
184.37530401676852,194.45871988167008,6851
184.5778638025771,194.2515030407216,6852
184.78102487331338,194.04396666798905,6853
184.98477758416462,193.83612018274437,6854
185.18911215477664,193.6279731164125,6855
185.39401866941506,193.4195351124502,6856
185.5994870771919,193.21081592617224,6857
185.80550719235907,193.00182542452424,6858
186.012068694669,192.79257358580094,6859
186.21916112980452,192.583070499309,6860
186.4267739098787,192.3733263649738,6861
186.63489631400446,192.16335149288875,6862
186.8435174889369,191.953156302807,6863
187.05262644978706,191.74275132357428,6864
187.26221208080966,191.53214719250226,6865
187.47226313626436,191.32135465468173,6866
187.68276824135162,191.11038456223497,6867
187.89371589322405,190.89924787350685,6868
188.1050944620735,190.68795565219364,6869
188.31689219229412,190.47651906640894,6870
188.52909720372247,190.26494938768755,6871
188.74169749295493,190.05325798992476,6872
188.95468093474153,189.84145634825265,6873
189.1680352834588,189.62955603785133,6874
189.3817481746586,189.41756873269648,6875
189.59580712669657,189.20550620424186,6876
189.8101995424369,188.9933803200369,6877
190.02491271103546,188.7812030422794,6878
190.23993380980062,188.56898642630335,6879
190.4552499061311,188.35674261900178,6880
190.67084795953045,188.1444838571844,6881
190.886714823699,187.93222246587095,6882
191.10283724870095,187.7199708565199,6883
191.31920188320765,187.50774152519253,6884
191.5357952768149,187.2955470506537,6885
191.75260388243547,187.083400092409,6886
191.9696140587637,186.87131338867823,6887
192.18681207281327,186.6592997543078,6888
192.40418410252565,186.44737207862008,6889
192.62171623944928,186.23554332320197,6890
192.83939449148733,186.02382651963356,6891
193.05720478571385,185.81223476715718,6892
193.27513297125557,185.60078123028725,6893
193.49316482223924,185.38947913636295,6894
193.71128604080218,185.17834177304454,6895
193.92948226016472,184.96738248575392,6896
194.147739047763,184.7566146750611,6897
194.3660419084398,184.54605179401702,6898
194.58437628769207,184.33570734543602,6899
194.80272757497355,184.12559487912645,6900
195.02108110704893,183.91572798907393,6901
195.23942217139998,183.70612031057652,6902
195.45773600967888,183.49678551733362,6903
195.67600782120834,183.2877373184927,6904
195.89422276652564,183.07898945565105,6905
196.11236597096794,182.87055569981996,6906
196.33042252829722,182.66244984834702,6907
196.54837750436133,182.45468572180442,6908
196.76621594078983,182.24727716084104,6909
196.98392285872092,182.04023802300105,6910
197.20148326255773,181.83358217951235,6911
197.41888214375084,181.62732351204778,6912
197.63610448460403,181.4214759094557,6913
197.85313526210143,181.2160532644704,6914
198.06995945175254,181.01106947039898,6915
198.28656203145206,180.80653841778474,6916
198.50292798535287,180.60247399106152,6917
198.7190423077479,180.39889006517942,6918
198.93489000695902,180.19580050223507,6919
199.15045610922917,179.99321914807686,6920
199.365725662616,179.7911598288938,6921
199.58068374088265,179.58963634783927,6922
199.79531544738387,179.38866248160048,6923
200.00960591894406,179.18825197700193,6924
200.2235403297243,178.98841854759445,6925
200.43710389507558,178.78917587025182,6926
200.65028187537519,178.59053758177848,6927
200.86305957984354,178.39251727551994,6928
201.07542237033837,178.1951284979898,6929
201.28735566512353,177.99838474550606,6930
201.49884494260968,177.80229946084845,6931
201.7098757450638,177.60688602993085,6932
201.9204336822853,177.41215777849615,6933
202.13050443524494,177.21812796883833,6934
202.34007375968557,177.02480979654342,6935
202.54912748968022,176.83221638726621,6936
202.7576515411465,176.6403607935332,6937
202.96563191531362,176.4492559915806,6938
203.17305470214075,176.25891487822616,6939
203.37990608368284,176.06935026778072,6940
203.58617233740299,175.88057488899724,6941
203.79183983942835,175.69260138206363,6942
203.99689506774737,175.5054422956374,6943
204.2013246053465,175.31911008392856,6944
204.40511514328418,175.13361710382884,6945
204.60825348370005,174.94897561209206,6946
204.8107265427576,174.76519776256472,6947
205.0125213535186,174.5822956034715,6948
205.21362506874695,174.40028107475595,6949
205.41402496364125,174.21916600547746,6950
205.6137084384937,174.03896211126755,6951
205.81266302127418,173.85968099184586,6952
206.01087637013805,173.68133412859856,6953
206.20833627585688,173.50393288221892,6954
206.40503066416977,173.32748849041292,6955
206.60094759805523,173.1520120656703,6956
206.79607527992223,172.97751459310282,6957
206.99040205371924,172.80400692834988,6958
207.18391640696078,172.63149979555422,6959
207.37660697267037,172.4600037854065,6960
207.56846253123987,172.2895293532615,6961
207.7594720122037,172.12008681732593,6962
207.9496244959283,171.95168635691874,6963
208.1389092152161,171.7843380108038,6964
208.32731555682378,171.61805167559754,6965
208.5148330628943,171.4528371042501,6966
208.7014514323034,171.2887039046003,6967
208.88716052191944,171.12566153800734,6968
209.07195034777783,170.96371931805578,6969
209.2558110861691,170.80288640933753,6970
209.43873307464156,170.64317182630833,6971
209.6207068129188,170.48458443221986,6972
209.80172296373175,170.32713293812816,6973
209.98177235356707,170.17082590197634,6974
210.16084597333085,170.01567172775333,6975
210.33893497892956,169.86167866472744,6976
210.51603069176826,169.70885480675418,6977
210.69212459916676,169.557208091659,6978
210.8672083546952,169.40674630069316,6979
211.04127377842914,169.2574770580636,6980
211.21431285712592,169.10940783053502,6981
211.3863177443223,168.96254592710414,6982
211.5572807603557,168.8168984987456,6983
211.72719439230912,168.6724725382283,6984
211.89605129388144,168.52927488000168,6985
212.06384428518425,168.38731220015046,6986
212.2305663524664,168.24659101641876,6987
212.39621064776773,168.10711768829944,6988
212.56077048850324,167.96889841719099,6989
212.7242393569791,167.83193924661896,6990
212.88661089984222,167.696246062521,6991
213.0478789274643,167.56182459359533,6992
213.20803741326247,167.42868041171013,6993
213.36708049295768,167.29681893237404,6994
213.52500246377255,167.16624541526505,6995
213.6817977835703,167.03696496481794,6996
213.8374610699362,166.90898253086772,6997
213.9919870992034,166.78230290934897,6998
214.1453708054248,166.6569307430483,6999
214.29760727929204,166.53287052240972,7000
214.44869176700436,166.41012658639136,7001
214.59861966908798,166.2887031233711,7002
214.74738653916836,166.16860417210117,7003
214.89498808269656,166.04983362270906,7004
215.04142015563173,165.93239521774404,7005
215.18667876308163,165.8162925532673,7006
215.33076005790193,165.70152907998457,7007
215.4736603392574,165.58810810441955,7008
215.6153760511452,165.4760327901267,7009
215.75590378088327,165.36530615894202,7010
215.89524025756447,165.2559310922701,7011
216.03338235047877,165.14791033240598,7012
216.17032706750496,165.0412464838905,7013
216.30607155347332,164.93594201489776,7014
216.44061308850107,164.8319992586524,7015
216.5739490863025,164.72942041487644,7016
216.70607709247454,164.62820755126327,7017
216.8369947827602,164.52836260497764,7018
216.96669996129097,164.4298873841803,7019
217.09519055880986,164.3327835695757,7020
217.22246463087643,164.2370527159815,7021
217.3485203560554,164.14269625391825,7022
217.47335603409056,164.04971549121805,7023
217.59697008406482,163.9581116146507,7024
217.71936104254814,163.8678856915662,7025
217.8405275617351,163.77903867155175,7026
217.9604684075724,163.69157138810266,7027
218.07918245787903,163.60548456030548,7028
218.19666870045899,163.52077879453174,7029
218.3129262312089,163.43745458614177,7030
218.42795425222118,163.35551232119695,7031
218.54175206988415,163.2749522781792,7032
218.65431909297993,163.19577462971662,7033
218.76565483078224,163.1179794443141,7034
218.87575889115388,163.04156668808778,7035
218.98463097864573,162.96653622650226,7036
219.09227089259846,162.8928878261094,7037
219.19867852524777,162.82062115628796,7038
219.30385385983342,162.7497357909827,7039
219.40779696871465,162.6802312104418,7040
219.510508011491,162.61210680295255,7041
219.61198723313103,162.54536186657316,7042
219.7122349621089,162.47999561086058,7043
219.8112516085496,162.4160071585934,7044
219.90903766238443,162.35339554748825,7045
220.00559369151642,162.29215973191,7046
220.10092033999732,162.2322985845741,7047
220.19501832621637,162.17381089824036,7048
220.28788844110179,162.11669538739798,7049
220.3795315463352,162.06095068994028,7050
220.46994857258053,162.0065753688295,7051
220.5591405177267,161.95356791374948,7052
220.64710844514573,161.90192674274752,7053
220.7338534819664,161.85165020386285,7054
220.81937681736386,161.8027365767426,7055
220.90367970086587,161.75518407424389,7056
220.9867634406759,161.70899084402163,7057
221.06862940201412,161.66415497010195,7058
221.14927900547565,161.62067447443997,7059
221.22871372540732,161.57854731846248,7060
221.30693508830322,161.53777140459388,7061
221.38394467121876,161.49834457776595,7062
221.45974410020418,161.46026462691088,7063
221.53433504875773,161.4235292864362,7064
221.60771923629827,161.38813623768309,7065
221.6798984266582,161.35408311036556,7066
221.75087442659654,161.32136748399247,7067
221.82064908433236,161.28998688927004,7068
221.88922428809903,161.2599388094857,7069
221.95660196471923,161.23122068187303,7070
222.02278407820083,161.20382989895714,7071
222.08777262835386,161.17776380988056,7072
222.1515696494288,161.1530197217091,7073
222.21417720877602,161.12959490071802,7074
222.27559740552655,161.10748657365806,7075
222.3358323692946,161.08669192900075,7076
222.394884258901,161.06720811816413,7077
222.45275526111868,161.04903225671694,7078
222.5094475894394,161.03216142556312,7079
222.56496348286205,161.016592672105,7080
222.6193052047024,161.002323011386,7081
222.67247504142463,160.98934942721232,7082
222.72447530149392,160.97766887325386,7083
222.7753083142509,160.96727827412425,7084
222.82497642880713,160.9581745264399,7085
222.873482012962,160.95035449985815,7086
222.92082745214083,160.9438150380944,7087
222.96701514835436,160.93855295991855,7088
223.01204751917885,160.93456506013035,7089
223.0559269967575,160.931848110514,7090
223.0986560268225,160.93039886077196,7091
223.1402370677379,160.93021403943797,7092
223.18067258956302,160.93129035476954,7093
223.21996507313628,160.93362449561965,7094
223.25811700917956,160.93721313228798,7095
223.29513089742235,160.94205291735204,7096
223.33100924574634,160.94814048647734,7097
223.3657545693495,160.95547245920795,7098
223.3993693899301,160.96404543973668,7099
223.4318562348902,160.97385601765527,7100
223.4632176365585,160.98490076868484,7101
223.49345613143228,160.9971762553864,7102
223.52257425943847,161.01067902785195,7103
223.5505745632135,161.02540562437613,7104
223.57745958740165,161.04135257210837,7105
223.60323187797215,161.05851638768607,7106
223.62789398155422,161.07689357784878,7107
223.65144844479025,161.09648064003338,7108
223.67389781370704,161.11727406295068,7109
223.6952446331044,161.13927032714344,7110
223.71549144596125,161.1624659055263,7111
223.73464079285935,161.18685726390694,7112
223.75269521142368,161.21244086149008,7113
223.7696572357797,161.2392131513627,7114
223.78552939602747,161.26717058096253,7115
223.80031421773225,161.29630959252853,7116
223.8140142214308,161.326626623534,7117
223.82663192215455,161.3581181071029,7118
223.8381698289679,161.39078047240952,7119
223.8486304445225,161.4246101450605,7120
223.85801626462685,161.45960354746128,7121
223.86632977783106,161.49575709916573,7122
223.8735734650267,161.53306721720944,7123
223.87974979906153,161.57153031642787,7124
223.88486124436864,161.61114280975755,7125
223.88891025661013,161.6519011085229,7126
223.891899282335,161.69380162270662,7127
223.893830758651,161.73684076120566,7128
223.89470711291025,161.78101493207194,7129
223.89453076240866,161.82632054273782,7130
223.89330411409856,161.8727540002279,7131
223.89102956431466,161.92031171135534,7132
223.88770949851303,161.9689900829049,7133
223.88334629102297,162.0187855218013,7134
223.87794230481157,162.0696944352638,7135
223.8714998912605,162.12171323094773,7136
223.86402138995547,162.1748383170716,7137
223.85550912848765,162.22906610253156,7138
223.84596542226694,162.28439299700293,7139
223.83539257434703,162.3408154110282,7140
223.8237928752621,162.39832975609283,7141
223.81116860287506,162.45693244468833,7142
223.79752202223682,162.51661989036307,7143
223.78285538545666,162.57738850776067,7144
223.7671709315838,162.63923471264687,7145
223.7504708864993,162.70215492192432,7146
223.73275746281882,162.7661455536358,7147
223.71403285980597,162.831203026956,7148
223.69429926329548,162.89732376217208,7149
223.6735588456269,162.96450418065308,7150
223.65181376558817,163.03274070480862,7151
223.62906616836898,163.10202975803676,7152
223.60531818552386,163.17236776466117,7153
223.58057193494486,163.2437511498582,7154
223.55482952084355,163.31617633957362,7155
223.5280930337424,163.38963976042913,7156
223.50036455047515,163.46413783961964,7157
223.4716461341964,163.53966700479984,7158
223.44193983439985,163.6162236839625,7159
223.41124768694564,163.69380430530614,7160
223.37957171409576,163.77240529709462,7161
223.34691392455863,163.85202308750695,7162
223.31327631354156,163.9326541044785,7163
223.27866086281165,164.01429477553367,7164
223.243069540765,164.09694152760977,7165
223.20650430250373,164.18059078687284,7166
223.1689670899211,164.26523897852468,7167
223.13045983179438,164.3508825266026,7168
223.09098444388545,164.43751785377063,7169
223.05054282904914,164.52514138110345,7170
223.0091368773489,164.61374952786235,7171
222.9667684661801,164.70333871126425,7172
222.92343946040046,164.7939053462428,7173
222.87915171246797,164.88544584520335,7174
222.83390706258567,164.97795661776956,7175
222.78770733885375,165.07143407052484,7176
222.7405543574285,165.16587460674583,7177
222.692449922688,165.2612746261302,7178
222.64339582740507,165.35763052451753,7179
222.59339385292645,165.45493869360453,7180
222.54244576935878,165.5531955206541,7181
222.49055333576143,165.65239738819812,7182
222.43771830034544,165.7525406737349,7183
222.38394240067905,165.85362174942142,7184
222.32922736389972,165.95563698175886,7185
222.27357490693208,166.05858273127458,7186
222.21698673671256,166.16245535219772,7187
222.15946455041964,166.2672511921301,7188
222.10101003571083,166.37296659171278,7189
222.041624870965,166.4795978842876,7190
221.98131072553122,166.58714139555408,7191
221.92006925998314,166.69559344322218,7192
221.85790212637943,166.80495033666108,7193
221.79481096853004,166.91520837654335,7194
221.7307974222679,167.0263638544857,7195
221.66586311572664,167.13841305268582,7196
221.60000966962392,167.25135224355574,7197
221.53323869755002,167.36517768935153,7198
221.46555180626234,167.4798856418,7199
221.39695059598515,167.595472341722,7200
221.327436660715,167.7119340186531,7201
221.25701158853113,167.8292668904612,7202
221.18567696191178,167.94746716296163,7203
221.1134343580553,168.06653102952956,7204
221.0402853492068,168.18645467071022,7205
220.96623150299004,168.30723425382735,7206
220.89127438274426,168.42886593258868,7207
220.8154155478664,168.55134584669037,7208
220.7386565541583,168.67467012141975,7209
220.660998954179,168.79883486725572,7210
220.58244429760217,168.92383617946894,7211
220.5029941315782,169.04967013771977,7212
220.42265000110157,169.176332805656,7213
220.34141344938308,169.30382023050905,7214
220.259286018227,169.43212844268993,7215
220.1762692484127,169.56125345538427,7216
220.09236468008163,169.69119126414748,7217
220.0075738531287,169.82193784649934,7218
219.92189830759864,169.95348916151815,7219
219.83533958408702,170.08584114943633,7220
219.74789922414564,170.21898973123476,7221
219.65957877069323,170.35293080823865,7222
219.57037976843003,170.48766026171367,7223
219.48030376425763,170.62317395246274,7224
219.38935230770275,170.75946772042462,7225
219.29752695134613,170.8965373842724,7226
219.20482925125546,171.03437874101422,7227
219.11126076742292,171.1729875655955,7228
219.0168230642073,171.31235961050243,7229
218.92151771078034,171.45249060536756,7230
218.82534628157742,171.59337625657767,7231
218.72831035675281,171.7350122468833,7232
218.63041152263887,171.8773942350111,7233
218.53165137220986,172.02051785527902,7234
218.43203150554996,172.16437871721334,7235
218.33155353032504,172.3089724051695,7236
218.23021906225924,172.45429447795593,7237
218.12802972561533,172.60034046846064,7238
218.02498715367923,172.74710588328185,7239
217.92109298924848,172.89458620236223,7240
217.81634888512502,173.04277687862628,7241
217.71075650461182,173.19167333762297,7242
217.60431752201333,173.34127097717138,7243
217.49703362314008,173.49156516701117,7244
217.38890650581703,173.64255124845832,7245
217.27993788039583,173.79422453406406,7246
217.17012947027078,173.94658030727976,7247
217.0594830123987,174.09961382212742,7248
216.94800025782243,174.2533203028735,7249
216.83568297219784,174.4076949437109,7250
216.72253293632505,174.5627329084436,7251
216.60855194668235,174.71842933017936,7252
216.49374181596457,174.87477931102748,7253
216.37810437362413,175.03177792180244,7254
216.26164146641622,175.189420201735,7255
216.1443549589469,175.34770115818765,7256
216.02624673422486,175.5066157663791,7257
215.90731869421612,175.66615896911424,7258
215.7875727604023,175.8263256765206,7259
215.66701087434188,175.98711076579397,7260
215.54563499823456,176.14850908094866,7261
215.42344711548884,176.3105154325772,7262
215.30044923129248,176.47312459761687,7263
215.17664337318573,176.63633131912425,7264
215.0520315916379,176.80013030605735,7265
214.92661596062615,176.9645162330657,7266
214.80039857821743,177.1294837402896,7267
214.67338156715294,177.29502743316664,7268
214.54556707543512,177.46114188224738,7269
214.4169572769173,177.62782162301826,7270
214.2875543718955,177.79506115573682,7271
214.15736058770307,177.9628549452709,7272
214.0263781793071,178.1311974209506,7273
213.89460942990723,178.300082976428,7274
213.7620566515366,178.46950596954676,7275
213.62872218566477,178.63946072221927,7276
213.49460840380254,178.80994152031624,7277
213.35971770810863,178.980942613563,7278
213.22405253199798,179.1524582154476,7279
213.08761534075185,179.32448250313905,7280
212.95040863212927,179.4970096174113,7281
212.81243493698,179.67003366258226,7282
212.6736968198588,179.8435487064658,7283
212.5341968796408,180.01754878027708,7284
212.39393775013806,180.19202787879414,7285
212.25292210071706,180.36697995998992,7286
212.11115263691684,180.54239894533956,7287
211.9686321010682,180.71827871967307,7288
211.82536327291322,180.89461313121197,7289
211.68134897022523,181.07139599158344,7290
211.5365920494291,181.2486210758554,7291
211.3910954062219,181.42628212257796,7292
211.2448619761934,181.6043728338324,7293
211.0978947354463,181.78288687529604,7294
210.95019670121647,181.961817876314,7295
210.8017709324927,182.14115942998228,7296
210.65262053063563,182.32090509324559,7297
210.50274863999624,182.5010483869994,7298
210.35215844853306,182.6815827962088,7299
210.2008531884287,182.8625017700333,7300
210.04883613670475,183.04379872196728,7301
209.8961106158352,183.22546702998605,7302
209.7426799943586,183.40750003670718,7303
209.58854768748802,183.5898910495596,7304
209.43371715771897,183.7726333409648,7305
209.27819191543537,183.955720148528,7306
209.12197551951277,184.13914467524043,7307
208.96507157791916,184.32290008969224,7308
208.8074837483125,184.50697952629514,7309
208.64921573863592,184.69137608551674,7310
208.49027130770864,184.87608283412382,7311
208.33065426581422,185.06109280543768,7312
208.17036847528433,185.24639899959755,7313
208.00941785107906,185.43199438383675,7314
207.84780636136244,185.61787189276666,7315
207.68553802807395,185.80402442867225,7316
207.52261692749474,185.9904448618166,7317
207.3590471908092,186.17712603075535,7318
207.19483300466106,186.3640607426619,7319
207.02997861170377,186.5512417736609,7320
206.8644883111454,186.7386618691714,7321
206.69836645928692,186.9263137442602,7322
206.5316174700543,187.1141900840041,7323
206.36424581552393,187.30228354386065,7324
206.19625602644084,187.49058675004892,7325
206.02765269272973,187.67909229993825,7326
205.85844046399805,187.86779276244636,7327
205.6886240500316,188.05668067844607,7328
205.51820822128136,188.2457485611795,7329
205.34719780934208,188.43498889668234,7330
205.1755977074216,188.62439414421453,7331
205.00341287080104,188.81395673669988,7332
204.83064831728552,189.0036690811736,7333
204.65730912764457,189.19352355923755,7334
204.48340044604237,189.38351252752207,7335
204.30892748045744,189.57362831815678,7336
204.1338955030912,189.76386323924754,7337
203.9583098507648,189.9542095753608,7338
203.7821759253048,190.1446595880148,7339
203.6054991939161,190.33520551617767,7340
203.42828518954286,190.52583957677223,7341
203.25053951121606,190.71655396518673,7342
203.07226782438795,190.90734085579248,7343
202.89347586125288,191.09819240246708,7344
202.7141694210541,191.28910073912408,7345
202.53435437037584,191.48005798024792,7346
202.3540366434208,191.67105622143478,7347
202.1732222422723,191.86208753993898,7348
201.99191723714057,192.05314399522467,7349
201.81012776659324,192.24421762952204,7350
201.6278600377695,192.43530046838967,7351
201.4451203265767,192.62638452128058,7352
201.2619149778706,192.81746178211387,7353
201.07825040561713,193.00852422985002,7354
200.89413309303663,193.1995638290715,7355
200.7095695927293,193.39057253056677,7356
200.5245665267818,193.58154227191886,7357
200.33913058685454,193.772464978098,7358
200.1532685342494,193.96333256205736,7359
199.96698719995723,194.15413692533343,7360
199.78029348468462,194.3448699586491,7361
199.59319435886044,194.5355235425206,7362
199.40569686262018,194.72608954786782,7363
199.2178081057694,194.91655983662727,7364
199.0295352677247,195.10692626236857,7365
198.84088559743222,195.2971806709138,7366
198.6518664132636,195.48731490095938,7367
198.46248510288856,195.677320784701,7368
198.27274912312384,195.86719014846096,7369
198.0826659997584,196.05691481331792,7370
197.89224332735444,196.24648659573938,7371
197.70148876902343,196.43589730821637,7372
197.5104100561777,196.62513875989978,7373
197.31901498825644,196.81420275724,7374
197.12731143242627,197.00308110462743,7375
196.93530732325598,197.1917656050356,7376
196.74301066236487,197.38024806066625,7377
196.55042951804504,197.5685202735958,7378
196.3575720248566,197.756574046424,7379
196.16444638319612,197.94440118292403,7380
195.97106085883766,198.13199348869446,7381
195.77742378244696,198.3193427718126,7382
195.5835435490667,198.50644084348934,7383
195.3894286175757,198.69327951872572,7384
195.19508751011819,198.8798506169708,7385
195.00052881150634,199.0661459627806,7386
194.80576116859365,199.2521573864791,7387
194.6107932896199,199.4378767248197,7388
194.4156339435279,199.62329582164855,7389
194.22029195925086,199.80840652856898,7390
194.0247762249715,199.99320070560674,7391
193.8290956873522,200.17767022187692,7392
193.63325935073587,200.36180695625168,7393
193.43727627631833,200.54560279802897,7394
193.2411555812915,200.7290496476027,7395
193.04490643795782,200.9121394171336,7396
192.84853807281544,201.09486403122108,7397
192.65205976561535,201.2772154275762,7398
192.4554808483888,201.45918555769563,7399
192.25881070444683,201.64076638753616,7400
192.06205876735117,201.82194989819058,7401
191.8652345198564,202.00272808656385,7402
191.6683474928244,202.18309296605054,7403
191.47140726411075,202.36303656721287,7404
191.27442345742335,202.54255093845933,7405
191.07740574115311,202.72162814672416,7406
190.88036382717846,202.9002602781475,7407
190.68330746964193,203.0784394387561,7408
190.48624646370058,203.25615775514453,7409
190.28919064425037,203.43340737515683,7410
190.0921498846242,203.61018046856896,7411
189.89513409526486,203.7864692277712,7412
189.69815322237272,203.96226586845134,7413
189.50121724652914,204.13756263027759,7414
189.30433618129533,204.3123517775823,7415
189.1075200717876,204.48662560004541,7416
188.91077899323017,204.660376413378,7417
188.71412304948467,204.83359656000593,7418
188.5175623715578,205.00627840975326,7419
188.32110711608826,205.17841436052558,7420
188.12476746381176,205.3499968389929,7421
187.92855361800702,205.52101830127222,7422
187.73247580292144,205.6914712336093,7423
187.53654426217895,205.86134815306036,7424
187.34076925716855,206.03064160817252,7425
187.14516106541646,206.19934417966343,7426
186.94972997894192,206.36744848110013,7427
186.7544863025957,206.5349471595765,7428
186.55944035238528,206.70183289638936,7429
186.364602453785,206.86809840771366,7430
186.1699829400327,207.03373644527514,7431
185.9755921504142,207.198739797022,7432
185.78144042853572,207.3631012877944,7433
185.58753812058637,207.52681377999153,7434
185.39389557358913,207.68987017423686,7435
185.2005231336449,207.85226341004062,7436
185.0074311441667,208.0139864664596,7437
184.81462994410728,208.1750323627541,7438
184.62212986618167,208.3353941590419,7439
184.4299412350826,208.4950649569488,7440
184.23807436569288,208.65403790025562,7441
184.04653956129454,208.8123061755417,7442
183.8553471117751,208.96986301282416,7443
183.66450729183296,209.12670168619312,7444
183.47403035918217,209.28281551444246,7445
183.28392655275823,209.43819786169593,7446
183.09420609092604,209.59284213802843,7447
182.9048791696883,209.74674180008182,7448
182.7159559609013,209.89989035167602,7449
182.527446610493,210.05228134441333,7450
182.33936123668585,210.2039083782781,7451
182.15170992823064,210.35476510222932,7452
181.9645027426432,210.50484521478714,7453
181.77774970445228,210.6541424646125,7454
181.59146080345892,210.8026506510802,7455
181.40564599300228,210.95036362484404,7456
181.2203151882416,211.0972752883953,7457
181.035478264448,211.24337959661264,7458
180.85114505530953,211.38867055730438,7459
180.66732535125794,211.53314223174266,7460
180.48402889779857,211.6767887351884,7461
180.30126539386526,211.81960423740802,7462
180.11904449019463,211.96158296318066,7463
179.93737578772286,212.1027191927963,7464
179.7562688359654,212.24300726254378,7465
179.57573313147552,212.38244156518945,7466
179.3957781162881,212.5210165504453,7467
179.21641317638012,212.65872672542682,7468
179.03764764017416,212.79556665509998,7469
178.85949077705303,212.93153096271757,7470
178.68195179590273,213.06661433024408,7471
178.50503984367973,213.20081149876933,7472
178.32876400400315,213.33411726891052,7473
178.1531332957752,213.4665265012021,7474
177.97815667182732,213.59803411647388,7475
177.80384301759364,213.72863509621646,7476
177.63020114981595,213.8583244829345,7477
177.45723981527493,213.9870973804869,7478
177.2849676895516,214.11494895441416,7479
177.1133933758205,214.24187443225287,7480
176.94252540367208,214.36786910383626,7481
176.77237222796745,214.49292832158167,7482
176.60294222772444,214.61704750076444,7483
176.43424370503604,214.7402221197777,7484
176.26628488402247,214.8624477203781,7485
176.09907390981505,214.98371990791767,7486
175.93261884757422,215.1040343515613,7487
175.76692768154192,215.22338678448978,7488
175.60200831412718,215.34177300408817,7489
175.43786856502655,215.45918887211997,7490
175.27451617038056,215.575630314886,7491
175.11195878196273,215.69109332336893,7492
174.95020396640572,215.80557395336257,7493
174.78925920446216,215.91906832558647,7494
174.62913189030093,216.0315726257852,7495
174.46982933083893,216.14308310481272,7496
174.31135874510926,216.25359607870163,7497
174.15372726366436,216.36310792871723,7498
173.9969419280156,216.47161510139625,7499
173.84100969010788,216.57911410857062,7500
173.685937411831,216.68560152737592,7501
173.5317318645662,216.7910740002448,7502
173.37839972876844,216.8955282348849,7503
173.2259475935842,216.99896100424198,7504
173.07438195650502,217.10136914644787,7505
172.92370922305622,217.20274956475325,7506
172.77393570652004,217.3030992274457,7507
172.62506762769527,217.40241516775248,7508
172.47711111468965,217.50069448372878,7509
172.33007220274845,217.59793433813115,7510
172.18395683411626,217.69413195827613,7511
172.0387708579324,217.78928463588466,7512
171.89452003016115,217.8833897269116,7513
171.7512100135538,217.9764446513615,7514
171.60884637764457,218.0684468930898,7515
171.4674345987785,218.15939399958995,7516
171.326980060172,218.2492835817672,7517
171.1874880520043,218.33811331369793,7518
171.04896377154097,218.42588093237626,7519
170.91141232328798,218.51258423744633,7520
170.77483871917593,218.59822109092232,7521
170.63924787877463,218.68278941689482,7522
170.50464462953644,218.7662872012247,7523
170.3710337070696,218.84871249122435,7524
170.23841975543857,218.93006339532639,7525
170.1068073274934,219.01033808274022,7526
169.97620088522604,219.08953478309698,7527
169.84660480015282,219.16765178608216,7528
169.7180233537245,219.2446874410572,7529
169.59046073776057,219.32064015666958,7530
169.4639210549096,219.3955084004521,7531
169.33840831913332,219.46929069841116,7532
169.2139264562152,219.54198563460469,7533
169.09047930429222,219.61359185070972,7534
168.96807061440887,219.68410804558013,7535
168.8467040510937,219.75353297479424,7536
168.7263831929572,219.82186545019346,7537
168.60711153331036,219.88910433941143,7538
168.48889248080374,219.95524856539419,7539
168.37172936008554,220.02029710591185,7540
168.2556254124795,220.0842489930619,7541
168.1405837966804,220.14710331276405,7542
168.02660758946757,220.20885920424791,7543
167.91369978643544,220.26951585953248,7544
167.80186330274037,220.32907252289868,7545
167.69110097386363,220.38752849035498,7546
167.58141555638923,220.44488310909603,7547
167.47280972879648,220.5011357769554,7548
167.36528609226644,220.55628594185157,7549
167.2588471715018,220.61033310122855,7550
167.15349541555904,220.6632768014908,7551
167.0492331986934,220.7151166374328,7552
166.9460628212148,220.76585225166366,7553
166.84398651035474,220.81548333402725,7554
166.7430064211432,220.86400962101752,7555
166.64312463729644,220.91143089518994,7556
166.54434317211195,220.95774698456907,7557
166.44666396937373,221.00295776205235,7558
166.35008890426454,221.04706314481083,7559
166.25461978428567,221.0900630936866,7560
166.16025835018382,221.13195761258766,7561
166.06700627688417,221.1727467478799,7562
165.9748651744287,221.21243058777765,7563
165.88383658892056,221.2510092617312,7564
165.7939220034724,221.28848293981332,7565
165.70512283915917,221.32485183210412,7566
165.6174404559745,221.36011618807456,7567
165.53087615379013,221.39427629596935,7568
165.4454311733183,221.4273324821885,7569
165.36110669707574,221.4592851106691,7570
165.2779038503502,221.49013458226645,7571
165.19582370216708,221.51988133413528,7572
165.11486726625793,221.5485258391113,7573
165.03503550202862,221.57606860509287,7574
164.95632931552754,221.60251017442394,7575
164.8787495604133,221.62785112327728,7576
164.80229703892172,221.65209206103924,7577
164.72697250283085,221.67523362969575,7578
164.65277665442485,221.69727650321965,7579
164.57971014745567,221.71822138696024,7580
164.50777358810151,221.7380690170342,7581
164.43696753592346,221.75682015971913,7582
164.36729250481812,221.77447561084907,7583
164.2987489639669,221.79103619521288,7584
164.23133733878151,221.806502765955,7585
164.16505801184496,221.8208762039793,7586
164.09991132384818,221.8341574173561,7587
164.03589757452158,221.8463473407319,7588
163.9730170235619,221.85744693474322,7589
163.91126989155276,221.86745718543347,7590
163.85065636088035,221.87637910367374,7591
163.7911765766427,221.88421372458745,7592
163.7328306475524,221.89096210697903,7593
163.67561864683373,221.89662533276672,7594
163.61954061311158,221.90120450641965,7595
163.564596551295,221.9047007543995,7596
163.51078643345235,221.90711522460668,7597
163.45811019967914,221.90844908583105,7598
163.406567758959,221.90870352720776,7599
163.35615899001587,221.90787975767788,7600
163.3068837421589,221.90597900545396,7601
163.25874183611836,221.90300251749122,7602
163.2117330648739,221.8989515589635,7603
163.16585719447383,221.89382741274505,7604
163.12111396484573,221.88763137889748,7605
163.07750309059813,221.88036477416264,7606
163.03502426181353,221.87202893146093,7607
162.99367714483168,221.8626251993955,7608
162.95346138302384,221.85215494176245,7609
162.91437659755786,221.84061953706671,7610
162.8764223881535,221.82802037804433,7611
162.8395983338276,221.81435887119054,7612
162.80390399363074,221.79963643629432,7613
162.7693389073726,221.78385450597904,7614
162.73590259633843,221.7670145252496,7615
162.70359456399504,221.74911795104578,7616
162.67241429668653,221.7301662518022,7617
162.64236126432027,221.71016090701502,7618
162.61343492104206,221.6891034068149,7619
162.58563470590158,221.66699525154652,7620
162.55896004350674,221.64383795135555,7621
162.533410344668,221.61963302578144,7622
162.50898500703227,221.59438200335762,7623
162.48568341570564,221.56808642121854,7624
162.46350494386652,221.54074782471318,7625
162.44244895336675,221.51236776702612,7626
162.42251479532337,221.48294780880505,7627
162.40370181069892,221.4524895177957,7628
162.38600933087088,221.42099446848357,7629
162.3694366781909,221.38846424174307,7630
162.35398316653271,221.35490042449345,7631
162.33964810182948,221.32030460936198,7632
162.32643078260014,221.28467839435467,7633
162.3143305004649,221.2480233825339,7634
162.30334654065018,221.210341181703,7635
162.29347818248192,221.17163340409917,7636
162.28472469986895,221.13190166609243,7637
162.27708536177468,221.0911475878929,7638
162.27055943267817,221.04937279326472,7639
162.26514617302425,221.0065789092481,7640
162.26084483966312,220.9627675658881,7641
162.25765468627796,220.9179403959711,7642
162.25557496380307,220.87209903476892,7643
162.25460492082982,220.82524511978997,7644
162.2547438040025,220.77738029053845,7645
162.25599085840278,220.72850618828048,7646
162.2583453279238,220.67862445581807,7647
162.26180645563272,220.62773673727074,7648
162.26637348412294,220.57584467786444,7649
162.27204565585495,220.52294992372816,7650
162.2788222134869,220.46905412169818,7651
162.28670240019372,220.41415891912982,7652
162.29568545997577,220.3582659637169,7653
162.30577063795633,220.30137690331898,7654
162.31695718066868,220.24349338579597,7655
162.3292443363318,220.18461705885068,7656
162.34263135511594,220.12474956987873,7657
162.35711748939642,220.06389256582682,7658
162.37270199399754,220.00204769305805,7659
162.3893841264253,219.93921659722517,7660
162.4071631470891,219.875400923152,7661
162.42603831951297,219.8106023147222,7662
162.44600891053597,219.7448224147759,7663
162.4670741905017,219.67806286501437,7664
162.48923343343688,219.6103253059124,7665
162.51248591721944,219.54161137663854,7666
162.53683092373564,219.4719227149833,7667
162.56226773902657,219.40126095729516,7668
162.58879565342352,219.32962773842468,7669
162.6164139616729,219.25702469167638,7670
162.64512196305012,219.18345344876886,7671
162.67491896146288,219.10891563980255,7672
162.70580426554338,219.03341289323595,7673
162.7377771887299,218.95694683586964,7674
162.77083704933753,218.8795190928383,7675
162.8049831706179,218.80113128761127,7676
162.84021488080808,218.72178504200085,7677
162.8765315131688,218.64148197617894,7678
162.91393240601153,218.56022370870198,7679
162.95241690271467,218.47801185654401,7680
162.99198435172886,218.39484803513795,7681
163.03263410657138,218.3107338584256,7682
163.07436552580938,218.2256709389154,7683
163.11717797303208,218.13966088774905,7684
163.1610708168122,218.05270531477643,7685
163.20604343065605,217.9648058286389,7686
163.25209519294236,217.87596403686118,7687
163.29922548685036,217.78618154595188,7688
163.3474337002765,217.69545996151248,7689
163.39671922573964,217.60380088835498,7690
163.4470814602753,217.5112059306284,7691
163.4985198053186,217.41767669195383,7692
163.5510336665757,217.3232147755682,7693
163.60462245388362,217.2278217844773,7694
163.65928558105912,217.1314993216172,7695
163.7150224657355,217.03424899002488,7696
163.7718325291882,216.93607239301775,7697
163.82971519614887,216.83697113438234,7698
163.888669894607,216.7369468185718,7699
163.9486960556007,216.63600105091308,7700
164.00979311299537,216.53413543782264,7701
164.07196050325004,216.43135158703205,7702
164.13519766517257,216.32765110782256,7703
164.19950403966212,216.22303561126907,7704
164.2648790694398,216.11750671049387,7705
164.3313221987675,216.0110660209294,7706
164.39883287315385,215.9037151605911,7707
164.46741053904847,215.79545575035948,7708
164.53705464352336,215.686289414272,7709
164.6077646339422,215.57621777982516,7710
164.67953995761698,215.46524247828566,7711
164.75238006145184,215.35336514501185,7712
164.82628439157477,215.2405874197856,7713
164.90125239295557,215.12691094715325,7714
164.9772835090119,215.01233737677748,7715
165.05437718120183,214.8968683637989,7716
165.13253284860372,214.78050556920815,7717
165.21174994748225,214.66325066022813,7718
165.2920279108422,214.54510531070673,7719
165.37336616796836,214.42607120151985,7720
165.4557641439519,214.30615002098523,7721
165.5392212592038,214.18534346528645,7722
165.62373692895412,214.06365323890802,7723
165.7093105627381,213.9410810550809,7724
165.79594156386818,213.81762863623896,7725
165.88362932889223,213.69329771448622,7726
165.9723732470379,213.56809003207502,7727
166.062172699643,213.44200734189533,7728
166.15302705957166,213.31505140797486,7729
166.24493569061624,213.18722400599054,7730
166.33789794688508,213.05852692379105,7731
166.43191317217574,212.9289619619306,7732
166.526980699334,212.79853093421417,7733
166.6230998495979,212.66723566825385,7734
166.72026993192776,212.53507800603677,7735
166.81849024232076,212.40205980450466,7736
166.9177600631114,212.26818293614463,7737
167.01807866225656,212.13344928959168,7738
167.11944529260617,211.99786077024282,7739
167.22185919115822,211.86141930088317,7740
167.32531957829934,211.72412682232303,7741
167.42982565702997,211.58598529404765,7742
167.535376612174,211.44699669487804,7743
167.6419716095738,211.3071630236439,7744
167.74960979526944,211.16648629986875,7745
167.85829029466294,211.02496856446615,7746
167.96801221166675,210.88261188044868,7747
168.07877462783696,210.7394183336483,7748
168.19057660149124,210.59539003344898,7749
168.30341716681107,210.45052911353073,7750
168.4172953329282,210.3048377326265,7751
168.5322100829964,210.15831807529025,7752
168.6481603732467,210.01097235267721,7753
168.7651451320279,209.8628028033362,7754
168.88316325883093,209.7138116940138,7755
169.00221362329816,209.5640013204703,7756
169.1222950642169,209.41337400830773,7757
169.24340638849768,209.26193211380942,7758
169.36554637013685,209.10967802479175,7759
169.4887137491641,208.95661416146717,7760
169.61290723057445,208.8027429773193,7761
169.73812548324506,208.6480669599893,7762
169.86436713883674,208.4925886321741,7763
169.9916307906808,208.33631055253562,7764
170.11991499265025,208.17923531662194,7765
170.2492182580169,208.02136555779921,7766
170.37953905829298,207.8627039481948,7767
170.51087582205867,207.70325319965178,7768
170.64322693377508,207.5430160646938,7769
170.7765907325827,207.38199533750114,7770
170.91096551108618,207.22019385489693,7771
171.04634951412427,207.0576144973443,7772
171.18274093752746,206.89426018995331,7773
171.32013792686095,206.73013390349817,7774
171.45853857615467,206.5652386554442,7775
171.59794092662085,206.39957751098464,7776
171.73834296535773,206.23315358408664,7777
171.87974262404194,206.0659700385466,7778
172.02213777760812,205.89803008905415,7779
172.16552624291694,205.72933700226542,7780
172.30990577741164,205.55989409788396,7781
172.45527407776336,205.38970474975005,7782
172.60162877850541,205.21877238693804,7783
172.74896745065814,205.04710049486073,7784
172.89728760034276,204.87469261638103,7785
173.0465866673868,204.70155235293035,7786
173.19686202391944,204.52768336563352,7787
173.3481109729589,204.35308937643956,7788
173.50033074699192,204.17777416925776,7789
173.65351850654554,204.00174159109955,7790
173.8076713387516,203.8249955532245,7791
173.96278625590523,203.647540032291,7792
174.1188601940179,203.46937907151022,7793
174.2758900113644,203.29051678180411,7794
174.43387248702552,203.1109573429652,7795
174.59280431942767,202.93070500481977,7796
174.75268212487865,202.74976408839146,7797
174.9135024361003,202.56813898706713,7798
175.07526170076136,202.38583416776245,7799
175.23795628000693,202.20285417208802,7800
175.40158244698983,202.01920361751408,7801
175.5661363854015,201.83488719853457,7802
175.73161418800484,201.64990968782882,7803
175.8980118551685,201.46427593742024,7804
176.06532529340652,201.27799087983226,7805
176.23355031391938,201.09105952923952,7806
176.40268263114228,200.9034869826145,7807
176.57271786129886,200.71527842086826,7808
176.7436515209615,200.52643910998486,7809
176.91547902562,200.33697440214857,7810
177.0881956882606,200.14688973686265,7811
177.26179671795262,199.95619064205965,7812
177.43627721844913,199.76488273520152,7813
177.61163218679826,199.5729717243693,7814
177.78785651196844,199.38046340934085,7815
177.96494497348942,199.1873636826565,7816
178.1428922401081,198.9936785306709,7817
178.32169286846116,198.79941403459037,7818
178.50134130176684,198.60457637149545,7819
178.68183186853872,198.40917181534587,7820
178.86315878131327,198.2132067379696,7821
179.0453161354084,198.01668761003205,7822
179.2282979076989,197.81962100198672,7823
179.41209795542076,197.6220135850048,7824
179.59671001500135,197.42387213188326,7825
179.78212770090994,197.22520351793042,7826
179.96834450456547,197.02601472182732,7827
180.1553537931707,196.82631282646446,7828
180.34314880883008,196.6261050197523,7829
180.53172266734413,196.4253985954047,7830
180.72106835732745,196.22420095369384,7831
180.9111787392429,196.0225196021758,7832
181.1020465444807,195.82036215638544,7833
181.29366437449707,195.6177363404993,7834
181.48602469997428,195.41464998796573,7835
181.67911986003773,195.21111104210067,7836
181.87294206150588,195.00712755664807,7837
182.06748337819093,194.8027076963038,7838
182.26273575024388,194.597859737202,7839
182.45869098354794,194.3925920673621,7840
182.6553407491592,194.18691318709597,7841
182.85267658280193,193.98083170937414,7842
183.05068988441093,193.77435636014897,7843
183.24937191773293,193.56749597863447,7844
183.44871380997884,193.36025951754138,7845
183.64870655153393,193.1526560432666,7846
183.84934099572664,192.94469473603493,7847
184.05060785865396,192.73638488999316,7848
184.25249771907062,192.5277359132549,7849
184.45500101833716,192.31875732789464,7850
184.65810806043314,192.10945876989075,7851
184.86180901203366,191.89984998901605,7852
185.066093902651,191.68994084867435,7853
185.27095262484448,191.47974132568305,7854
185.47637493449704,191.26926151000023,7855
185.6823504511613,191.05851160439474,7856
185.88886865847556,190.84750192405943,7857
186.09591890465109,190.6362428961663,7858
186.30349040303125,190.42474505936184,7859
186.51157223272438,190.2130190632034,7860
186.72015333930943,190.00107566753383,7861
186.92922253561736,189.7889257417958,7862
187.13876850258788,189.57658026428288,7863
187.348779790202,189.36405032132905,7864
187.55924481849206,189.15134710643352,7865
187.7701518786286,188.93848191932264,7866
187.9814891340861,188.72546616494682,7867
188.1932446218863,188.51231135241295,7868
188.405406253921,188.2990290938505,7869
188.61796181835376,188.08563110321364,7870
188.83089898110157,187.87212919501567,7871
189.04420528739487,187.6585352829979,7872
189.2578681634186,187.44486137873272,7873
189.47187491803257,187.23111959015898,7874
189.6862127445706,187.0173221200518,7875
189.90086872272076,186.80348126442536,7876
190.1158298204832,186.5896094108687,7877
190.33108289620824,186.37571903681626,7878
190.54661470071218,186.16182270775167,7879
190.7624118794712,185.94793307534488,7880
190.97846097489358,185.7340628755254,7881
191.19474842866748,185.5202249264887,7882
191.411260584186,185.3064321266396,7883
191.62798368904615,185.09269745246945,7884
191.84490389762354,184.87903395637224,7885
192.06200727371908,184.6654547643961,7886
192.27927979327873,184.45197307393337,7887
192.4967073471836,184.2386021513504,7888
192.71427574410998,184.0253553295547,7889
192.93197071345787,183.81224600550635,7890
193.14977790834584,183.59928763766786,7891
193.36768290867136,183.38649374339838,7892
193.58567122423523,183.17387789629342,7893
193.80372829792697,182.96145372346714,7894
194.02183950897134,182.74923490278368,7895
194.23999017623203,182.53723516003606,7896
194.45816556157266,182.32546826607467,7897
194.67635087327116,182.11394803388617,7898
194.89453126948644,181.90268831562796,7899
195.11269186177518,181.6917029996135,7900
195.330817718656,181.48100600725726,7901
195.54889386921872,181.27061128997593,7902
195.76690530677675,181.06053282604992,7903
195.98483699255974,180.85078461744837,7904
196.20267385944413,180.6413806866138,7905
196.42040081571878,180.43233507321983,7906
196.63800274888334,180.22366183089102,7907
196.85546452947665,180.01537502387873,7908
197.07277101493187,179.807488723812,7909
197.28990705345612,179.6000170061552,7910
197.50685748793234,179.3929739470161,7911
197.72360715983848,179.18637361963783,7912
197.9401409131836,178.9802300910026,7913
198.1564435984564,178.7745574183885,7914
198.37250007658315,178.56936964592094,7915
198.58829522289332,178.36468080110677,7916
198.80381393108854,178.16050489136393,7917
199.01904111721248,177.95685590054362,7918
199.23396172361873,177.75374778544887,7919
199.44856072293342,177.55119447235177,7920
199.6628231220097,177.34920985351408,7921
199.87673396587093,177.1478077837082,7922
200.0902783416394,176.94700207675032,7923
200.30344138244848,176.74680650203635,7924
200.51620827133385,176.54723478109497,7925
200.728564245102,176.34830058415196,7926
200.9404945981722,176.15001752671245,7927
201.15198468638985,175.95239916616202,7928
201.3630199308078,175.75545899838994,7929
201.57358582143277,175.55921045443696,7930
201.7836679209344,175.3636668971693,7931
201.9932518683138,175.16884161798257,7932
202.20232338252958,174.97474783353633,7933
202.4108682660776,174.78139868252356,7934
202.61887240852306,174.58880722247653,7935
202.8263217899814,174.39698642661037,7936
203.0332024845462,174.20594918070805,7937
203.2395006636612,174.01570828004895,7938
203.44520259943505,173.82627642638136,7939
203.65029466789446,173.6376662249438,7940
203.85476335217632,173.4498901815347,7941
204.0585952456545,173.26296069963325,7942
204.2617770550003,173.07689007757503,7943
204.4642956031741,172.89169050578099,7944
204.6661378323472,172.7073740640446,7945
204.86729080675101,172.52395271887704,7946
205.06774171545229,172.3414383209134,7947
205.26747787505332,172.1598426023802,7948
205.46648673231496,171.97917717462695,7949
205.66475586670114,171.79945352572224,7950
205.86227299284374,171.62068301811672,7951
206.05902596292668,171.44287688637291,7952
206.25500276898757,171.266046234965,7953
206.45019154513653,171.09020203614747,7954
206.64458056969087,170.91535512789588,7955
206.83815826722477,170.74151621191885,7956
207.0309132105332,170.5686958517439,7957
207.22283412251002,170.39690447087634,7958
207.41390987793815,170.22615235103328,7959
207.60412950519373,170.05644963045265,7960
207.79348218786126,169.88780630227808,7961
207.98195726626156,169.72023221302024,7962
208.1695442388914,169.5537370610948,7963
208.3562327637744,169.3883303954375,7964
208.5420126597241,169.22402161419691,7965
208.7268739075187,169.06081996350426,7966
208.9108066509877,168.89873453632129,7967
209.0938011980107,168.7377742713657,7968
209.27584802142886,168.57794795211436,7969
209.45693775986945,168.41926420588374,7970
209.63706121848367,168.2617315029881,7971
209.81620936959874,168.1053581559745,7972
209.99437335328454,167.9501523189346,7973
210.17154447783585,167.79612198689279,7974
210.34771422017104,167.64327499527005,7975
210.5228742261475,167.4916190194232,7976
210.69701631079548,167.34116157425927,7977
210.870132458471,167.1919100139231,7978
211.04221482292883,167.04387153155852,7979
211.21325572731692,166.8970531591423,7980
211.3832476640931,166.75146176738988,7981
211.55218329486573,166.60710406573105,7982
211.7200554501593,166.4639866023562,7983
211.88685712910618,166.32211576433087,7984
212.05258149906652,166.1814977777788,7985
212.21722189517683,166.04213870813027,7986
212.38077181982968,165.90404446043743,7987
212.54322494208503,165.76722077975285,7988
212.70457509701566,165.63167325157164,7989
212.86481628498757,165.49740730233546,7990
213.0239426708774,165.36442819999664,7991
213.18194858322818,165.232741054642,7992
213.33882851334525,165.10235081917418,7993
213.49457711433405,164.97326229004943,7994
213.64918920008134,164.84548010807077,7995
213.80265974418143,164.71900875923436,7996
213.95498387880966,164.59385257562832,7997
214.1061568935443,164.47001573638207,7998
214.25617423413885,164.347502268665,7999
214.40503150124655,164.22631604873268,8000
214.5527244490986,164.10646080301944,8001
214.6992489841384,163.98794010927548,8002
214.84460116361254,163.8707573977471,8003
214.9887771941216,163.75491595239845,8004
215.13177343013155,163.64041891217374,8005
215.27358637244743,163.52726927229722,8006
215.41421266665213,163.41546988561072,8007
215.55364910151062,163.30502346394633,8008
215.69189260734217,163.19593257953292,8009
215.8289402543623,163.0881996664351,8010
215.96478925099532,162.98182702202294,8011
216.0994369421605,162.87681680847086,8012
216.23288080753193,162.77317105428443,8013
216.36511845977498,162.67089165585315,8014
216.49614764276052,162.56998037902864,8015
216.62596622975798,162.4704388607251,8016
216.75457222160978,162.37226861054262,8017
216.88196374488797,162.27547101241032,8018
217.0081390500346,162.18004732624865,8019
217.13309650948796,162.08599868964885,8020
217.25683461579513,161.99332611956933,8021
217.37935197971336,161.90203051404615,8022
217.5006473283008,161.81211265391727,8023
217.62071950299827,161.72357320455905,8024
217.7395674577039,161.63641271763308,8025
217.857190256841,161.55063163284322,8026
217.97358707342124,161.46623027970037,8027
218.08875718710402,161.38320887929464,8028
218.20269998225342,161.30156754607333,8029
218.31541494599364,161.2213062896235,8030
218.4269016662645,161.1424250164581,8031
218.53715982987788,161.06492353180468,8032
218.64618922057608,160.98880154139513,8033
218.75398971709342,160.9140586532561,8034
218.8605612912219,160.840694379498,8035
218.96590400588227,160.76870813810294,8036
219.07001801320078,160.69809925470935,8037
219.1729035525933,160.62886696439293,8038
219.27456094885721,160.56101041344334,8039
219.37499061027222,160.49452866113464,8040
219.4741930267107,160.42942068148992,8041
219.57216876775846,160.36568536503833,8042
219.66891848084683,160.303321520564,8043
219.76444288939658,160.24232787684645,8044
219.85874279097456,160.18270308439054,8045
219.95181905546357,160.12444571714707,8046
220.04367262324635,160.06755427422158,8047
220.1343045034041,160.0120271815717,8048
220.22371577193007,159.95786279369193,8049
220.31190756995915,159.90505939528572,8050
220.39888110201343,159.85361520292352,8051
220.48463763426489,159.80352836668678,8052
220.5691784928149,159.75479697179756,8053
220.65250506199192,159.70741904023254,8054
220.73461878266696,159.6613925323211,8055
220.81552115058767,159.61671534832777,8056
220.89521371473154,159.57338533001763,8057
220.97369807567793,159.53140026220464,8058
221.05097588400008,159.49075787428274,8059
221.1270488386768,159.45145584173875,8060
221.20191868552425,159.41349178764747,8061
221.2755872156483,159.3768632841481,8062
221.34805626391747,159.34156785390155,8063
221.41932770745663,159.30760297152904,8064
221.48940346416188,159.27496606503118,8065
221.5582854912366,159.24365451718728,8066
221.62597578374877,159.21366566693496,8067
221.69247637321,159.1849968107296,8068
221.75778932617607,159.1576452038836,8069
221.82191674286915,159.13160806188506,8070
221.88486075582185,159.10688256169632,8071
221.94662352854326,159.08346584303095,8072
222.00720725420683,159.06135500961074,8073
222.06661415436,159.04054713040128,8074
222.12484647765618,159.02103924082652,8075
222.1819064986085,159.00282834396265,8076
222.23779651636548,158.9859114117099,8077
222.29251885350877,158.9702853859442,8078
222.34607585487274,158.95594717964678,8079
222.39846988638604,158.94289367801284,8080
222.44970333393474,158.93112173953895,8081
222.49977860224757,158.92062819708906,8082
222.54869811380246,158.9114098589392,8083
222.59646430775487,158.9034635098013,8084
222.64307963888766,158.8967859118252,8085
222.68854657658213,158.89137380558014,8086
222.7328676038104,158.8872239110149,8087
222.776045216149,158.8843329283967,8088
222.81808192081343,158.88269753922958,8089
222.85898023571343,158.88231440715154,8090
222.89874268852932,158.88318017881122,8091
222.93737181580835,158.88529148472367,8092
222.9748701620821,158.8886449401057,8093
223.01124027900363,158.8932371456908,8094
223.046484724505,158.89906468852357,8095
223.08060606197427,158.90612414273426,8096
223.11360685945306,158.91441207029288,8097
223.14548968885242,158.92392502174374,8098
223.17625712518938,158.93465953691987,8099
223.20591174584146,158.9466121456382,8100
223.2344561298212,158.959779368375,8101
223.2618928570684,158.97415771692195,8102
223.28822450776198,158.98974369502346,8103
223.3134536616493,159.00653379899444,8104
223.33758289739438,159.02452451831965,8105
223.3606147919433,159.04371233623465,8106
223.3825519199083,159.0640937302874,8107
223.4033968529684,159.0856651728824,8108
223.42315215928818,159.10842313180657,8109
223.44182040295306,159.13236407073694,8110
223.45940414342203,159.15748444973084,8111
223.4759059349965,159.18378072569834,8112
223.49132832630607,159.21124935285766,8113
223.50567385981046,159.23988678317298,8114
223.51894507131735,159.26968946677587,8115
223.531144489516,159.30065385236912,8116
223.54227463552695,159.33277638761479,8117
223.55233802246659,159.36605351950533,8118
223.5613371550272,159.40048169471874,8119
223.56927452907192,159.4360573599578,8120
223.5761526312447,159.4727769622731,8121
223.5819739385943,159.51063694937088,8122
223.58674091821342,159.54963376990523,8123
223.5904560268912,159.58976387375517,8124
223.59312171078028,159.63102371228658,8125
223.5947404050773,159.67340973859953,8126
223.59531453371702,159.71691840776052,8127
223.59484650907999,159.76154617702076,8128
223.59333873171283,159.80728950602,8129
223.5907935900624,159.85414485697623,8130
223.5872134602216,159.90210869486162,8131
223.58260070568878,159.9511774875646,8132
223.57695767713895,160.00134770603873,8133
223.5702867122073,160.0526158244381,8134
223.56259013528484,160.10497832023944,8135
223.55387025732588,160.1584316743518,8136
223.54412937566713,160.21297237121277,8137
223.5333697738581,160.268596898873,8138
223.52159372150325,160.3253017490674,8139
223.50880347411484,160.38308341727503,8140
223.49500127297696,160.44193840276617,8141
223.48018934502036,160.5018632086384,8142
223.464369902708,160.56285434183994,8143
223.44754514393065,160.62490831318257,8144
223.4297172519136,160.68802163734267,8145
223.41088839513256,160.75219083285103,8146
223.39106072724059,160.81741242207212,8147
223.3702363870039,160.88368293117188,8148
223.34841749824824,160.9509988900759,8149
223.3256061698142,161.01935683241587,8150
223.3018044955224,161.08875329546683,8151
223.27701455414754,161.15918482007362,8152
223.25123840940213,161.23064795056746,8153
223.22447810992875,161.3031392346729,8154
223.1967356893014,161.37665522340498,8155
223.16801316603565,161.45119247095693,8156
223.13831254360738,161.5267475345783,8157
223.10763581048002,161.60331697444437,8158
223.07598494014016,161.68089735351575,8159
223.04336189114153,161.7594852373901,8160
223.009768607157,161.83907719414427,8161
222.97520701703877,161.9196697941682,8162
222.9396790348863,162.00125960999014,8163
222.90318656012238,162.08384321609424,8164
222.86573147757662,162.16741718872893,8165
222.82731565757672,162.2519781057083,8166
222.78794095604724,162.33752254620498,8167
222.7476092146158,162.4240470905355,8168
222.70632226072664,162.51154831993813,8169
222.66408190776127,162.60002281634337,8170
222.6208899551666,162.68946716213657,8171
222.57674818858976,162.7798779399144,8172
222.53165838002013,162.8712517322331,8173
222.48562228793833,162.963585121351,8174
222.4386416574717,163.0568746889635,8175
222.39071822055695,163.15111701593133,8176
222.34185369610907,163.24630868200362,8177
222.29204979019732,163.34244626553263,8178
222.2413081962272,163.43952634318393,8179
222.1896305951291,163.53754548963983,8180
222.1370186555537,163.63650027729676,8181
222.083474034073,163.7363872759571,8182
222.02899837538808,163.8372030525153,8183
221.97359331254307,163.93894417063817,8184
221.91726046714504,164.04160719044012,8185
221.86000144959004,164.14518866815303,8186
221.80181785929526,164.24968515579053,8187
221.74271128493697,164.35509320080808,8188
221.68268330469473,164.4614093457572,8189
221.62173548650114,164.56863012793582,8190
221.55986938829741,164.67675207903332,8191
221.49708655829497,164.78577172477142,8192
221.4333885352427,164.8956855845407,8193
221.36877684869958,165.0064901710325,8194
221.30325301931347,165.11818198986748,8195
221.23681855910513,165.23075753921913,8196
221.16947497175786,165.34421330943456,8197
221.10122375291283,165.4585457826507,8198
221.03206639046968,165.5737514324074,8199
220.96200436489286,165.68982672325677,8200
220.8910391495229,165.8067681103699,8201
220.81917221089378,165.92457203913892,8202
220.74640500905497,166.04323494477796,8203
220.67273899789922,166.16275325191964,8204
220.5981756254954,166.2831233742096,8205
220.5227163344269,166.40434171389782,8206
220.44636256213488,166.52640466142833,8207
220.36911574126705,166.64930859502547,8208
220.29097730003164,166.77304988027876,8209
220.21194866255607,166.8976248697253,8210
220.13203124925144,167.0230299024303,8211
220.05122647718167,167.14926130356594,8212
219.96953576043776,167.2763153839884,8213
219.8869605105174,167.4041884398134,8214
219.80350213670928,167.53287675199047,8215
219.71916204648255,167.662376585876,8216
219.6339416458815,167.79268419080512,8217
219.54784233992478,167.92379579966257,8218
219.46086553301004,168.05570762845326,8219
219.3730126293231,168.18841587587153,8220
219.28428503325256,168.3219167228702,8221
219.19468414980855,168.4562063322299,8222
219.10421138504717,168.59128084812687,8223
219.0128681464992,168.72713639570247,8224
218.92065584360407,168.8637690806311,8225
218.8275758881483,169.0011749886896,8226
218.733629694709,169.13935018532675,8227
218.63881868110215,169.27829071523308,8228
218.5431442688353,169.417992601912,8229
218.44660788356558,169.55845184725152,8230
218.34921095556197,169.69966443109683,8231
218.2509549201725,169.84162631082464,8232
218.15184121829608,169.98433342091855,8233
218.05187129685905,170.12778167254646,8234
217.95104660929618,170.27196695313887,8235
217.84936861603668,170.41688512597,8236
217.74683878499428,170.5625320297403,8237
217.64345859206247,170.7089034781619,8238
217.5392295216138,170.85599525954552,8239
217.434153067004,171.003803136391,8240
217.3282307310804,171.15232284497964,8241
217.2214640266952,171.3015500949703,8242
217.1138544772226,171.4514805689978,8243
217.00540361708096,171.60210992227513,8244
216.89611299225894,171.75343378219893,8245
216.78598416084617,171.90544774795833,8246
216.6750186935682,172.05814739014832,8247
216.56321817432593,172.21152825038567,8248
216.4505842007388,172.36558584093078,8249
216.33711838469296,172.5203156443122,8250
216.22282235289308,172.6757131129564,8251
216.1076977474183,172.8317736688226,8252
215.99174622628277,172.98849270304103,8253
215.87496946399978,173.1458655755576,8254
215.7573691521501,173.30388761478318,8255
215.63894699995444,173.46255411724795,8256
215.5197047348496,173.62186034726133,8257
215.39964410306877,173.78180153657868,8258
215.27876687022547,173.94237288407118,8259
215.1570748219014,174.10356955540533,8260
215.034569764238,174.26538668272568,8261
214.9112535245317,174.42781936434494,8262
214.78712795183273,174.59086266444123,8263
214.66219491754765,174.75451161276118,8264
214.53645631604527,174.9187612043299,8265
214.40991406526598,175.0836063991684,8266
214.2825701073345,175.24904212201807,8267
214.154426409176,175.4150632620725,8268
214.0254849631353,175.58166467271596,8269
213.89574778759945,175.74884117127206,8270
213.765216927623,175.91658753875564,8271
213.63389445555677,176.08489851963827,8272
213.5017824716791,176.25376882161729,8273
213.36888310483008,176.42319311539526,8274
213.23519851304874,176.59316603446717,8275
213.10073088421245,176.76368217491762,8276
212.9654824366791,176.93473609522337,8277
212.82945541993197,177.10632231606849,8278
212.6926521152263,177.2784353201663,8279
212.55507483623887,177.45106955209104,8280
212.4167259297191,177.62421941811806,8281
212.2776077761425,177.79787928607516,8282
212.13772279036587,177.97204348520083,8283
211.99707342228436,178.14670630601464,8284
211.85566215749012,178.32186200019515,8285
211.71349151793257,178.49750478046997,8286
211.57056406257993,178.67362882051185,8287
211.42688238808213,178.8502282548515,8288
211.28244912943478,179.02729717879262,8289
211.13726696064413,179.20482964834378,8290
210.99133859539273,179.38281968015363,8291
210.84466678770607,179.56126125146915,8292
210.69725433261945,179.74014830008576,8293
210.54910406684516,179.9194747243242,8294
210.4002188694401,180.09923438300493,8295
210.25060166247323,180.2794210954719,8296
210.1002554116928,180.4600286415348,8297
209.9491831271936,180.64105076154476,8298
209.79738786408302,180.82248115638012,8299
209.64487272314696,181.00431348750143,8300
209.49164085151463,181.18654137699193,8301
209.33769544332202,181.36915840761273,8302
209.18303974037445,181.55215812287858,8303
209.02767703280708,181.73553402713418,8304
208.8716106597441,181.91927958564446,8305
208.71484400995567,182.10338822470143,8306
208.5573805225126,182.28785333173332,8307
208.3992236874388,182.47266825543267,8308
208.24037704636086,182.6578263058914,8309
208.0808441931548,182.84332075474856,8310
207.92062877458943,183.02914483534875,8311
207.75973449096642,183.2152917429123,8312
207.59816509675676,183.4017546347163,8313
207.435924401233,183.58852663028708,8314
207.2730162690973,183.77560081160325,8315
207.10944462110496,183.96297022331075,8316
206.94521343468327,184.15062787294826,8317
206.78032674454496,184.3385667311845,8318
206.6147886432964,184.52677973206502,8319
206.44860328204015,184.7152597732727,8320
206.2817748709711,184.9039997163958,8321
206.11430767996694,185.09299238720934,8322
205.94620603917116,185.28223057596688,8323
205.77747433956955,185.4717070377022,8324
205.60811703355944,185.66141449254218,8325
205.43813863551063,185.8513456260306,8326
205.2675437223193,186.04149308946205,8327
205.09633693395233,186.23184950022662,8328
204.92452297398415,186.42240744216403,8329
204.75210661012335,186.61315946592987,8330
204.57909267473067,186.8040980893703,8331
204.4054860653267,186.9952157979072,8332
204.2312917450895,187.18650504493434,8333
204.0565147433416,187.37795825222236,8334
203.8811601560261,187.56956781033358,8335
203.7052331461711,187.7613260790473,8336
203.52873894434276,187.95322538779394,8337
203.35168284908585,188.14525803609874,8338
203.17407022735168,188.33741629403534,8339
202.99590651491346,188.52969240268757,8340
202.81719721676765,188.7220785746216,8341
202.63794790752183,188.914566994366,8342
202.45816423176825,189.107149818901,8343
202.27785190444257,189.29981917815718,8344
202.09701671116756,189.49256717552123,8345
201.91566450858133,189.68538588835204,8346
201.73380122464934,189.87826736850354,8347
201.5514328589602,190.0712036428569,8348
201.3685654830044,190.26418671385989,8349
201.18520524043603,190.45720856007506,8350
201.00135834731637,190.6502611367351,8351
200.81703109233945,190.8433363763063,8352
200.63222983703923,191.0364261890595,8353
200.4469610159772,191.22952246364812,8354
200.26123113691077,191.4226170676937,8355
200.07504678094165,191.61570184837905,8356
199.88841460264393,191.80876863304786,8357
199.70134133017092,192.00180922981124,8358
199.5138337653411,192.19481542816143,8359
199.32589878370212,192.38777899959172,8360
199.1375433345728,192.58069169822323,8361
198.94877444106243,192.77354526143782,8362
198.75959920006696,192.96633141051748,8363
198.570024782242,193.15904185128966,8364
198.38005843195188,193.35166827477877,8365
198.1897074671942,193.54420235786353,8366
197.99897927950016,193.73663576393997,8367
197.8078813338094,193.92896014359025,8368
197.6164211683196,194.12116713525697,8369
197.42460639431027,194.3132483659227,8370
197.23244469594027,194.50519545179534,8371
197.0399438300186,194.69699999899794,8372
196.84711162574848,194.88865360426408,8373
196.65395598444417,195.08014785563836,8374
196.46048487921976,195.27147433318115,8375
196.26670635465064,195.46262460967853,8376
196.0726285264062,195.6535902513571,8377
195.87825958085432,195.8443628186026,8378
195.6836077746366,196.0349338666837,8379
195.48868143421504,196.2252949464797,8380
195.293488955389,196.41543760521265,8381
195.09803880278244,196.60535338718367,8382
194.90233950930173,196.79503383451305,8383
194.7063996755631,196.98447048788464,8384
194.51022796928973,197.17365488729396,8385
194.31383312467904,197.3625785727998,8386
194.1172239417386,197.55123308528022,8387
193.92040928559197,197.73960996719117,8388
193.72339808575327,197.92770076332948,8389
193.52619933537136,198.11549702159854,8390
193.3288220904423,198.30299029377795,8391
193.13127546899125,198.49017213629583,8392
192.93356865022332,198.67703411100433,8393
192.73571087364294,198.86356778595865,8394
192.53771143814237,199.04976473619837,8395
192.33957970105902,199.23561654453212,8396
192.14132507720214,199.4211148023244,8397
191.94295703784795,199.60625111028605,8398
191.74448510970421,199.79101707926594,8399
191.54591887384458,199.9754043310464,8400
191.34726796461155,200.15940449914018,8401
191.14854206848955,200.34300922958997,8402
190.94975092294808,200.52621018176995,8403
190.7509043152543,200.70899902918973,8404
190.55201208125638,200.8913674602994,8405
190.35308410413745,201.0733071792976,8406
190.15413031314043,201.2548099069402,8407
189.9551606822637,201.43586738135113,8408
189.7561852289295,201.61647135883453,8409
189.55721401262278,201.79661361468823,8410
189.35825713350408,201.9762859440186,8411
189.1593247309942,202.15548016255616,8412
188.96042698233236,202.33418810747233,8413
188.76157410110915,202.51240163819702,8414
188.56277633577233,202.69011263723675,8415
188.36404396810894,202.86731301099337,8416
188.16538731170218,203.04399469058285,8417
187.96681671036453,203.2201496326547,8418
187.76834253654798,203.39576982021111,8419
187.56997518973097,203.57084726342592,8420
187.37172509478407,203.74537400046313,8421
187.17360270031443,203.9193420982957,8422
186.9756184769892,204.09274365352235,8423
186.77778291583965,204.26557079318454,8424
186.58010652654664,204.43781567558193,8425
186.38259983570697,204.60947049108646,8426
186.18527338508392,204.78052746295515,8427
185.98813772983974,204.9509788481412,8428
185.7912034367535,205.12081693810288,8429
185.59448108242452,205.29003405961046,8430
185.3979812514603,205.45862257555075,8431
185.20171453465414,205.62657488572907,8432
185.00569152714831,205.79388342766805,8433
184.8099228265881,205.96054067740374,8434
184.61441903126465,206.12653915027798,8435
184.41919073824954,206.29187140172746,8436
184.224248541521,206.4565300280687,8437
184.0296030300831,206.62050766727882,8438
183.83526478607888,206.78379699977208,8439
183.6412443828997,206.94639074917183,8440
183.44755238328838,207.10828168307697,8441
183.2541993374417,207.26946261382372,8442
183.0611957811108,207.42992639924162,8443
182.868552233699,207.58966594340356,8444
182.67627919636345,207.7486741973701,8445
182.4843871501151,207.9069441599267,8446
182.29288655392202,208.06446887831504,8447
182.10178784281837,208.22124144895656,8448
181.91110142601536,208.37725501816948,8449
181.72083768502006,208.53250278287732,8450
181.5310069717602,208.6869779913101,8451
181.34161960671562,208.84067394369723,8452
181.1526858770638,208.9935839929515,8453
180.96421603482895,209.14570154534482,8454
180.77622029504707,209.29702006117415,8455
180.5887088339432,209.4475330554184,8456
180.40169178711577,209.59723409838546,8457
180.21517924774628,209.746116816349,8458
180.02918126480938,209.89417489217507,8459
179.84370784133745,210.04140206593806,8460
179.65876893262012,210.1877921355253,8461
179.47437444451955,210.33333895723098,8462
179.29053423175532,210.47803644633785,8463
179.10725809620243,210.62187857768768,8464
178.92455578523334,210.764859386239,8465
178.74243699006902,210.90697296761272,8466
178.5609113441607,211.04821347862506,8467
178.37998842159007,211.18857513780745,8468
178.1996777354969,211.32805222591293,8469
178.01998873653255,211.46663908640957,8470
177.8409308113405,211.6043301259596,8471
177.66251328106173,211.74111981488463,8472
177.48474539987254,211.87700268761697,8473
177.30763635354666,212.01197334313608,8474
177.13119525805078,212.1460264453903,8475
176.95543115816787,212.27915672370398,8476
176.78035302615444,212.4113589731689,8477
176.60596976042513,212.542628055021,8478
176.4322901842743,212.67295889700083,8479
176.25932304462688,212.80234649369908,8480
176.08707701082457,212.93078590688535,8481
175.91556067344547,213.05827226582144,8482
175.74478254315846,213.18480076755824,8483
175.5747510496116,213.31036667721597,8484
175.40547454035635,213.4349653282483,8485
175.23696127980824,213.55859212268962,8486
175.06921944824248,213.6812425313854,8487
174.90225714082658,213.80291209420608,8488
174.73608236669057,213.9235964202433,8489
174.57070304803185,214.04329118799004,8490
174.40612701926023,214.16199214550267,8491
174.24236202617848,214.2796951105464,8492
174.07941572520127,214.3963959707232,8493
173.91729568261172,214.51209068358287,8494
173.7560093738566,214.62677527671602,8495
173.59556418287855,214.74044584783044,8496
173.43596740148703,214.8530985648099,8497
173.27722622876703,214.9647296657555,8498
173.11934777052693,215.07533545900975,8499
172.962339038783,215.18491232316356,8500
172.80620695128275,215.2934567070457,8501
172.65095833106653,215.4009651296953,8502
172.49659990606668,215.50743418031695,8503
172.3431383087438,215.61286051821918,8504
172.1905800757618,215.71724087273523,8505
172.03893164769912,215.820572043128,8506
171.88819936879787,215.92285089847687,8507
171.73838948674978,216.02407437754925,8508
171.5895081525179,216.12423948865444,8509
171.44156142019608,216.22334330948175,8510
171.29455524690306,216.3213829869223,8511
171.14849549271293,216.4183557368742,8512
171.00338792062098,216.51425884403264,8513
170.85923819654397,216.60908966166338,8514
170.71605188935519,216.7028456113612,8515
170.57383447095367,216.79552418279263,8516
170.4325913163665,216.88712293342374,8517
170.29232770388523,216.9776394882328,8518
170.15304881523392,217.06707153940826,8519
170.01475973577016,217.15541684603187,8520
169.87746545471703,217.24267323374812,8521
169.74117086542705,217.32883859441887,8522
169.60588076567578,217.4139108857647,8523
169.47159985798632,217.49788813099246,8524
169.33833274998244,217.58076841840958,8525
169.20608395477115,217.662549901025,8526
169.07485789135336,217.74323079613802,8527
168.9446588850623,217.82280938491385,8528
168.81549116802842,217.9012840119475,8529
168.68735887967185,217.97865308481542,8530
168.56026606721903,218.05491507361566,8531
168.4342166862465,218.13006851049664,8532
168.30921460124716,218.2041119891747,8533
168.1852635862219,218.2770441644411,8534
168.06236732529348,218.34886375165857,8535
167.9405294133434,218.41956952624756,8536
167.81975335667045,218.48916032316274,8537
167.70004257367054,218.55763503635993,8538
167.58140039553686,218.62499261825403,8539
167.46383006698017,218.69123207916772,8540
167.34733474696793,218.75635248677193,8541
167.23191750948197,218.82035296551783,8542
167.1175813442945,218.88323269606087,8543
167.00432915776014,218.94499091467765,8544
166.8921637736256,219.0056269126746,8545
166.78108793385434,219.0651400357907,8546
166.671104299467,219.12352968359306,8547
166.5622154513954,219.18079530886587,8548
166.4544238913512,219.23693641699407,8549
166.34773204270735,219.29195256534078,8550
166.2421422513918,219.3458433626194,8551
166.13765678679349,219.39860846826113,8552
166.03427784267922,219.45024759177693,8553
165.9320075381211,219.5007604921159,8554
165.83084791843396,219.55014697701895,8555
165.73080095612215,219.59840690236908,8556
165.63186855183514,219.6455401715376,8557
165.5340525353304,219.6915467347278,8558
165.43735466644512,219.73642658831534,8559
165.34177663607358,219.78017977418597,8560
165.24732006715118,219.82280637907118,8561
165.15398651564476,219.8643065338819,8562
165.06177747154715,219.9046804130399,8563
164.970694359877,219.9439282338085,8564
164.8807385416825,219.98205025562154,8565
164.79191131504805,220.01904677941172,8566
164.70421391610515,220.05491814693826,8567
164.61764752004422,220.08966474011436,8568
164.53221324212973,220.12328698033403,8569
164.44791213871557,220.1557853277999,8570
164.36474520826275,220.1871602808508,8571
164.28271339235621,220.21741237529034,8572
164.20181757672236,220.2465421837163,8573
164.12205859224642,220.27455031485113,8574
164.04343721598815,220.30143741287398,8575
163.96595417219683,220.3272041567544,8576
163.88961013332425,220.35185125958762,8577
163.8144057210355,220.3753794679322,8578
163.74034150721766,220.3977895611499,8579
163.66741801498463,220.41908235074797,8580
163.5956357196794,220.43925867972416,8581
163.52499504987244,220.45831942191498,8582
163.4554963883559,220.4762654813465,8583
163.38714007313322,220.493097791589,8584
163.31992639840448,220.50881731511475,8585
163.25385561554614,220.52342504265985,8586
163.18892793408583,220.53692199258944,8587
163.12514352267095,220.54930921026755,8588
163.06250251003166,220.56058776743052,8589
163.00100498593747,220.57075876156534,8590
162.94065100214704,220.57982331529215,8591
162.88144057335137,220.58778257575173,8592
162.82337367810993,220.59463771399746,8593
162.7664502597793,220.60038992439266,8594
162.7106702274339,220.6050404240128,8595
162.65603345677994,220.6085904520529,8596
162.60253979105985,220.61104126924081,8597
162.55018904195,220.6123941572552,8598
162.49898099044879,220.61265041815005,8599
162.4489153877565,220.6118113737842,8600
162.39999195614658,220.60987836525734,8601
162.35221038982766,220.60685275235153,8602
162.30557035579628,220.6027359129791,8603
162.26007149468046,220.59752924263663,8604
162.21571342157384,220.5912341538653,8605
162.1724957268602,220.58385207571737,8606
162.13041797702778,220.5753844532298,8607
162.0894797154743,220.5658327469034,8608
162.04968046330168,220.55519843218966,8609
162.01101972010053,220.54348299898368,8610
161.9734969647246,220.53068795112404,8611
161.93711165605464,220.51681480589974,8612
161.90186323375215,220.50186509356385,8613
161.86775111900224,220.4858403568543,8614
161.83477471524606,220.46874215052173,8615
161.8029334089026,220.4505720408644,8616
161.77222657007957,220.43133160527037,8617
161.74265355327336,220.41102243176712,8618
161.7142136980585,220.38964611857804,8619
161.68690632976563,220.3672042736866,8620
161.66073076014894,220.3436985144079,8621
161.63568628804217,220.31913046696744,8622
161.61177220000388,220.29350176608767,8623
161.58898777095115,220.26681405458194,8624
161.56733226478246,220.23906898295593,8625
161.54680493498944,220.21026820901668,8626
161.52740502525677,220.1804133974895,8627
161.50913177005157,220.14950621964232,8628
161.49198439520123,220.11754835291754,8629
161.47596211845965,220.08454148057228,8630
161.4610641500627,220.05048729132557,8631
161.4472896932719,220.01538747901373,8632
161.4346379449072,219.97924374225366,8633
161.42310809586817,219.94205778411364,8634
161.41269933164367,219.90383131179215,8635
161.40341083281064,219.86456603630438,8636
161.39524177552144,219.824263672177,8637
161.38819133197947,219.78292593715025,8638
161.38225867090404,219.7405545518885,8639
161.37744295798336,219.69715123969823,8640
161.3737433563168,219.65271772625437,8641
161.3711590268454,219.60725573933436,8642
161.36968912877126,219.5607670085601,8643
161.3693328199656,219.51325326514825,8644
161.37008925736575,219.46471624166793,8645
161.3719575973605,219.415157671807,8646
161.37493699616482,219.36457929014603,8647
161.37902661018262,219.31298283194027,8648
161.3842255963589,219.2603700329098,8649
161.39053311252036,219.20674262903762,8650
161.3979483177051,219.15210235637582,8651
161.40647037248092,219.0964509508598,8652
161.4160984392527,219.03979014813072,8653
161.42683168255843,218.98212168336548,8654
161.43866926935425,218.92344729111556,8655
161.45161036928843,218.86376870515346,8656
161.46565415496423,218.80308765832729,8657
161.48079980219174,218.74140588242358,8658
161.4970464902284,218.67872510803835,8659
161.5143934020089,218.615047064456,8660
161.5328397243638,218.55037347953652,8661
161.5523846482271,218.4847060796111,8662
161.57302736883312,218.41804658938534,8663
161.59476708590168,218.3503967318514,8664
161.6176030038133,218.28175822820765,8665
161.6415343317725,218.2121327977871,8666
161.66656028396054,218.1415221579937,8667
161.69268007967742,218.0699280242471,8668
161.7198929434722,217.99735210993552,8669
161.74819810526313,217.92379612637725,8670
161.77759480044625,217.84926178278997,8671
161.80808226999335,217.7737507862688,8672
161.8396597605389,217.69726484177255,8673
161.87232652445556,217.61980565211843,8674
161.9060818199196,217.54137491798483,8675
161.9409249109643,217.46197433792315,8676
161.97685506752322,217.38160560837753,8677
162.01387156546178,217.30027042371327,8678
162.05197368659842,217.2179704762536,8679
162.09116071871406,217.13470745632546,8680
162.13143195555085,217.05048305231315,8681
162.17278669680002,216.9652989507211,8682
162.21522424807816,216.87915683624496,8683
162.25874392089267,216.7920583918517,8684
162.30334503259584,216.7040052988679,8685
162.3490269063281,216.61499923707737,8686
162.3957888709496,216.52504188482678,8687
162.44363026096065,216.4341349191411,8688
162.49255041641123,216.3422800158467,8689
162.54254868279867,216.2494788497046,8690
162.59362441095408,216.15573309455144,8691
162.64577695691764,216.0610444234504,8692
162.6990056818021,215.9654145088504,8693
162.75330995164512,215.86884502275495,8694
162.8086891372495,215.77133763689977,8695
162.8651426140124,215.6728940229395,8696
162.92266976174255,215.5735158526439,8697
162.98126996446584,215.47320479810318,8698
163.04094261021922,215.37196253194256,8699
163.10168709083257,215.26979072754625,8700
163.16350280169883,215.1666910592909,8701
163.22638914153208,215.06266520278842,8702
163.29034551211387,214.9577148351385,8703
163.3553713180268,214.8518416351902,8704
163.42146596637696,214.7450472838142,8705
163.48862886650295,214.63733346418354,8706
163.5568594296737,214.528701862065,8707
163.6261570687731,214.41915416611985,8708
163.69652119797257,214.30869206821475,8709
163.76795123239103,214.1973172637423,8710
163.84044658774226,214.08503145195192,8711
163.91400667996956,213.97183633629052,8712
163.9886309248673,213.8577336247534,8713
164.06431873769043,213.74272503024548,8714
164.14106953275024,213.62681227095248,8715
164.2188827229972,213.5099970707228,8716
164.29775771959135,213.39228115945932,8717
164.37769393145848,213.27366627352234,8718
164.45869076483376,213.1541541561422,8719
164.54074762279183,213.0337465578432,8720
164.62386390476306,212.9124452368777,8721
164.70803900603656,212.7902519596711,8722
164.79327231724972,212.66716850127787,8723
164.8795632238634,212.54319664584776,8724
164.9669111056238,212.41833818710367,8725
165.05531533601018,212.29259492882983,8726
165.1447752816685,212.16596868537155,8727
165.2352903018311,212.0384612821457,8728
165.32685974772204,211.91007455616239,8729
165.4194829619483,211.7808103565581,8730
165.51315927787616,211.6506705451398,8731
165.60788801899383,211.51965699694057,8732
165.7036684982589,211.38777160078635,8733
165.80050001743132,211.25501625987454,8734
165.89838186639173,211.12139289236373,8735
165.9973133224449,210.98690343197507,8736
166.09729364960845,210.85154982860521,8737
166.19832209788618,210.7153340489509,8738
166.3003979025268,210.57825807714522,8739
166.4035202832676,210.4403239154056,8740
166.5076884435621,210.30153358469332,8741
166.61290156979376,210.16188912538513,8742
166.7191588304733,210.02139259795644,8743
166.82645937542105,209.8800460836764,8744
166.93480233493406,209.73785168531478,8745
167.0441868189374,209.59481152786083,8746
167.15461191612016,209.45092775925394,8747
167.26607669305588,209.30620255112612,8748
167.3785801933073,209.16063809955654,8749
167.49212143651553,209.01423662583787,8750
167.60669941747372,208.86700037725447,8751
167.72231310518498,208.7189316278725,8752
167.83896144190433,208.57003267934192,8753
167.95664334216596,208.42030586171026,8754
168.0753576917933,208.26975353424825,8755
168.1951033468951,208.11837808628707,8756
168.3158791328446,207.9661819380677,8757
168.43768384324395,207.8131675416015,8758
168.56051623887248,207.65933738154266,8759
168.68437504662,207.50469397607222,8760
168.80925895840417,207.34923987779337,8761
168.93516663007304,207.1929776746385,8762
169.06209668029157,207.0359099907872,8763
169.19004768941375,206.87803948759557,8764
169.3190181983389,206.71936886453693,8765
169.44900670735376,206.55990086015308,8766
169.58001167495877,206.3996382530166,8767
169.7120315166802,206.2385838627042,8768
169.84506460386822,206.07674055077985,8769
169.97910926247923,205.91411122178926,8770
170.1141637718449,205.75069882426382,8771
170.25022636342732,205.5865063517353,8772
170.38729521955966,205.42153684375964,8773
170.52536847217377,205.2557933869512,8774
170.6644442015138,205.08927911602586,8775
170.80452043483768,204.9219972148536,8776
170.94559514510485,204.75395091751994,8777
171.08766624965176,204.58514350939632,8778
171.23073160885565,204.41557832821854,8779
171.37478902478549,204.24525876517373,8780
171.519836239842,204.07418826599476,8781
171.6658709353864,203.9023703320627,8782
171.81289073035828,203.72980852151585,8783
171.96089317988293,203.55650645036638,8784
172.10987577386922,203.38246779362254,8785
172.25983593559695,203.2076962864179,8786
172.4107710202962,203.03219572514578,8787
172.5626783137176,202.85596996859874,8788
172.7155550306945,202.67902293911385,8789
172.8693983136978,202.50135862372142,8790
173.0242052313836,202.32298107529806,8791
173.17997277713508,202.1438944137235,8792
173.33669786759717,201.96410282703977,8793
173.4943773412078,201.7836105726135,8794
173.65300795672357,201.6024219782995,8795
173.81258639174203,201.42054144360617,8796
173.9731092412201,201.23797344086145,8797
174.13457301599183,201.054722516379,8798
174.29697414128162,200.87079329162398,8799
174.4603089552204,200.6861904643777,8800
174.62457370735763,200.50091880990055,8801
174.78976455717776,200.3149831820926,8802
174.95587757261546,200.12838851465105,8803
175.12290872857534,199.94113982222387,8804
175.29085390545353,199.75324220155878,8805
175.45970888766522,199.56470083264722,8806
175.6294693621759,199.37552097986205,8807
175.80013091704,199.18570799308824,8808
175.97168903994674,198.99526730884625,8809
176.1441391167732,198.80420445140658,8810
176.3174764301484,198.61252503389494,8811
176.49169615802748,198.42023475938754,8812
176.66679337227592,198.22733942199477,8813
176.84276303726824,198.0338449079332,8814
177.01960000850102,197.83975719658437,8815
177.19729903121902,197.64508236153964,8816
177.37585473905852,197.4498265716305,8817
177.55526165270962,197.2539960919426,8818
177.7355141785951,197.057597284813,8819
177.91660660757046,196.86063661080968,8820
178.09853311364523,196.66312062969195,8821
178.2812877527275,196.46505600135106,8822
178.4648644613914,196.26644948672967,8823
178.64925705567086,196.06730794871888,8824
178.83445922987977,195.86763835303287,8825
179.02046455546042,195.66744776905827,8826
179.20726647985998,195.4667433706789,8827
179.3948583254423,195.26553243707335,8828
179.58323328842846,195.06382235348508,8829
179.77238443787047,194.86162061196393,8830
179.96230471465861,194.6589348120773,8831
180.1529869305727,194.45577266159,8832
180.34442376738858,194.25214197711244,8833
180.53660777595115,194.0480506847145,8834
180.7295313753928,193.84350682050547,8835
180.923186852317,193.63851853117728,8836
181.11756636005904,193.4330940745116,8837
181.3126619179817,193.22724181984785,8838
181.50846541082785,193.02097024851238,8839
181.70496858810947,192.81428795420697,8840
181.90216306355637,192.60720364335506,8841
182.10004031461224,192.39972613540567,8842
182.2985916819857,192.19186436309298,8843
182.49780836925433,191.98362737265046,8844
182.69768144252552,191.77502432397878,8845
182.8982018301546,191.5660644907664,8846
183.09936032252244,191.35675726056095,8847
183.30114757187135,191.1471121347915,8848
183.50355409220515,190.93713872873943,8849
183.7065702592499,190.72684677145796,8850
183.91018631048036,190.51624610563815,8851
184.1143923452099,190.30534668742138,8852
184.3191783247499,190.09415858615688,8853
184.52453407263465,189.882691984103,8854
184.73044927491637,189.67095717607182,8855
184.93691348053085,189.4589645690162,8856
185.1439161017323,189.24672468155768,8857
185.35144641460357,189.03424814345541,8858
185.5594935596369,188.82154569501446,8859
185.7680465423907,188.60862818643318,8860
185.97709423422,188.39550657708858,8861
186.18662537308435,188.1821919347598,8862
186.39662856443135,187.9686954347876,8863
186.60709228215785,187.7550283591712,8864
186.8180048696494,187.5412020955994,8865
187.0293545408985,187.3272281364187,8866
187.24112938170094,187.11311807753466,8867
187.45331735093382,186.8988836172489,8868
187.66590628191142,186.68453655502913,8869
187.8788838838227,186.4700887902138,8870
188.0922377432489,186.25555232064926,8871
188.30595532576174,186.04093924126224,8872
188.5200239776029,185.826261742563,8873
188.73443092744338,185.6115321090845,8874
188.94916328822438,185.39676271775227,8875
189.16420805907822,185.18196603618986,8876
189.37955212732936,184.96715462095594,8877
189.595182270576,184.7523411157172,8878
189.8110851588502,184.53753824935325,8879
190.02724735685754,184.3227588339971,8880
190.24365532629506,184.10801576301068,8881
190.46029542824664,183.8933220088947,8882
190.67715392565535,183.6786906211356,8883
190.89421698587154,183.46413472398825,8884
191.11147068327625,183.24966751419666,8885
191.32890100197832,183.03530225865185,8886
191.5464938385841,182.8210522919896,8887
191.76423500503913,182.60693101412795,8888
191.98211023153945,182.39295188774562,8889
192.20010516951223,182.17912843570184,8890
192.41820539466295,181.96547423840013,8891
192.63639641008893,181.75200293109702,8892
192.85466364945626,181.53872820115492,8893
193.07299248023898,181.3256637852436,8894
193.2913682070187,181.11282346648844,8895
193.50977607484276,180.90022107157276,8896
193.7282012726377,180.68787046778598,8897
193.9466289366785,180.47578556003043,8898
194.1650441541083,180.26398028777896,8899
194.38343196650897,180.05246862198916,8900
194.6017773735184,179.84126456200457,8901
194.82006533649317,179.6303821323346,8902
195.03828078221377,179.4198353795051,8903
195.25640860662966,179.2096383688036,8904
195.47443367864156,178.99980518100512,8905
195.6923408439193,178.79034990907465,8906
195.9101149287504,178.5812866548359,8907
196.1277407439192,178.372629525615,8908
196.34520308861173,178.16439263085624,8909
196.5624867543445,177.95659007872035,8910
196.77957652891342,177.74923597266073,8911
196.9964572003617,177.54234440798072,8912
197.21311356096115,177.3359294683775,8913
197.42953041120631,177.13000522247407,8914
197.64569256381697,176.92458572033948,8915
197.8615848477464,176.71968499000218,8916
198.0771921121928,176.51531703395761,8917
198.29249923060937,176.31149582567497,8918
198.50749110471224,176.1082353061019,8919
198.72215266848087,175.9055493801734,8920
198.93646889214924,175.703451913324,8921
199.1504247861845,175.50195672800984,8922
199.36400540524966,175.30107760023918,8923
199.57719585214787,175.10082825611644,8924
199.78998128174433,174.90122236840224,8925
200.002346904864,174.70227355308975,8926
200.21427799216136,174.50399536600338,8927
200.42575987795917,174.30640129941887,8928
200.63677796405418,174.10950477870998,8929
200.84731772348567,173.91331915902222,8930
201.05736470426527,173.71785772197788,8931
201.2669045330643,173.52313367241294,8932
201.4759229188566,173.32916013514958,8933
201.6844056565136,173.13595015180627,8934
201.89233863034937,172.94351667764752,8935
202.0997078176132,172.75187257847546,8936
202.30649929192674,172.56103062756586,8937
202.51269922666395,172.37100350265044,8938
202.71829389827076,172.18180378294792,8939
202.9232696895229,171.9934439462453,8940
203.12761309271932,171.80593636603137,8941
203.33131071280891,171.61929330868534,8942
203.53434927044916,171.43352693072143,8943
203.73671560499392,171.2486492760912,8944
203.9383966774093,171.0646722735461,8945
204.13937957311524,170.88160773406156,8946
204.33965150475123,170.69946734832362,8947
204.5391998148654,170.51826268428053,8948
204.7380119785239,170.3380051847603,8949
204.9360756058406,170.15870616515548,8950
205.13337844442535,169.98037681117663,8951
205.32990838174928,169.80302817667564,8952
205.52565344742624,169.62667118154025,8953
205.72060181540988,169.45131660966,8954
205.9147418061044,169.27697510696592,8955
206.10806188838916,169.10365717954372,8956
206.300550681556,168.93137319182134,8957
206.4921969571583,168.76013336483268,8958
206.6829896407723,168.5899477745568,8959
206.8729178136689,168.42082635033384,8960
207.061970714397,168.25277887335812,8961
207.2501377402767,168.08581497524864,8962
207.4374084488036,167.9199441366974,8963
207.6237725589635,167.75517568619586,8964
207.809219952457,167.59151879883936,8965
207.9937406748354,167.42898249520988,8966
208.17732493654714,167.2675756403374,8967
208.35996311389533,167.10730694273877,8968
208.54164574990705,166.9481849535351,8969
208.7223635551145,166.7902180656469,8970
208.90210740824878,166.6334145130667,8971
209.08086835684708,166.47778237020856,8972
209.25863761777342,166.32332955133447,8973
209.43540657765467,166.170063810057,8974
209.61116679323172,166.01799273891734,8975
209.7859099916274,165.86712376903859,8976
209.95962807053186,165.7174641698527,8977
210.13231309830672,165.5690210489017,8978
210.30395731400858,165.421801351711,8979
210.47455312733385,165.2758118617346,8980
210.6440931184853,165.13105920037137,8981
210.81257003796256,164.987549827051,8982
210.97997680627694,164.8452900393886,8983
211.14630651359246,164.7042859734075,8984
211.31155241929486,164.56454360382835,8985
211.4757079514893,164.42606874442342,8986
211.63876670642887,164.2888670484361,8987
211.80072244787505,164.1529440090617,8988
211.96156910639218,164.01830495999198,8989
212.12130077857697,163.88495507601817,8990
212.2799117262255,163.75289937369413,8991
212.43739637543817,163.62214271205704,8992
212.59374931566578,163.49268979340363,8993
212.74896529869707,163.36454516412195,8994
212.90303923759055,163.237713215576,8995
213.05596620555158,163.11219818504262,8996
213.20774143475685,162.98800415669808,8997
213.358360315128,162.8651350626543,8998
213.5078183930562,162.74359468404174,8999
213.65611137007886,162.62338665213838,9000
213.80323510151166,162.50451444954308,9001
213.9491855950358,162.38698141139125,9002
214.09395900924417,162.27079072661186,9003
214.2375516521464,162.1559454392242,9004
214.37995997963637,162.04244844967224,9005
214.5211805939221,161.93030251619584,9006
214.66121024192157,161.81951025623658,9007
214.80004581362465,161.71007414787724,9008
214.9376843404241,161.60199653131266,9009
215.07412299341652,161.49527961035113,9010
215.20935908167525,161.38992545394473,9011
215.3433900504971,161.28593599774612,9012
215.47621347962433,161.1833130456919,9013
215.60782708144336,161.08205827160964,9014
215.7382286991623,160.9821732208478,9015
215.8674163049687,160.88365931192675,9016
215.99538799816852,160.78651783820985,9017
216.12214200330905,160.69074996959273,9018
216.24767666828618,160.59635675420955,9019
216.37199046243813,160.50333912015498,9020
216.49508197462686,160.41169787722004,9021
216.61694991130872,160.32143371864134,9022
216.73759309459572,160.2325472228612,9023
216.85701046030874,160.1450388552987,9024
216.97520105602393,160.0589089701291,9025
217.09216403911398,159.9741578120714,9026
217.20789867478533,159.89078551818193,9027
217.32240433411195,159.80879211965384,9028
217.4356804920685,159.72817754362003,9029
217.54772672556206,159.64894161495968,9030
217.65854271146523,159.5710840581061,9031
217.76812822465078,159.49460449885567,9032
217.8764831360294,159.4195024661763,9033
217.98360741059116,159.34577739401485,9034
218.08950110545203,159.27342862310167,9035
218.19416436790672,159.20245540275238,9036
218.29759743348802,159.13285689266502,9037
218.39980062403396,159.06463216471224,9038
218.50077434576417,158.99778020472726,9039
218.60051908736534,158.93229991428288,9040
218.69903541808722,158.86819011246303,9041
218.79632398585014,158.80544953762512,9042
218.89238551536377,158.74407684915383,9043
218.98722080625936,158.6840706292041,9044
219.08083073123478,158.62542938443357,9045
219.1732162342137,158.5681515477238,9046
219.2643783285198,158.51223547988883,9047
219.3543180950657,158.45767947137094,9048
219.44303668055807,158.40448174392367,9049
219.5305352957191,158.35264045227976,9050
219.61681521352472,158.3021536858056,9051
219.70187776746047,158.25301947013963,9052
219.78572434979495,158.20523576881573,9053
219.86835640987158,158.15880048487057,9054
219.9497754524195,158.11371146243374,9055
220.0299830358827,158.06996648830187,9056
220.10898077076945,158.02756329349432,9057
220.18677031802102,157.98649955479215,9058
220.26335338740049,157.9467728962579,9059
220.33873173590203,157.9083808907379,9060
220.41290716618096,157.87132106134504,9061
220.48588152500415,157.83559088292267,9062
220.55765670172207,157.80118778348935,9063
220.62823462676172,157.76810914566377,9064
220.69761727014136,157.73635230806966,9065
220.76580664000645,157.70591456672105,9066
220.8328047811877,157.67679317638687,9067
220.89861377378068,157.64898535193535,9068
220.9632357317476,157.6224882696575,9069
221.02667280154128,157.5972990685703,9070
221.08892716075064,157.57341485169854,9071
221.15000101676918,157.55083268733608,9072
221.20989660548494,157.52954961028547,9073
221.2686161899933,157.50956262307713,9074
221.32616205933135,157.4908686971666,9075
221.38253652723515,157.47346477411097,9076
221.43774193091875,157.45734776672387,9077
221.49178062987556,157.44251456020893,9078
221.5446550047017,157.4289620132721,9079
221.59636745594165,157.41668695921257,9080
221.6469204029557,157.40568620699239,9081
221.69631628280925,157.39595654228458,9082
221.74455754918438,157.38749472850003,9083
221.79164667131238,157.38029750779359,9084
221.83758613292872,157.37436160204817,9085
221.88237843124892,157.36968371383847,9086
221.926026075966,157.36626052737333,9087
221.9685315882693,157.36408870941708,9088
222.0098974998841,157.3631649101902,9089
222.05012635213248,157.36348576424913,9090
222.08922069501475,157.36504789134554,9091
222.12718308631165,157.36784789726474,9092
222.16401609070678,157.37188237464414,9093
222.19972227892984,157.37714790377095,9094
222.23430422691928,157.38364105336018,9095
222.26776451500547,157.3913583813122,9096
222.3001057271131,157.40029643545068,9097
222.33133044998382,157.41045175424074,9098
222.36144127241727,157.42182086748772,9099
222.3904407845323,157.43440029701594,9100
222.4183315770464,157.44818655732905,9101
222.44511624057412,157.46317615625082,9102
222.47079736494413,157.4793655955468,9103
222.49537753853465,157.4967513715278,9104
222.5188593476266,157.51532997563476,9105
222.54124537577522,157.5350978950043,9106
222.562538203199,157.55605161301764,9107
222.58274040618628,157.57818760983017,9108
222.60185455651904,157.60150236288385,9109
222.6198832209138,157.62599234740182,9110
222.63682896047936,157.65165403686552,9111
222.65269433019105,157.67848390347473,9112
222.66748187838152,157.7064784185901,9113
222.68119414624775,157.73563405315963,9114
222.6938336673738,157.76594727812744,9115
222.70540296726955,157.79741456482682,9116
222.71590456292486,157.83003238535687,9117
222.72534096237925,157.86379721294267,9118
222.73371466430618,157.89870552227993,9119
222.74102815761307,157.93475378986386,9120
222.74728392105507,157.9719384943024,9121
222.75248442286406,158.01025611661433,9122
222.75663212039134,158.04970314051207,9123
222.75972945976508,158.09027605266962,9124
222.7617788755607,158.1319713429759,9125
222.76278279048586,158.17478550477344,9126
222.76274361507808,158.21871503508262,9127
222.76166374741626,158.263756434812,9128
222.7595455728449,158.30990620895443,9129
222.7563914637111,158.35716086676973,9130
222.75220377911458,158.40551692195328,9131
222.74698486466997,158.45497089279164,9132
222.74073705228116,158.50551930230495,9133
222.73346265992828,158.55715867837594,9134
222.7251639914661,158.60988555386635,9135
222.7158433364345,158.66369646672075,9136
222.7055029698801,158.7185879600578,9137
222.69414515218992,158.77455658224886,9138
222.68177212893553,158.83159888698532,9139
222.66838613072875,158.88971143333293,9140
222.65398937308794,158.94889078577515,9141
222.63858405631515,159.0091335142444,9142
222.62217236538368,159.07043619414233,9143
222.60475646983616,159.13279540634827,9144
222.5863385236929,159.1962077372169,9145
222.56692066536982,159.26066977856522,9146
222.5465050176072,159.326178127648,9147
222.5250936874073,159.39272938712358,9148
222.5026887659822,159.46032016500814,9149
222.47929232871087,159.5289470746208,9150
222.45490643510558,159.59860673451766,9151
222.42953312878774,159.66929576841625,9152
222.40317443747253,159.74101080511034,9153
222.3758323729627,159.81374847837452,9154
222.347508931151,159.88750542685992,9155
222.31820609203157,159.96227829397975,9156
222.28792581971953,160.0380637277865,9157
222.25667006247951,160.1148583808394,9158
222.22444075276186,160.1926589100631,9159
222.19123980724788,160.2714619765976,9160
222.15706912690248,160.3512642456397,9161
222.12193059703517,160.43206238627516,9162
222.08582608736893,160.5138530713038,9163
222.04875745211683,160.59663297705495,9164
222.0107265300664,160.68039878319564,9165
221.97173514467138,160.7651471725307,9166
221.93178510415137,160.85087483079462,9167
221.89087820159867,160.93757844643622,9168
221.84901621509232,161.02525471039507,9169
221.8062009078195,161.11390031587146,9170
221.7624340282043,161.20351195808766,9171
221.71771731004318,161.2940863340434,9172
221.67205247264772,161.38562014226324,9173
221.6254412209941,161.47811008253723,9174
221.57788524587957,161.5715528556552,9175
221.5293862240854,161.6659451631336,9176
221.47994581854718,161.76128370693652,9177
221.4295656785309,161.8575651891894,9178
221.37824743981628,161.95478631188712,9179
221.32599272488616,162.05294377659564,9180
221.27280314312281,162.15203428414716,9181
221.21868029101012,162.25205453432986,9182
221.16362575234234,162.3530012255714,9183
221.1076410984393,162.45487105461677,9184
221.05072788836745,162.55766071620044,9185
220.99288766916746,162.66136690271318,9186
220.93412197608777,162.76598630386312,9187
220.87443233282403,162.87151560633203,9188
220.813820251765,162.97795149342576,9189
220.75228723424416,163.08529064472037,9190
220.6898347707973,163.19352973570264,9191
220.6264643414261,163.30266543740623,9192
220.56217741586747,163.41269441604285,9193
220.49697545386903,163.52361333262908,9194
220.43085990546973,163.63541884260837,9195
220.36383221128727,163.74810759546912,9196
220.29589380281024,163.86167623435804,9197
220.2270461026966,163.9761213956898,9198
220.15729052507757,164.09143970875232,9199
220.08662847586743,164.20762779530864,9200
220.01506135307866,164.32468226919423,9201
219.94259054714286,164.4425997359116,9202
219.86921744123717,164.56137679222059,9203
219.79494341161646,164.68101002572564,9204
219.71976982795076,164.8014960144598,9205
219.64369805366834,164.9228313264651,9206
219.56672944630446,165.0450125193706,9207
219.48886535785536,165.1680361399669,9208
219.41010713513776,165.29189872377796,9209
219.33045612015408,165.41659679463052,9210
219.24991365046267,165.5421268642207,9211
219.16848105955384,165.66848543167816,9212
219.086159677231,165.79566898312825,9213
219.00295082999756,165.92367399125135,9214
218.9188558414488,166.05249691484104,9215
218.83387603266942,166.18213419835953,9216
218.74801272263636,166.31258227149192,9217
218.66126722862677,166.4438375486983,9218
218.5736408666319,166.5758964287648,9219
218.48513495177548,166.70875529435284,9220
218.39575079873813,166.84241051154748,9221
218.30548972218682,166.97685842940442,9222
218.21435303720955,167.11209537949583,9223
218.1223420597553,167.24811767545623,9224
218.0294581070798,167.3849216125265,9225
217.93570249819547,167.5225034670981,9226
217.8410765543279,167.6608594962568,9227
217.7455815993767,167.79998593732574,9228
217.64921896038172,167.93987900740896,9229
217.55198996799507,168.08053490293443,9230
217.45389595695752,168.2219497991977,9231
217.3549382665808,168.36411984990548,9232
217.2551182412348,168.50704118672,9233
217.15443723083985,168.65070991880395,9234
217.05289659136454,168.795122132366,9235
216.95049768532837,168.94027389020746,9236
216.8472418823097,169.08616123127027,9237
216.74313055945882,169.23278017018558,9238
216.63816510201613,169.38012669682428,9239
216.53234690383536,169.52819677584932,9240
216.4256773679121,169.67698634626893,9241
216.3181579069172,169.82649132099257,9242
216.20978994373513,169.97670758638841,9243
216.1005749120077,170.12763100184353,9244
215.9905142566825,170.279257399326,9245
215.87960943456656,170.43158258294991,9246
215.76786191488463,170.58460232854284,9247
215.6552731798428,170.7383123832168,9248
215.54184472519682,170.8927084649411,9249
215.42757806082525,171.04778626212004,9250
215.3124747113077,171.20354143317266,9251
215.19653621650752,171.3599696061167,9252
215.07976413215965,171.51706637815633,9253
214.96216003046302,171.67482731527357,9254
214.84372550067772,171.833247951824,9255
214.7244621497268,171.99232379013696,9256
214.60437160280281,172.15205030011964,9257
214.48345550397866,172.3124229188661,9258
214.36171551682352,172.47343705027168,9259
214.2391533250226,172.6350880646511,9260
214.11577063300186,172.79737129836292,9261
213.9915691665569,172.96028205343927,9262
213.86655067348613,173.12381559721973,9263
213.74071692422845,173.28796716199318,9264
213.6140697125048,173.45273194464286,9265
213.48661085596427,173.61810510630016,9266
213.35834219683375,173.7840817720022,9267
213.2292656025722,173.95065703035834,9268
213.09938296652842,174.1178259332203,9269
212.96869620860284,174.28558349536132,9270
212.83720727591307,174.45392469416188,9271
212.70491814346306,174.62284446930155,9272
212.57183081481617,174.79233772245888,9273
212.4379473227713,174.96239931701837,9274
212.30326973004273,175.13302407778525,9275
212.16780012994332,175.30420679070812,9276
212.03154064707084,175.47594220260893,9277
211.89449343799737,175.64822502092213,9278
211.75666069196174,175.8210499134406,9279
211.61804463156494,175.99441150807127,9280
211.47864751346827,176.16830439259857,9281
211.33847162909404,176.3427231144571,9282
211.19751930532897,176.51766218051299,9283
211.05579290522974,176.69311605685397,9284
210.91329482873118,176.8690791685889,9285
210.77002751335618,177.04554589965667,9286
210.6259934349277,177.222510592645,9287
210.48119510828283,177.39996754861767,9288
210.33563508798804,177.57791102695262,9289
210.1893159690566,177.7563352451892,9290
210.0422403876665,177.93523437888615,9291
209.89441102188033,178.11460256148962,9292
209.7458305923657,178.29443388420972,9293
209.5965018631166,178.47472239591096,9294
209.44642764217537,178.65546210300954,9295
209.29561078235488,178.83664696938484,9296
209.1440541819616,179.01827091629684,9297
208.99176078551778,179.20032782232147,9298
208.8387335844843,179.38281152328662,9299
208.68497561798242,179.56571581223326,9300
208.5304899735154,179.74903443937404,9301
208.375279787689,179.93276111206623,9302
208.21934824693108,180.11688949480978,9303
208.0626985882097,180.3014132092421,9304
207.9053340997497,180.48632583413186,9305
207.74725812174754,180.6716209054251,9306
207.58847404708393,180.85729191626098,9307
207.42898532203418,181.04333231702563,9308
207.26879544697593,181.22973551540633,9309
207.10790797709387,181.41649487645662,9310
206.9463265230815,181.6036037226827,9311
206.78405475183908,181.79105533413235,9312
206.62109638716797,181.9788429484991,9313
206.45745521046112,182.1669597612415,9314
206.29313506138857,182.35539892570824,9315
206.12813983857887,182.54415355328084,9316
205.9624735002949,182.73321671352724,9317
205.79614006510462,182.9225814343643,9318
205.62914361254627,183.1122407022365,9319
205.46148828378696,183.30218746230577,9320
205.2931782822753,183.49241461865196,9321
205.12421787438686,183.68291503448702,9322
204.95461139006318,183.873681532381,9323
204.78436322344228,184.0647068944998,9324
204.61347783348202,184.25598386285682,9325
204.44195974457497,184.44750513957345,9326
204.26981354715429,184.63926338715558,9327
204.09704389829122,184.8312512287793,9328
203.9236555222821,185.02346124859008,9329
203.7496532112265,185.21588599201448,9330
203.57504182559438,185.40851796608194,9331
203.39982629478268,185.60134963976054,9332
203.22401161766075,185.7943734443042,9333
203.0476028631045,185.9875817736112,9334
202.87060517051756,186.18096698459453,9335
202.69302375034135,186.3745213975659,9336
202.51486388455083,186.56823729662807,9337
202.3361309271378,186.7621069300827,9338
202.15683030457996,186.9561225108463,9339
201.97696751629556,187.15027621688122,9340
201.79654813508355,187.34456019163443,9341
201.61557780754842,187.53896654449088,9342
201.43406225450897,187.73348735123622,9343
201.25200727139125,187.92811465453164,9344
201.06941872860452,188.1228404643995,9345
200.88630257190044,188.31765675872037,9346
200.70266482271407,188.5125554837408,9347
200.5185115784868,188.70752855459173,9348
200.33384901297129,188.9025678558184,9349
200.1486833765162,189.09766524192025,9350
199.9630209963322,189.2928125379021,9351
199.77686827673728,189.4880015398349,9352
199.59023169938163,189.68322401542815,9353
199.40311782345165,189.8784717046112,9354
199.21553328585185,190.07373632012605,9355
199.02748480136495,190.2690095481293,9356
198.83897916278937,190.46428304880433,9357
198.65002324105373,190.65954845698386,9358
198.46062398530748,190.85479738278133,9359
198.27078842298783,191.05002141223258,9360
198.08052365986188,191.2452121079472,9361
197.88983688004413,191.4403610097684,9362
197.698735345988,191.6354596354432,9363
197.507226398452,191.83049948130113,9364
197.31531745643903,192.0254720229424,9365
197.1230160171094,192.22036871593457,9366
196.93032965566587,192.41518099651836,9367
196.73726602521185,192.60990028232226,9368
196.54383285658076,192.8045179730852,9369
196.35003795813716,192.99902545138832,9370
196.15588921554922,193.19341408339466,9371
195.9613945915313,193.38767521959704,9372
195.76656212555704,193.58180019557437,9373
195.571399933543,193.77578033275555,9374
195.37591620750064,193.9696069391913,9375
195.18011921515858,194.16327131033393,9376
194.98401729955359,194.35676472982436,9377
194.78761887858937,194.55007847028685,9378
194.590932444565,194.7432037941307,9379
194.39396656366984,194.9361319543598,9380
194.1967298754477,195.12885419538853,9381
193.99923109222715,195.3213617538648,9382
193.80147899852028,195.51364585950049,9383
193.6034824503875,195.70569773590734,9384
193.40525037476996,195.89750860144062,9385
193.20679176878846,196.08906967004842,9386
193.0081156990086,196.28037215212746,9387
192.8092313006729,196.47140725538483,9388
192.61014777689877,196.6621661857062,9389
192.41087439784323,196.85264014802905,9390
192.21142049983308,197.04282034722223,9391
192.0117954844622,197.23269798897098,9392
191.81200881765417,197.42226428066692,9393
191.61207002869142,197.6115104323038,9394
191.41198870921065,197.80042765737787,9395
191.2117745121643,197.9890071737936,9396
191.01143715074866,198.17724020477368,9397
190.8109863972984,198.36511797977388,9398
190.61043208214744,198.55263173540266,9399
190.40978409245716,198.73977271634408,9400
190.2090523710114,198.9265321762861,9401
190.0082469149785,199.11290137885138,9402
189.80737777464148,199.29887159853297,9403
189.60645505209513,199.484434121633,9404
189.40548889991248,199.66958024720455,9405
189.20448951977832,199.85430128799715,9406
189.0034671610933,200.03858857140477,9407
188.80243211954541,200.22243344041715,9408
188.6013947356527,200.4058272545727,9409
188.40036539327582,200.58876139091495,9410
188.19935451810076,200.7712272449502,9411
187.99837257609346,200.95321623160734,9412
187.7974300719259,201.1347197861996,9413
187.59653754737434,201.3157293653871,9414
187.39570557969154,201.4962364481415,9415
187.19494477995113,201.6762325367108,9416
186.99426579136775,201.85570915758512,9417
186.79367928759143,202.03465786246326,9418
186.5931959709775,202.21307022921889,9419
186.39282657083425,202.39093786286713,9420
186.19258184164607,202.56825239653054,9421
185.9924725612768,202.7450054924047,9422
185.7925095291503,202.92118884272253,9423
185.59270356441118,203.09679417071808,9424
185.3930655040677,203.27181323158803,9425
185.19360620111422,203.4462378134521,9426
184.99433652263767,203.62005973831114,9427
184.79526734790696,203.79327086300285,9428
184.59640956644694,203.96586308015463,9429
184.39777407609807,204.13782831913397,9430
184.19937178106233,204.3091585469947,9431
184.0012135899372,204.47984576942042,9432
183.80331041373768,204.64988203166345,9433
183.6056731639084,204.8192594194796,9434
183.40831275032644,204.98797006005813,9435
183.21124007929564,205.1560061229471,9436
183.01446605153524,205.32335982097302,9437
182.81800156016092,205.49002341115477,9438
182.6218574886625,205.65598919561174,9439
182.4260447088774,205.82124952246548,9440
182.23057407896152,205.98579678673445,9441
182.03545644136042,206.14962343122164,9442
181.8407026207786,206.31272194739498,9443
181.64632342215012,206.47508487625953,9444
181.45232962861348,206.63670480922175,9445
181.2587319994881,206.79757438894487,9446
181.06554126825534,206.95768631019567,9447
180.87276814054735,207.1170333206816,9448
180.68042329214103,207.2756082218784,9449
180.48851736696176,207.43340386984758,9450
180.29706097509373,207.59041317604348,9451
180.106064690808,207.7466291081097,9452
179.91553905060047,207.9020446906638,9453
179.7254945512144,208.05665300607146,9454
179.53594164773736,208.21044719520776,9455
179.34689075166108,208.3634204582068,9456
179.15835222897564,208.51556605519858,9457
178.97033639828217,208.66687730703296,9458
178.7828535289233,208.81734759599016,9459
178.595913839132,208.96697036647805,9460
178.4095274942022,209.115739125715,9461
178.223704604681,209.26364744439866,9462
178.03845522458428,209.41068895736015,9463
177.85378934963444,209.55685736420327,9464
177.66971691552536,209.70214642992843,9465
177.48624779621193,209.846549985541,9466
177.30339180222515,209.990061928644,9467
177.12115867901787,210.13267622401426,9468
176.93955810533714,210.27438690416264,9469
176.7585996916258,210.4151880698772,9470
176.57829297845532,210.55507389074933,9471
176.39864743499015,210.69403860568332,9472
176.21967245748243,210.8320765233874,9473
176.04137736780083,210.96918202284817,9474
175.86377141199128,211.1053495537863,9475
175.68686375887447,211.2405736370946,9476
175.51066349867486,211.37484886525743,9477
175.3351796416875,211.5081699027517,9478
175.16042111697956,211.64053148642915,9479
174.9863967711291,211.77192842587996,9480
174.8131153670009,211.90235560377667,9481
174.6405855825593,212.03180797619976,9482
174.46881600972003,212.16028057294315,9483
174.29781515323955,212.28776849780087,9484
174.1275914296448,212.41426692883357,9485
173.9581531662,212.53977111861613,9486
173.78950859991548,212.66427639446454,9487
173.62166587659496,212.78777815864402,9488
173.45463304992293,212.9102718885565,9489
173.28841808059346,213.0317531369085,9490
173.1230288354786,213.15221753185924,9491
172.9584730868383,213.27166077714827,9492
172.7947585115707,213.39007865220367,9493
172.6318926905034,213.50746701222997,9494
172.46988310772647,213.62382178827616,9495
172.30873714996537,213.73913898728404,9496
172.148462105996,213.85341469211625,9497
171.98906516610026,213.966645061565,9498
171.8305534215627,214.07882633034063,9499
171.67293386420795,214.18995480904087,9500
171.51621338597835,214.30002688410028,9501
171.36039877855362,214.40903901772035,9502
171.2054967330092,214.5169877477804,9503
171.05151383951593,214.62386968772898,9504
170.8984565870787,214.72968152645655,9505
170.74633136331545,214.83442002814914,9506
170.59514445427533,214.9380820321232,9507
170.44490204429522,215.04066445264195,9508
170.29561021589558,215.1421642787136,9509
170.1472749497146,215.24257857387101,9510
169.99990212447932,215.34190447593366,9511
169.85349751701483,215.44013919675206,9512
169.70806680229057,215.5372800219341,9513
169.56361555350247,215.63332431055494,9514
169.4201492421915,215.72826949484912,9515
169.27767323839745,215.82211307988638,9516
169.13619281084806,215.91485264323094,9517
168.9957131271819,216.00648583458457,9518
168.85623925420535,216.0970103754135,9519
168.71777615818314,216.18642405856022,9520
168.58032870516098,216.27472474783923,9521
168.44390166132044,216.36191037761844,9522
168.308499693365,216.44797895238545,9523
168.17412736893726,216.53292854629956,9524
168.0407891570658,216.6167573027297,9525
167.90848942864153,216.69946343377853,9526
167.77723245692317,216.78104521979324,9527
167.64702241807007,216.86150100886314,9528
167.51786339170292,216.9408292163047,9529
167.38975936149106,217.0190283241339,9530
167.2627142157656,217.0960968805268,9531
167.13673174815776,217.17203349926848,9532
167.01181565826167,217.2468368591902,9533
166.88796955232124,217.3205057035961,9534
166.76519694394,217.39303883967904,9535
166.64350125481283,217.46443513792613,9536
166.52288581547995,217.53469353151445,9537
166.40335386610133,217.60381301569745,9538
166.2849085572514,217.6717926471818,9539
166.16755295073307,217.7386315434957,9540
166.0512900204105,217.80432888234867,9541
165.93612265305984,217.86888390098352,9542
165.82205364923695,217.93229589552007,9543
165.70908572416172,217.9945642202925,9544
165.59722150861842,218.05568828717844,9545
165.48646354987054,218.1156675649228,9546
165.37681431259028,218.17450157845445,9547
165.26827617980177,218.2321899081973,9548
165.16085145383667,218.28873218937613,9549
165.05454235730278,218.3441281113168,9550
164.9493510340632,218.39837741674197,9551
164.8452795502271,218.45147990106238,9552
164.7423298951503,218.50343541166376,9553
164.64050398244535,218.55424384719035,9554
164.53980365100023,218.6039051568246,9555
164.44023066600596,218.65241933956412,9556
164.3417867199906,218.6997864434958,9557
164.24447343386095,218.7460065650674,9558
164.14829235795045,218.79107984835713,9559
164.0532449730723,218.83500648434142,9560
163.95933269157806,218.87778671016136,9561
163.86655685842024,218.91942080838797,9562
163.7749187522192,218.95990910628635,9563
163.68441958633332,218.99925197507986,9564
163.5950605099311,219.03744982921344,9565
163.50684260906675,219.0745031256176,9566
163.41976690775613,219.11041236297223,9567
163.33383436905464,219.14517808097153,9568
163.24904589613539,219.1788008595893,9569
163.16540233336735,219.21128131834607,9570
163.08290446739318,219.24262011557707,9571
163.00155302820633,219.27281794770235,9572
162.92134869022652,219.30187554849857,9573
162.8422920733734,219.32979368837326,9574
162.76438374413814,219.35657317364144,9575
162.6876242166522,219.38221484580478,9576
162.61201395375284,219.40671958083388,9577
162.5375533680453,219.43008828845387,9578
162.46424282296098,219.45232191143285,9579
162.3920826338112,219.4734214248746,9580
162.3210730688363,219.4933878355146,9581
162.25121435024982,219.51222218102032,9582
162.18250665527688,219.52992552929555,9583
162.11495011718733,219.54649897778935,9584
162.04854482632248,219.56194365280936,9585
161.98329083111528,219.57626070884004,9586
161.91918813910428,219.58945132786582,9587
161.85623671794002,219.60151671869946,9588
161.79443649638466,219.6124581163154,9589
161.73378736530356,219.62227678118896,9590
161.6742891786494,219.63097399864085,9591
161.61594175443796,219.63855107818756,9592
161.55874487571583,219.64500935289772,9593
161.50269829151924,219.6503501787541,9594
161.44780171782455,219.65457493402243,9595
161.39405483848913,219.6576850186258,9596
161.3414573061838,219.65968185352622,9597
161.29000874331516,219.660566880112,9598
161.23970874293877,219.6603415595923,9599
161.19055686966274,219.6590073723982,9600
161.14255266054073,219.65656581759083,9601
161.0956956259556,219.65301841227605,9602
161.04998525049243,219.64836669102692,9603
161.0054209938013,219.64261220531245,9604
160.96200229144964,219.63575652293432,9605
160.9197285557637,219.6278012274706,9606
160.8785991766597,219.6187479177269,9607
160.83861352246365,219.60859820719494,9608
160.79977094072083,219.59735372351895,9609
160.7620707589934,219.58501610796935,9610
160.72551228564757,219.57158701492432,9611
160.69009481062955,219.5570681113591,9612
160.6558176062295,219.54146107634293,9613
160.62267992783495,219.52476760054418,9614
160.5906810146723,219.50698938574294,9615
160.55982009053693,219.48812814435212,9616
160.5300963645119,219.46818559894587,9617
160.50150903167489,219.44716348179676,9618
160.47405727379368,219.42506353442042,9619
160.44774026000968,219.4018875071288,9620
160.42255714751022,219.3776371585912,9621
160.39850708218867,219.35231425540363,9622
160.3755891992931,219.32592057166644,9623
160.3538026240629,219.29845788857023,9624
160.33314647235386,219.2699279939896,9625
160.3136198512514,219.24033268208598,9626
160.295221859672,219.20967375291772,9627
160.27795158895262,219.17795301205965,9628
160.26180812342844,219.14517227022995,9629
160.24679054099914,219.111333342926,9630
160.2328979136827,219.07643805006845,9631
160.2201293081579,219.0404882156535,9632
160.2084837862948,219.0034856674139,9633
160.1979604056735,218.9654322364879,9634
160.1885582200915,218.92632975709702,9635
160.18027628005834,218.88618006623204,9636
160.17311363327954,218.8449850033473,9637
160.16706932512844,218.80274641006372,9638
160.16214239910624,218.75946612988,9639
160.15833189729022,218.71514600789223,9640
160.15563686077107,218.66978789052217,9641
160.15405633007762,218.6233936252537,9642
160.15358934559063,218.5759650603778,9643
160.1542349479449,218.527504044746,9644
160.1559921784195,218.47801242753232,9645
160.15886007931704,218.42749205800334,9646
160.16283769433096,218.37594478529712,9647
160.16792406890173,218.32337245821026,9648
160.17411825056132,218.26977692499338,9649
160.1814192892664,218.21516003315534,9650
160.18982623772038,218.15952362927544,9651
160.1993381516838,218.10286955882438,9652
160.20995409027324,218.04519966599366,9653
160.2216731162498,217.98651579353296,9654
160.2344942962952,217.92681978259662,9655
160.24841670127745,217.86611347259807,9656
160.2634394065052,217.8043987010727,9657
160.27956149197038,217.74167730354944,9658
160.2967820425804,217.67795111343054,9659
160.3151001483787,217.61322196187982,9660
160.33451490475454,217.5474916777195,9661
160.35502541264142,217.48076208733514,9662
160.37663077870462,217.41303501458944,9663
160.39933011551759,217.3443122807441,9664
160.42312254172734,217.27459570439044,9665
160.44800718220895,217.20388710138835,9666
160.47398316820866,217.13218828481362,9667
160.5010496374765,217.0595010649139,9668
160.52920573438772,216.985827249073,9669
160.55845061005303,216.91116864178392,9670
160.58878342241817,216.83552704463,9671
160.62020333635257,216.75890425627506,9672
160.6527095237267,216.6813020724616,9673
160.68630116347884,216.602722286018,9674
160.72097744167073,216.52316668687388,9675
160.75673755153218,216.44263706208426,9676
160.79358069349507,216.36113519586235,9677
160.831506075216,216.27866286962072,9678
160.870512911588,216.1952218620215,9679
160.91060042474183,216.1108139490348,9680
160.9517678440352,216.02544090400613,9681
160.99401440603225,215.93910449773236,9682
161.0373393544711,215.85180649854647,9683
161.08174194022052,215.76354867241113,9684
161.1272214212259,215.67433278302084,9685
161.17377706244378,215.58416059191327,9686
161.22140813576527,215.49303385858892,9687
161.2701139199287,215.40095434064017,9688
161.31989370042035,215.30792379388902,9689
161.37074676936504,215.21394397253363,9690
161.4226724254044,215.1190166293041,9691
161.47566997356452,215.02314351562723,9692
161.529738725112,214.92632638180012,9693
161.58487799739885,214.8285669771732,9694
161.6410871136958,214.72986705034202,9695
161.69836540301395,214.63022834934864,9696
161.75671219991574,214.52965262189184,9697
161.81612684431312,214.42814161554685,9698
161.87660868125514,214.3256970779945,9699
161.93815706070345,214.22232075725938,9700
162.00077133729602,214.11801440195757,9701
162.06445087009934,214.01277976155407,9702
162.1291950223482,213.90661858662932,9703
162.19500316117444,213.7995326291557,9704
162.26187465732264,213.69152364278318,9705
162.3298088848549,213.58259338313525,9706
162.3988052208425,213.47274360811383,9707
162.46886304504588,213.36197607821464,9708
162.53998173958217,213.25029255685203,9709
162.61216068858067,213.1376948106936,9710
162.68539927782535,213.0241846100053,9711
162.7596968943852,212.90976372900587,9712
162.83505292623212,212.79443394623166,9713
162.91146676184584,212.67819704491185,9714
162.98893778980596,212.5610548133531,9715
163.06746539837175,212.44300904533532,9716
163.14704897504836,212.32406154051708,9717
163.22768790614035,212.20421410485162,9718
163.30938157629208,212.0834685510133,9719
163.39212936801474,211.96182669883456,9720
163.4759306612003,211.83929037575317,9721
163.56078483262198,211.7158614172704,9722
163.64669125542122,211.59154166741962,9723
163.73364929858118,211.46633297924575,9724
163.8216583263862,211.34023721529533,9725
163.91071769786834,211.21325624811752,9726
164.00082676623913,211.08539196077612,9727
164.09198487830784,210.95664624737202,9728
164.18419137388602,210.82702101357742,9729
164.27744558517728,210.69651817718037,9730
164.37174683615308,210.56513966864082,9731
164.4670944419146,210.4328874316578,9732
164.56348770804,210.2997634237475,9733
164.66092592991657,210.16576961683293,9734
164.7594083920595,210.03090799784476,9735
164.85893436741517,209.8951805693335,9736
164.9595031166498,209.75858935009273,9737
165.06111388742366,209.62113637579455,9738
165.16376591364994,209.48282369963547,9739
165.26745841473902,209.3436533929946,9740
165.3721905948278,209.2036275461028,9741
165.47796164199306,209.0627482687238,9742
165.5847707274511,208.92101769084633,9743
165.69261700474073,208.77843796338854,9744
165.80149960889202,208.63501125891327,9745
165.9114176555791,208.49073977235565,9746
166.02237024025789,208.34562572176156,9747
166.13435643728812,208.1996713490383,9748
166.24737529904024,208.0528789207167,9749
166.36142585498663,207.90525072872452,9750
166.4765071107772,207.756789091172,9751
166.5926180472996,207.60749635314846,9752
166.70975761972377,207.4573748875309,9753
166.82792475653116,207.30642709580366,9754
166.94711835852775,207.1546554088899,9755
167.06733729784236,207.00206228799453,9756
167.18858041690888,206.8486502254581,9757
167.31084652743286,206.69442174562275,9758
167.434134409343,206.53937940570864,9759
167.55844280972698,206.38352579670223,9760
167.683770441752,206.22686354425528,9761
167.8101159835697,206.0693953095949,9762
167.93747807720598,205.911123790445,9763
168.0658553274361,205.75205172195783,9764
168.19524630064348,205.59218187765666,9765
168.32564952366488,205.4315170703893,9766
168.45706348261987,205.27006015329138,9767
168.5894866217255,205.10781402076063,9768
168.722917342097,204.94478160944075,9769
168.85735400053346,204.78096589921594,9770
168.9927949082894,204.61636991421432,9771
169.12923832983213,204.45099672382193,9772
169.26668248158555,204.28484944370544,9773
169.40512553065983,204.1179312368446,9774
169.54456559356802,203.95024531457315,9775
169.68500073492885,203.78179493762897,9776
169.8264289661575,203.61258341721242,9777
169.96884824414266,203.4426141160529,9778
170.11225646991218,203.2718904494838,9779
170.25665148728558,203.10041588652442,9780
170.4020310815159,202.92819395096973,9781
170.54839297791975,202.7552282224872,9782
170.69573484049567,202.5815223377199,9783
170.84405427053304,202.40707999139644,9784
170.9933488052101,202.23190493744653,9785
171.14361591618217,202.05600099012236,9786
171.2948530081607,201.87937202512498,9787
171.44705741748368,201.7020219807355,9788
171.60022641067684,201.52395485895093,9789
171.75435718300852,201.34517472662338,9790
171.90944685703562,201.16568571660312,9791
172.06549248114376,200.98549202888432,9792
172.22249102808132,200.8045979317535,9793
172.38043939348725,200.62300776293938,9794
172.53933439441485,200.44072593076478,9795
172.6991727678509,200.25775691529873,9796
172.85995116923075,200.07410526950906,9797
173.0216661709521,199.88977562041467,9798
173.18431426088412,199.70477267023696,9799
173.34789184087848,199.51910119754885,9800
173.51239522527666,199.33276605842283,9801
173.67782063942008,199.14577218757478,9802
173.84416421815934,198.95812459950497,9803
174.01142200436703,198.7698283896344,9804
174.17958994745192,198.5808887354362,9805
174.34866390187833,198.39131089756088,9806
174.5186396256895,198.20110022095523,9807
174.68951277903616,198.01026213597396,9808
174.86127892271296,197.81880215948271,9809
175.03393351670158,197.6267258959524,9810
175.2074719187229,197.43403903854335,9811
175.38188938279976,197.240747370179,9812
175.55718105782913,197.04685676460784,9813
175.73334198616777,196.8523731874525,9814
175.9103671022304,196.65730269724597,9815
176.08825123110176,196.46165144645278,9816
176.2669890871658,196.26542568247538,9817
176.44657527274998,196.06863174864364,9818
176.62700427678882,195.87127608518753,9819
176.80827047350544,195.673365230191,9820
176.99036812111527,195.47490582052694,9821
177.17329136055082,195.2759045927712,9822
177.3570342142094,195.07636838409587,9823
177.54159058472632,194.8763041331392,9824
177.7269542537723,194.6757188808528,9825
177.91311888088111,194.47461977132335,9826
178.10007800230272,194.2730140525691,9827
178.28782502988986,194.0709090773092,9828
178.47635325001173,193.86831230370527,9829
178.6656558225063,193.66523129607302,9830
178.85572577966207,193.46167372556496,9831
179.04655602523988,193.2576473708202,9832
179.23813933352776,193.0531601185829,9833
179.4304683484389,192.84821996428587,9834
179.62353558264866,192.6428350126004,9835
179.81733341677378,192.43701347794862,9836
180.01185409857473,192.23076368498056,9837
180.20708974228,192.02409406901052,9838
180.40303232781832,191.81701317641605,9839
180.59967370024148,191.60952966499462,9840
180.79700556910905,191.40165230427948,9841
180.99501950795445,191.19338997581173,9842
181.1937069537971,190.98475167336895,9843
181.3930592067131,190.77574650314813,9844
181.59306742945367,190.56638368390227,9845
181.79372264712595,190.35667254702955,9846
181.99501574692977,190.14662253661402,9847
182.1969374779553,189.93624320941657,9848
182.3994784510389,189.7255442348149,9849
182.602629138684,189.51453539469227,9850
182.80637987504343,189.3032265832732,9851
183.010720855968,189.09162780690517,9852
183.21564213912117,188.87974918378623,9853
183.4211336441588,188.66760094363653,9854
183.62718515298036,188.45519342731282,9855
183.83378631004805,188.2425370863669,9856
184.0409266227774,188.0296424825441,9857
184.24859546199906,187.81652028722394,9858
184.45678206249445,187.60318128080004,9859
184.66547552360402,187.389636352,9860
184.8746648099115,187.17589649714338,9861
185.08433875200302,186.96197281933877,9862
185.2944860473027,186.74787652761623,9863
185.50509526098622,186.53361893599936,9864
185.71615482697078,186.31921146251094,9865
185.9276530489856,186.10466562811618,9866
186.13957810171962,185.88999305560114,9867
186.35191803205004,185.67520546838537,9868
186.5646607603502,185.46031468927026,9869
186.77779408187854,185.2453326391214,9870
186.99130566824712,185.03027133548576,9871
187.2051830689718,184.81514289114185,9872
187.41941371310372,184.59995951258549,9873
187.63398491094065,184.38473349844872,9874
187.8488838558204,184.16947723785293,9875
188.0640976259943,183.95420320869673,9876
188.2796131865821,183.7389239758771,9877
188.4954173916067,183.52365218944735,9878
188.71149698610895,183.30840058270726,9879
188.927838608342,183.09318197023117,9880
189.14442879204498,182.8780092458302,9881
189.36125396879427,182.6628953804516,9882
189.57830047043322,182.44785342001458,9883
189.79555453157775,182.23289648318504,9884
190.0130022921988,182.01803775908638,9885
190.23062980027845,181.80329050495166,9886
190.44842301454077,181.58866804371425,9887
190.6663678072546,181.3741837615418,9888
190.88444996710808,181.1598511053081,9889
191.1026552021525,180.9456835800134,9890
191.32096914281468,180.73169474614275,9891
191.53937734497683,180.5178982169785,9892
191.7578652931207,180.30430765585197,9893
191.9764184035357,180.090936773345,9894
192.19502202758864,179.87779932443797,9895
192.41366145505327,179.66490910563016,9896
192.63232191749708,179.45227995197482,9897
192.85098859172467,179.23992573410555,9898
193.0696466032738,179.02786035519708,9899
193.28828102996312,178.81609774789243,9900
193.50687690548924,178.6046518711843,9901
193.72541922306965,178.39353670726794,9902
193.94389293913065,178.18276625834739,9903
194.16228297703645,177.972354543412,9904
194.3805742308576,177.76231559498353,9905
194.59875156917587,177.55266345582604,9906
194.81679983892278,177.34341217563568,9907
195.0347038692496,177.13457580769835,9908
195.25244847542496,176.92616840552822,9909
195.47001846275853,176.7182040194836,9910
195.68739863054682,176.5106966933628,9911
195.9045737760385,176.30366046098575,9912
196.12152869841677,176.09710934276066,9913
196.3382482027951,175.89105734223844,9914
196.55471710422376,175.6855184426587,9915
196.77092023170349,175.480506603489,9916
196.9868424322043,175.2760357569604,9917
197.20246857468547,175.07211980460028,9918
197.4177835541138,174.86877261376628,9919
197.63277229547745,174.66600801418494,9920
197.84741975779139,174.4638397944948,9921
198.06171093809272,174.2622816987987,9922
198.2756308754213,174.0613474232269,9923
198.48916465478382,173.861050612514,9924
198.70229741109748,173.6614048565919,9925
198.9150143331107,173.4624236872014,9926
199.1273006672974,173.2641205745244,9927
199.33914172172263,173.0665089238412,9928
199.55052286987558,172.86960207221173,9929
199.76142955446815,172.6734132851874,9930
199.9718472911952,172.47795575355238,9931
200.18176167245434,172.28324259009918,9932
200.3911583710225,172.089286826439,9933
200.6000231436859,171.89610140985067,9934
200.8083418348215,171.7036992001695,9935
201.01610037992722,171.51209296671874,9936
201.22328480909752,171.3212953852853,9937
201.42988125044366,171.13131903514244,9938
201.63587593345375,170.94217639612123,9939
201.84125519229326,170.75387984573263,9940
202.04600546904072,170.56644165634216,9941
202.2501133168589,170.37987399239955,9942
202.4535654030977,170.1941889077246,9943
202.65634851232778,170.00939834285126,9944
202.85844954930252,169.82551412243157,9945
203.05985554184662,169.64254795270105,9946
203.26055364366965,169.46051141900736,9947
203.46053113710275,169.2794159834034,9948
203.65977543575693,169.09927298230605,9949
203.85827408710205,168.92009362422283,9950
204.05601477496415,168.7418889875464,9951
204.25298532194066,168.5646700184194,9952
204.44917369173214,168.38844752866945,9953
204.6445679913891,168.21323219381668,9954
204.8391564734737,168.03903455115335,9955
205.03292753813435,167.86586499789757,9956
205.22586973509374,167.69373378942132,9957
205.41797176554851,167.52265103755315,9958
205.60922248398063,167.35262670895727,9959
205.79961089987992,167.18367062358843,9960
205.9891261793767,167.0157924532235,9961
206.17775764678575,166.8490017200705,9962
206.36549478605954,166.6833077954542,9963
206.55232724215196,166.51871989858034,9964
206.7382448222923,166.3552470953767,9965
206.92323749716908,166.19289829741234,9966
207.1072954020244,166.03168226089423,9967
207.29040883765893,165.8716075857422,9968
207.47256827134785,165.7126827147405,9969
207.6537643376682,165.55491593276722,9970
207.8339878392382,165.39831536610035,9971
208.01322974736914,165.2428889818004,9972
208.19148120263034,165.08864458716897,9973
208.3687335153284,164.93558982928326,9974
208.5449781659009,164.78373219460482,9975
208.7202068052261,164.63307900866346,9976
208.8944112548492,164.48363743581388,9977
209.06758350712633,164.33541447906583,9978
209.23971572528734,164.18841697998576,9979
209.41080024341866,164.04265161866977,9980
209.58082956636716,163.89812491378675,9981
209.74979636956672,163.7548432226904,9982
209.9176934987885,163.61281274159978,9983
210.08451396981627,163.4720395058466,9984
210.2502509680484,163.33252939018814,9985
210.41489784802806,163.19428810918583,9986
210.57844813290265,163.0573212176461,9987
210.74089551381476,162.92163411112446,9988
210.90223384922533,162.7872320264899,9989
211.06245716417152,162.6541200425494,9990
211.2215596494602,162.52230308073047,9991
211.37953566079935,162.39178590582046,9992
211.53637971786853,162.26257312676185,9993
211.69208650333027,162.13466919750095,9994
211.84665086178464,162.00807841789,9995
212.00006779866786,161.8828049346394,9996
212.15233247909734,161.75885274232076,9997
212.30344022666466,161.63622568441727,9998
212.45338652217865,161.5149274544207,9999
212.60216700235978,161.3949615969742,10000
212.74977745848787,161.276331509058,10001
212.89621383500528,161.15904044121731,10002
213.04147222807697,161.04309149883085,10003
213.18554888410907,160.92848764341832,10004
213.32844019822852,160.8152316939848,10005
213.47014271272448,160.70332632840174,10006
213.61065311545426,160.59277408482163,10007
213.74996823821488,160.4835773631255,10008
213.8880850550824,160.37573842640194,10009
214.02500068072035,160.26925940245553,10010
214.16071236865952,160.16414228534342,10011
214.29521750955024,160.0603889369386,10012
214.42851362938933,159.95800108851853,10013
214.56059838772285,159.85698034237703,10014
214.69146957582697,159.7573281734588,10015
214.82112511486773,159.65904593101436,10016
214.94956305404224,159.56213484027438,10017
215.0767815687019,159.46659600414236,10018
215.20277895846007,159.37243040490281,10019
215.32755364528504,159.27963890594566,10020
215.45110417158014,159.1882222535038,10021
215.57342919825237,159.09818107840306,10022
215.6945275027709,159.0095158978237,10023
215.81439797721703,158.9222271170713,10024
215.9330396263264,158.8363150313567,10025
216.0504515655261,158.75177982758265,10026
216.16663301896602,158.66862158613733,10027
216.2815833175477,158.5868402826923,10028
216.3953018969505,158.5064357900042,10029
216.50778829565698,158.42740787971968,10030
216.61904215297838,158.34975622418125,10031
216.7290632070817,158.27348039823383,10032
216.83785129301904,158.19857988103095,10033
216.94540634076026,158.125054057839,10034
217.05172837323076,158.05290222183913,10035
217.1568175043542,157.98212357592544,10036
217.26067393710235,157.91271723449896,10037
217.36329796155175,157.8446822252559,10038
217.4646899529494,157.77801749096977,10039
217.56485036978734,157.7127218912667,10040
217.66377975188726,157.6487942043921,10041
217.76147871849628,157.5862331289693,10042
217.8579479663942,157.52503728574825,10043
217.9531882680131,157.46520521934443,10044
218.04720046957036,157.40673539996612,10045
218.13998548921506,157.34962622513078,10046
218.23154431518927,157.29387602136882,10047
218.32187800400388,157.23948304591426,10048
218.41098767863076,157.18644548838233,10049
218.4988745267104,157.13476147243267,10050
218.58553979877692,157.08442905741816,10051
218.67098480649986,157.03544624001822,10052
218.755210920944,156.98781095585682,10053
218.83821957084712,156.9415210811043,10054
218.92001224091652,156.89657443406253,10055
219.00059047014457,156.85296877673315,10056
219.07995585014316,156.81070181636827,10057
219.15811002349847,156.76977120700386,10058
219.23505468214526,156.73017455097434,10059
219.31079156576178,156.69190940040932,10060
219.38532246018497,156.65497325871127,10061
219.45864919584685,156.61936358201427,10062
219.53077364623147,156.5850777806233,10063
219.60169772635376,156.55211322043397,10064
219.67142339125905,156.5204672243328,10065
219.739952634545,156.49013707357707,10066
219.80728748690467,156.46112000915457,10067
219.8734300146918,156.43341323312305,10068
219.93838231850776,156.4070139099294,10069
220.0021465318113,156.38191916770742,10070
220.0647248195494,156.35812609955582,10071
220.12611937681126,156.3356317647944,10072
220.18633242750394,156.31443319019996,10073
220.24536622305075,156.2945273712205,10074
220.30322304111147,156.27591127316896,10075
220.35990518432516,156.25858183239535,10076
220.41541497907528,156.24253595743787,10077
220.4697547742766,156.22777053015275,10078
220.52292694018504,156.21428240682295,10079
220.57493386722902,156.20206841924545,10080
220.6257779648631,156.1911253757976,10081
220.67546166044363,156.18145006248233,10082
220.72398739812655,156.17303924395148,10083
220.7713576377865,156.16588966450962,10084
220.81757485395806,156.15999804909484,10085
220.86264153479837,156.1553611042404,10086
220.90656018107134,156.1519755190142,10087
220.94933330515315,156.14983796593827,10088
220.99096343005894,156.14894510188716,10089
221.03145308849045,156.1492935689658,10090
221.07080482190486,156.1508799953669,10091
221.10902117960399,156.15370099620813,10092
221.14610471784434,156.15775317434873,10093
221.18205799896742,156.1630331211861,10094
221.2168835905503,156.16953741743274,10095
221.25058406457612,156.17726263387289,10096
221.28316199662478,156.18620533209963,10097
221.3146199650828,156.1963620652325,10098
221.34496055037306,156.20772937861574,10099
221.3741863342036,156.220303810497,10100
221.40229989883565,156.2340818926875,10101
221.4293038263701,156.24906015120274,10102
221.45520069805343,156.2652351068848,10103
221.47999309360114,156.28260327600603,10104
221.50368359054022,156.30116117085427,10105
221.52627476356912,156.32090530029978,10106
221.54776918393588,156.34183217034465,10107
221.56816941883355,156.3639382846534,10108
221.58747803081323,156.38722014506695,10109
221.60569757721424,156.41167425209858,10110
221.62283060961113,156.4372971054125,10111
221.63887967327761,156.4640852042857,10112
221.65384730666668,156.49203504805263,10113
221.66773604090739,156.52114313653323,10114
221.6805483993175,156.55140597044445,10115
221.69228689693213,156.58282005179547,10116
221.70295404004784,156.61538188426672,10117
221.7125523257824,156.64908797357305,10118
221.72108424164952,156.6839348278109,10119
221.7285522651489,156.71991895779044,10120
221.73495886337068,156.75703687735145,10121
221.7403064926149,156.79528510366526,10122
221.7445975980249,156.8346601575205,10123
221.74783461323534,156.8751585635947,10124
221.75001996003363,156.91677685071147,10125
221.75115604803574,156.9595115520825,10126
221.75124527437495,157.0033592055361,10127
221.7502900234046,157.0483163537316,10128
221.74829266641325,157.09437954435919,10129
221.7452555613534,157.14154533032723,10130
221.74118105258276,157.18981026993504,10131
221.73607147061807,157.23917092703303,10132
221.7299291319013,157.28962387116954,10133
221.72275633857808,157.34116567772475,10134
221.7145553782882,157.39379292803164,10135
221.7053285239678,157.44750220948487,10136
221.69507803366338,157.5022901156366,10137
221.6838061503571,157.55815324628077,10138
221.67151510180355,157.61508820752474,10139
221.65820710037767,157.67309161184934,10140
221.6438843429333,157.7321600781572,10141
221.6285490106732,157.79229023180937,10142
221.6122032690289,157.85347870465085,10143
221.5948492675516,157.91572213502465,10144
221.57648913981345,157.97901716777463,10145
221.55712500331822,158.04336045423798,10146
221.53675895942317,158.1087486522265,10147
221.51539309326972,158.17517842599742,10148
221.49302947372465,158.24264644621383,10149
221.46967015333018,158.31114938989478,10150
221.44531716826424,158.38068394035525,10151
221.41997253830934,158.4512467871364,10152
221.39363826683126,158.5228346259253,10153
221.36631634076625,158.59544415846577,10154
221.3380087306175,158.6690720924593,10155
221.30871739046043,158.74371514145628,10156
221.27844425795632,158.81937002473876,10157
221.24719125437494,158.89603346719318,10158
221.2149602846252,158.9737021991747,10159
221.1817532372946,159.05237295636263,10160
221.1475719846966,159.13204247960655,10161
221.11241838292608,159.2127075147649,10162
221.07629427192293,159.2943648125341,10163
221.03920147554376,159.37701112826983,10164
221.00114180164098,159.4606432218001,10165
220.9621170421501,159.54525785723013,10166
220.92212897318421,159.6308518027392,10167
220.88117935513628,159.71742183036983,10168
220.83926993278897,159.8049647158093,10169
220.79640243543165,159.89347723816323,10170
220.75257857698472,159.9829561797221,10171
220.70780005613125,160.07339832572018,10172
220.6620685564558,160.16480046408725,10173
220.61538574659014,160.25715938519312,10174
220.56775328036602,160.35047188158555,10175
220.51917279697497,160.44473474772056,10176
220.46964592113505,160.53994477968655,10177
220.4191742632639,160.63609877492152,10178
220.36775941965925,160.7331935319238,10179
220.3154029726855,160.83122584995627,10180
220.2621064909673,160.93019252874402,10181
220.2078715295895,161.03009036816636,10182
220.15269963030389,161.13091616794196,10183
220.0965923217418,161.23266672730864,10184
220.039551119634,161.33533884469682,10185
219.98157752703625,161.43892931739725,10186
219.92267303456154,161.54343494122293,10187
219.86283912061845,161.64885251016605,10188
219.802077251656,161.75517881604844,10189
219.74038888241438,161.8624106481673,10190
219.67777545618233,161.97054479293558,10191
219.61423840505998,162.079578033517,10192
219.54977915022866,162.18950714945603,10193
219.48439910222595,162.3003289163031,10194
219.4180996612275,162.4120401052346,10195
219.3508822173344,162.5246374826683,10196
219.28274815086672,162.6381178098743,10197
219.2136988326632,162.752477842581,10198
219.14373562438664,162.86771433057694,10199
219.07285987883523,162.98382401730825,10200
219.0010729402602,163.10080363947168,10201
218.9283761446888,163.21864992660366,10202
218.85477082025352,163.33735960066556,10203
218.78025828752735,163.45692937562424,10204
218.70483985986425,163.57735595702977,10205
218.6285168437464,163.6986360415889,10206
218.55129053913626,163.82076631673468,10207
218.47316223983537,163.94374346019345,10208
218.39413323384844,164.06756413954756,10209
218.3142048037532,164.1922250117954,10210
218.2333782270765,164.31772272290803,10211
218.15165477667583,164.4440539073826,10212
218.06903572112668,164.57121518779363,10213
217.98552232511582,164.6992031743403,10214
217.90111584984018,164.828014464392,10215
217.81581755341173,164.9576456420309,10216
217.7296286912679,165.08809327759224,10217
217.64255051658785,165.21935392720195,10218
217.55458428071464,165.35142413231245,10219
217.46573123358303,165.4843004192361,10220
217.37599262415296,165.61797929867697,10221
217.285369700849,165.75245726526015,10222
217.19386371200548,165.88773079706021,10223
217.10147590631715,166.02379635512742,10224
217.0082075332962,166.16065038301247,10225
216.91405984373426,166.29828930629034,10226
216.81903409017073,166.43670953208294,10227
216.72313152736663,166.57590744857987,10228
216.62635341278428,166.7158794245594,10229
216.52870100707267,166.85662180890762,10230
216.43017557455866,166.99813093013793,10231
216.33077838374373,167.140403095909,10232
216.23051070780696,167.28343459254313,10233
216.12937382511296,167.4272216845441,10234
216.0273690197263,167.57176061411468,10235
215.92449758193135,167.7170476006749,10236
215.82076080875765,167.86307884037976,10237
215.71616000451158,168.00985050563742,10238
215.61069648131289,168.15735874462857,10239
215.5043715596378,168.30559968082582,10240
215.39718656886734,168.4545694125138,10241
215.28914284784125,168.60426401231095,10242
215.180241745418,168.7546795266916,10243
215.07048462103998,168.90581197550986,10244
214.95987284530477,169.05765735152508,10245
214.8484078005418,169.2102116199282,10246
214.73609088139446,169.36347071787074,10247
214.62292349540834,169.51743055399515,10248
214.50890706362443,169.67208700796752,10249
214.3940430211782,169.8274359300123,10250
214.27833281790424,169.98347314045012,10251
214.1617779189462,170.14019442923728,10252
214.04437980537236,170.29759555550885,10253
213.92613997479646,170.45567224712408,10254
213.80705994200423,170.6144202002157,10255
213.68714123958495,170.77383507874174,10256
213.56638541856856,170.9339125140412,10257
213.44479404906804,171.0946481043937,10258
213.3223687209268,171.25603741458238,10259
213.19911104437162,171.41807597546128,10260
213.07502265067066,171.58075928352656,10261
212.95010519279626,171.74408280049235,10262
212.8243603460931,171.9080419528718,10263
212.6977898089514,172.0726321315607,10264
212.57039530348462,172.23784869142943,10265
212.44217857621257,172.40368695091647,10266
212.31314139874888,172.57014219163037,10267
212.1832855684934,172.73720965795474,10268
212.0526129093292,172.90488455666028,10269
211.92112527232422,173.0731620565226,10270
211.78882453643703,173.24203728794535,10271
211.65571260922766,173.41150534259071,10272
211.521791427572,173.58156127301504,10273
211.38706295838102,173.75220009231202,10274
211.25152919932364,173.9234167737629,10275
211.1151921795539,174.0952062504919,10276
210.97805396044197,174.2675634151317,10277
210.8401166363087,174.44048311949325,10278
210.70138233516434,174.6139601742453,10279
210.56185321945023,174.7879893486006,10280
210.42153148678432,174.9625653700106,10281
210.28041937070978,175.13768292386726,10282
210.13851914144684,175.3133366532144,10283
209.99583310664752,175.48952115846672,10284
209.8523636121535,175.6662309971372,10285
209.70811304275617,175.84346068357442,10286
209.56308382295975,176.02120468870734,10287
209.41727841774653,176.1994574398007,10288
209.2706993333442,176.3782133202187,10289
209.1233491179956,176.5574666691985,10290
208.97523036272977,176.7372117816334,10291
208.82634570213526,176.91744290786585,10292
208.67669781513422,177.09815425349126,10293
208.52628942575845,177.27933997916946,10294
208.37512330392582,177.46099420044945,10295
208.22320226621815,177.6431109876028,10296
208.07052917665908,177.8256843654691,10297
207.91710694749293,178.0087083133093,10298
207.7629385399632,178.19217676467386,10299
207.60802696509117,178.37608360727907,10300
207.45237528445435,178.5604226828956,10301
207.2959866109639,178.74518778724888,10302
207.13886410964153,178.93037266992948,10303
206.98101099839516,179.11597103431654,10304
206.82243054879305,179.30197653751463,10305
206.66312608683646,179.48838279029317,10306
206.5031009937299,179.6751833570544,10307
206.3423587066498,179.86237175580192,10308
206.1809027195097,180.04994145809792,10309
206.0187365837232,180.23788588913743,10310
205.85586390896333,180.4261984276358,10311
205.69228836391844,180.61487240594894,10312
205.5280136770442,180.80390111006244,10313
205.36304363731128,180.99327777964604,10314
205.1973820949484,181.18299560811238,10315
205.03103296218063,181.37304774268526,10316
204.86400021396202,181.56342728448732,10317
204.6962878887025,181.75412728863637,10318
204.52790008898927,181.9451407643555,10319
204.35884098230082,182.13646067509765,10320
204.18911480171477,182.32807993868266,10321
204.01872584660785,182.51999142744765,10322
203.84767848334874,182.71218796841094,10323
203.67597714598222,182.9046623434501,10324
203.50362633690494,183.09740728949137,10325
203.3306306275325,183.29041549871621,10326
203.1569946589565,183.48367961877813,10327
202.98272314259216,183.67719225303466,10328
202.80782086081533,183.87094596079268,10329
202.63229266758862,184.06493325756836,10330
202.4561434890766,184.25914661535887,10331
202.27937832424868,184.45357846292964,10332
202.10200224547035,184.64822118611474,10333
201.92402039908092,184.8430671281307,10334
201.74543800595882,185.03810858990465,10335
201.56626036207234,185.23333783041568,10336
201.38649283901705,185.42874706705052,10337
201.20614088453738,185.62432847597242,10338
201.02521002303376,185.82007419250408,10339
200.84370585605367,186.0159763115245,10340
200.66163406276613,186.2120268878792,10341
200.47900040041966,186.40821793680365,10342
200.29581070478272,186.60454143436218,10343
200.11207089056617,186.80098931789752,10344
199.9277869518272,186.99755348649717,10345
199.74296496235442,187.1942258014708,10346
199.5576110760334,187.39099808684244,10347
199.37173152719174,187.58786212985584,10348
199.1853326309239,187.78480968149293,10349
198.99842078339458,187.98183245700585,10350
198.81100246212068,188.1789221364626,10351
198.62308422623033,188.37607036530497,10352
198.43467271669977,188.57326875492055,10353
198.24577465656628,188.7705088832274,10354
198.0563968511177,188.96778229527155,10355
197.8665461880569,189.16508050383814,10356
197.67622963764163,189.36239499007405,10357
197.48545425279866,189.559717204125,10358
197.29422716921195,189.75703856578383,10359
197.10255560538405,189.95435046515226,10360
196.91044686267048,190.15164426331484,10361
196.71790832528623,190.3489112930251,10362
196.52494746028464,190.5461428594046,10363
196.33157181750676,190.74333024065305,10364
196.13778902950256,190.94046468877204,10365
195.94360681142152,191.1375374302993,10366
195.74903296087405,191.33453966705554,10367
195.5540753577613,191.53146257690315,10368
195.3587419640749,191.72829731451597,10369
195.1630408236647,191.92503501216098,10370
194.96698006197448,192.1216667804915,10371
194.77056788574575,192.3181837093508,10372
194.5738125826887,192.51457686858802,10373
194.37672252111963,192.7108373088842,10374
194.17930614956538,192.9069560625891,10375
193.9815719963338,193.10292414456978,10376
193.78352866904996,193.29873255306805,10377
193.58518485415752,193.49437227057004,10378
193.3865493163861,193.68983426468475,10379
193.18763089818265,193.88510948903337,10380
192.98843851910823,194.08018888414836,10381
192.78898117519836,194.27506337838224,10382
192.58926793828832,194.46972388882605,10383
192.38930795530234,194.66416132223733,10384
192.18911044750556,194.8583665759772,10385
191.98868470972116,195.0523305389566,10386
191.78804010950986,195.24604409259163,10387
191.58718608631335,195.43949811176736,10388
191.38613215056088,195.63268346581003,10389
191.18488788273925,195.82559101946805,10390
190.98346293242565,196.01821163390096,10391
190.78186701728467,196.210536167676,10392
190.58010992202745,196.40255547777286,10393
190.37820149733483,196.59426042059556,10394
190.17615165874426,196.78564185299214,10395
189.97397038549937,196.9766906332806,10396
189.77166771936396,197.16739762228266,10397
189.56925376339964,197.35775368436333,10398
189.36673868070758,197.54774968847713,10399
189.16413269313438,197.73737650922072,10400
188.96144607994324,197.92662502789085,10401
188.75868917644917,198.11548613354844,10402
188.55587237262014,198.3039507240877,10403
188.35300611164334,198.49200970731036,10404
188.15010088845818,198.67965400200495,10405
187.9471672482547,198.86687453903042,10406
187.74421578494025,199.05366226240386,10407
187.5412571395724,199.24000813039277,10408
187.33830199876044,199.4259031166102,10409
187.13536109303578,199.61133821111386,10410
186.93244519519024,199.79630442150804,10411
186.7295651185855,199.98079277404835,10412
186.5267317154325,200.1647943147487,10413
186.3239558750416,200.3483001104905,10414
186.12124852204505,200.5313012501338,10415
185.91862061459193,200.71378884562924,10416
185.71608314251694,200.895754033132,10417
185.51364712548204,201.07718797411536,10418
185.31132361109567,201.25808185648563,10419
185.1091236730053,201.4384268956963,10420
184.90705840896857,201.6182143358623,10421
184.70513893890148,201.7974354508731,10422
184.5033764029063,201.9760815455052,10423
184.3017819592775,202.15414395653235,10424
184.10036678249077,202.3316140538347,10425
183.89914206117132,202.50848324150488,10426
183.69811899604852,202.68474295895163,10427
183.49730879789,202.86038468200067,10428
183.29672268542546,203.03539992399132,10429
183.09637188325343,203.20978023686962,10430
182.89626761973724,203.38351721227713,10431
182.69642112488864,203.55660248263442,10432
182.4968436282409,203.7290277222199,10433
182.2975463567149,203.9007846482428,10434
182.098540532475,204.07186502190953,10435
181.89983737077856,204.24226064948454,10436
181.70144807782296,204.411963383343,10437
181.50338384858415,204.58096512301705,10438
181.3056558646559,204.74925781623372,10439
181.1082752920862,204.91683345994446,10440
180.91125327921364,205.08368410134605,10441
180.71460095450252,205.2498018388924,10442
180.51832942438853,205.41517882329654,10443
180.32244977111137,205.57980725852252,10444
180.12697305057372,205.74367940276687,10445
179.93191029019607,205.90678756942913,10446
179.73727248675883,206.06912412807034,10447
179.5430706042983,206.23068150536093,10448
179.34931557197905,206.39145218601476,10449
179.15601828197848,206.55142871371177,10450
178.96318958740022,206.71060369200646,10451
178.77084030018824,206.86896978522333,10452
178.57898118906178,207.02651971933827,10453
178.38762297746953,207.1832462828451,10454
178.1967763415512,207.33914232760782,10455
178.00645190812952,207.4942007696971,10456
177.81666025271454,207.64841459021142,10457
177.62741189753262,207.80177683608196,10458
177.43871730957733,207.95428062086134,10459
177.25058689868325,208.10591912549506,10460
177.0630310156244,208.2566855990763,10461
176.87605995023966,208.4065733595826,10462
176.6896839295838,208.55557579459528,10463
176.50391311610684,208.70368636199981,10464
176.31875760586294,208.85089859066838,10465
176.1342274267479,208.99720608112304,10466
175.95033253676866,209.1426025061798,10467
175.7670828223444,209.2870816115732,10468
175.58448809664029,209.43063721656105,10469
175.4025580979347,209.57326321450898,10470
175.22130248802134,209.7149535734549,10471
175.04073085064664,209.8557023366524,10472
174.86085268998247,209.9955036230937,10473
174.68167742913647,210.13435162801136,10474
174.50321440870044,210.27224062335856,10475
174.3254728853354,210.40916495826798,10476
174.1484620303968,210.54511905948917,10477
173.97219092859842,210.68009743180363,10478
173.7966685767175,210.8140946584182,10479
173.621903882339,210.94710540133624,10480
173.4479056626419,211.07912440170617,10481
173.27468264322656,211.2101464801481,10482
173.10224345698458,211.34016653705754,10483
172.9305966430107,211.46917955288666,10484
172.7597506455571,211.59718058840286,10485
172.5897138130313,211.72416478492448,10486
172.4204943970371,211.85012736453385,10487
172.25210055145862,211.97506363026764,10488
172.084540331589,212.09896896628393,10489
171.9178216933019,212.22183883800722,10490
171.7519524922679,212.3436687922498,10491
171.58694048321428,212.46445445731092,10492
171.42279331922924,212.58419154305315,10493
171.25951855111057,212.70287584095607,10494
171.0971236267576,212.82050322414696,10495
170.93561589060806,212.93706964741,10496
170.77500258311838,213.0525711471719,10497
170.61529084028786,213.16700384146637,10498
170.45648769322682,213.2803639298757,10499
170.2986000677679,213.3926476934507,10500
170.14163478412064,213.5038514946089,10501
169.9855985565693,213.61397177701102,10502
169.83049799321296,213.7230050654159,10503
169.67633959574837,213.83094796551435,10504
169.52312975929476,213.93779716374215,10505
169.37087477225992,214.0435494270719,10506
169.21958081624803,214.14820160278438,10507
169.06925396600806,214.25175061822006,10508
168.91990018942266,214.35419348050993,10509
168.77152534753634,214.45552727628706,10510
168.62413519462407,214.55574917137838,10511
168.47773537829784,214.65485641047752,10512
168.3323314396516,214.75284631679864,10513
168.18792881344447,214.84971629171162,10514
168.04453282832046,214.94546381435913,10515
167.90214870706467,215.04008644125582,10516
167.7607815668962,215.13358180586985,10517
167.62043641979503,215.22594761818715,10518
167.48111817286463,215.3171816642589,10519
167.34283162872748,215.40728180573257,10520
167.2055814859545,215.49624597936648,10521
167.0693723395265,215.58407219652915,10522
166.93420868132765,215.67075854268273,10523
166.80009490066982,215.75630317685176,10524
166.6670352848472,215.8407043310771,10525
166.53503401972057,215.92396030985574,10526
166.40409519033017,216.00606948956695,10527
166.27422278153682,216.08703031788477,10528
166.1454206786899,216.16684131317757,10529
166.0176926683222,216.24550106389506,10530
165.89104243887004,216.323008227943,10531
165.76547358141852,216.39936153204636,10532
165.64098959047087,216.4745597711008,10533
165.51759386474083,216.54860180751348,10534
165.3952897079678,216.62148657053328,10535
165.2740803297536,216.69321305557065,10536
165.15396884641976,216.7637803235084,10537
165.03495828188602,216.83318750000228,10538
164.9170515685665,216.90143377477366,10539
164.80025154828581,216.96851840089315,10540
164.6845609732123,217.03444069405643,10541
164.56998250680812,217.09920003185238,10542
164.45651872479573,217.16279585302414,10543
164.34417211613976,217.22522765672326,10544
164.23294508404334,217.28649500175752,10545
164.12283994695852,217.34659750583268,10546
164.0138589396095,217.40553484478886,10547
163.90600421402848,217.46330675183165,10548
163.7992778406029,217.51991301675824,10549
163.6936818091338,217.57535348517945,10550
163.58921802990423,217.62962805773765,10551
163.4858883347567,217.682736689321,10552
163.38369447818027,217.73467938827443,10553
163.28263813840454,217.78545621560812,10554
163.18272091850207,217.83506728420272,10555
163.0839443474967,217.88351275801335,10556
162.98630988147826,217.93079285127098,10557
162.88981890472232,217.97690782768305,10558
162.79447273081527,218.02185799963257,10559
162.70027260378245,218.06564372737682,10560
162.60721969922093,218.1082654182453,10561
162.5153151254343,218.149723525838,10562
162.42455992456996,218.19001854922354,10563
162.33495507375824,218.22915103213828,10564
162.24650148625247,218.2671215621859,10565
162.1592000125696,218.30393077003865,10566
162.0730514416311,218.3395793286396,10567
161.98805650190283,218.374067952407,10568
161.90421586253427,218.40739739644073,10569
161.8215301344964,218.43956845573092,10570
161.73999987171692,218.47058196436927,10571
161.65962557221349,218.50043879476328,10572
161.58040767922373,218.52913985685373,10573
161.50234658233208,218.5566860973353,10574
161.42544261859248,218.5830784988812,10575
161.34969607364687,218.60831807937143,10576
161.2751071828392,218.63240589112527,10577
161.201676132324,218.65534302013808,10578
161.12940306016964,218.67713058532274,10579
161.05828805745597,218.69776973775595,10580
160.98833116936524,218.71726165992925,10581
160.91953239626673,218.73560756500547,10582
160.8518916947947,218.75280869608082,10583
160.7854089789186,218.7688663254518,10584
160.72008412100627,218.7837817538887,10585
160.65591695287878,218.7975563099145,10586
160.59290726685774,218.81019134909027,10587
160.53105481680353,218.82168825330643,10588
160.47035931914547,218.8320484300808,10589
160.41082045390274,218.841273311863,10590
160.3524378656963,218.84936435534573,10591
160.29521116475104,218.85632304078283,10592
160.23913992788894,218.86215087131433,10593
160.1842236995119,218.86684937229876,10594
160.13046199257465,218.87042009065254,10595
160.0778542895477,218.87286459419678,10596
160.02640004336945,218.87418447101163,10597
159.97609867838815,218.87438132879822,10598
159.9269495912929,218.87345679424828,10599
159.87895215203392,218.87141251242136,10600
159.8321057047315,218.86825014613032,10601
159.78640956857424,218.86397137533424,10602
159.7418630387056,218.85857789654006,10603
159.69846538709925,218.85207142221168,10604
159.65621586342306,218.84445368018766,10605
159.61511369589098,218.83572641310712,10606
159.57515809210386,218.82589137784387,10607
159.5363482398781,218.814950344949,10608
159.49868330806217,218.80290509810195,10609
159.462162447342,218.78975743357003,10610
159.42678479103364,218.77550915967646,10611
159.39254945586396,218.7601620962771,10612
159.35945554273968,218.74371807424586,10613
159.32750213750373,218.72617893496852,10614
159.2966883116797,218.7075465298455,10615
159.2670131232038,218.68782271980348,10616
159.2384756171449,218.66700937481554,10617
159.2110748264119,218.64510837343002,10618
159.18480977244923,218.62212160230865,10619
159.15967946591937,218.59805095577315,10620
159.13568290737382,218.5728983353607,10621
159.11281908791113,218.5466656493886,10622
159.0910869898227,218.5193548125275,10623
159.0704855872265,218.4909677453836,10624
159.05101384668808,218.4615063740899,10625
159.03267072782964,218.43097262990625,10626
159.01545518392635,218.39936844882837,10627
158.99936616249076,218.3666957712058,10628
158.9844026058446,218.33295654136882,10629
158.97056345167857,218.29815270726405,10630
158.95784763359984,218.26228622009947,10631
158.94625408166712,218.22535903399793,10632
158.93578172291373,218.1873731056597,10633
158.92642948185866,218.14833039403408,10634
158.9181962810051,218.1082328599998,10635
158.91108104132724,218.06708246605422,10636
158.905082682745,218.0248811760118,10637
158.90020012458623,217.98163095471097,10638
158.8964322860377,217.93733376773017,10639
158.89377808658375,217.8919915811129,10640
158.89223644643275,217.84560636110118,10641
158.8918062869323,217.79818007387817,10642
158.8924865309723,217.74971468531976,10643
158.89427610337597,217.70021216075457,10644
158.89717393127984,217.64967446473298,10645
158.90117894450137,217.5981035608052,10646
158.90629007589513,217.54550141130753,10647
158.9125062616976,217.49186997715802,10648
158.91982644186007,217.43721121766043,10649
158.92824956037023,217.3815270903174,10650
158.93777456556228,217.3248195506516,10651
158.94840041041533,217.26709055203662,10652
158.96012605284093,217.20834204553555,10653
158.97295045595848,217.14857597974913,10654
158.98687258836026,217.08779430067196,10655
159.00189142436423,217.0259989515577,10656
159.01800594425632,216.9631918727929,10657
159.03521513452094,216.89937500177942,10658
159.05351798806103,216.8345502728256,10659
159.07291350440616,216.7687196170459,10660
159.09340068990994,216.70188496226945,10661
159.11497855793658,216.634048232957,10662
159.13764612903591,216.56521135012662,10663
159.16140243110775,216.49537623128782,10664
159.18624649955507,216.42454479038472,10665
159.21217737742637,216.35271893774723,10666
159.23919411554698,216.2799005800515,10667
159.26729577263947,216.2060916202885,10668
159.29648141543333,216.1312939577413,10669
159.32675011876339,216.0555094879712,10670
159.35810096565783,215.9787401028122,10671
159.39053304741503,215.90098769037436,10672
159.42404546366956,215.82225413505552,10673
159.45863732244763,215.74254131756177,10674
159.49430774021135,215.6618511149367,10675
159.53105584189268,215.58018540059896,10676
159.56888076091568,215.49754604438905,10677
159.6077816392091,215.41393491262411,10678
159.64775762720714,215.3293538681618,10679
159.68880788384,215.24380477047296,10680
159.73093157651337,215.15728947572265,10681
159.7741278810771,215.06980983686023,10682
159.818395981783,214.98136770371806,10683
159.86373507123196,214.89196492311888,10684
159.9101443503099,214.8016033389922,10685
159.95762302811312,214.71028479249952,10686
160.0061703218624,214.61801112216796,10687
160.05578545680663,214.52478416403332,10688
160.1064676661149,214.43060575179166,10689
160.15821619075803,214.33547771696004,10690
160.21103027937892,214.23940188904604,10691
160.26490918815185,214.14238009572617,10692
160.3198521806306,214.0444141630338,10693
160.37585852758562,213.94550591555546,10694
160.43292750682983,213.84565717663656,10695
160.4910584030333,213.74486976859657,10696
160.5502505075267,213.6431455129524,10697
160.61050311809333,213.54048623065214,10698
160.6718155387498,213.43689374231718,10699
160.73418707951532,213.33236986849397,10700
160.79761705616968,213.22691642991498,10701
160.8621047899993,213.120535247769,10702
160.9276496075321,213.0132281439811,10703
160.9942508402603,212.90499694150174,10704
161.06190782435206,212.79584346460535,10705
161.1306199003508,212.68576953919876,10706
161.20038641286285,212.574776993139,10707
161.27120671023332,212.46286765656077,10708
161.3430801442097,212.35004336221348,10709
161.41600606959355,212.2363059458085,10710
161.48998384388022,212.12165724637555,10711
161.56501282688583,212.00609910662925,10712
161.64109238036247,211.88963337334584,10713
161.71822186760073,211.77226189774916,10714
161.79640065301982,211.65398653590745,10715
161.875628101745,211.53480914913945,10716
161.95590357917274,211.41473160443118,10717
162.03722645052275,211.29375577486243,10718
162.11959608037736,211.17188354004395,10719
162.20301183220803,211.04911678656424,10720
162.28747306788875,210.92545740844753,10721
162.37297914719645,210.8009073076212,10722
162.45952942729815,210.6754683943944,10723
162.54712326222506,210.54914258794668,10724
162.63576000233292,210.4219318168273,10725
162.72543899374918,210.29383801946517,10726
162.8161595778067,210.16486314468926,10727
162.9079210904634,210.03500915226007,10728
163.00072286170877,209.90427801341113,10729
163.0945642149559,209.77267171140207,10730
163.1894444664202,209.64019224208198,10731
163.2853629244837,209.50684161446364,10732
163.38231888904542,209.37262185130922,10733
163.48031165085754,209.23753498972602,10734
163.57934049084733,209.10158308177407,10735
163.67940467942452,208.96476819508416,10736
163.78050347577468,208.82709241348726,10737
163.88263612713754,208.68855783765474,10738
163.98580186807098,208.54916658575007,10739
164.08999991970066,208.40892079409116,10740
164.19522948895394,208.26782261782455,10741
164.3014897677801,208.1258742316101,10742
164.40877993235517,207.98307783031723,10743
164.5170991422714,207.8394356297324,10744
164.62644653971236,207.69494986727767,10745
164.73682124861276,207.54962280274063,10746
164.8482223738029,207.40345671901528,10747
164.96064900013846,207.25645392285458,10748
165.0741001916142,207.10861674563387,10749
165.1885749904635,206.95994754412544,10750
165.30407241624164,206.8104487012847,10751
165.42059146489447,206.6601226270471,10752
165.53813110781113,206.50897175913622,10753
165.65669029086212,206.35699856388325,10754
165.77626793342117,206.20420553705728,10755
165.89686292737252,206.05059520470647,10756
166.0184741361024,205.89617012401052,10757
166.14110039347537,205.74093288414383,10758
166.26474050279504,205.58488610714934,10759
166.38939323575005,205.42803244882344,10760
166.51505733134417,205.27037459961122,10761
166.64173149481192,205.1119152855123,10762
166.76941439651824,204.95265726899765,10763
166.89810467084394,204.79260334993577,10764
167.02780091505554,204.6317563665301,10765
167.15850168816036,204.47011919626578,10766
167.29020550974738,204.30769475686688,10767
167.4229108588125,204.14448600726328,10768
167.55661617257002,203.98049594856684,10769
167.69131984524947,203.81572762505772,10770
167.8270202268782,203.65018412517952,10771
167.96371562204993,203.48386858254372,10772
168.1014042886793,203.31678417694275,10773
168.24008443674308,203.14893413537237,10774
168.37975422700742,202.98032173306183,10775
168.52041176974245,202.81095029451257,10776
168.66205512342327,202.64082319454513,10777
168.8046822934188,202.46994385935312,10778
168.9482912306676,202.2983157675654,10779
169.09287983034199,202.12594245131464,10780
169.23844593050026,201.95282749731334,10781
169.38498731072713,201.778974547936,10782
169.5325016907634,201.60438730230746,10783
169.68098672912419,201.42906951739732,10784
169.8304400217079,201.25302500911943,10785
169.98085910039416,201.07625765343676,10786
170.1322414316325,200.8987713874709,10787
170.2845844150222,200.72057021061553,10788
170.43788538188352,200.54165818565423,10789
170.5921415938202,200.362039439881,10790
170.74735024127511,200.18171816622444,10791
170.90350844207865,200.00069862437377,10792
171.06061323999012,199.81898514190686,10793
171.21866160323407,199.63658211542023,10794
171.37765042303045,199.45349401165913,10795
171.53757651212086,199.26972536864844,10796
171.6984366032905,199.0852807968233,10797
171.86022734788637,198.90016498015882,10798
172.02294531433373,198.7143826772982,10799
172.1865869866503,198.5279387226791,10800
172.35114876295867,198.3408380276572,10801
172.51662695399975,198.15308558162621,10802
172.68301778164565,197.96468645313408,10803
172.8503173774143,197.775645790994,10804
173.0185217809861,197.58596882539095,10805
173.18762693872378,197.39566086898063,10806
173.35762870219645,197.20472731798264,10807
173.52852282670796,197.0131736532652,10808
173.70030496983176,196.8210054414216,10809
173.87297068995287,196.6282283358372,10810
174.04651544481692,196.43484807774658,10811
174.2209345900886,196.24087049727893,10812
174.3962233779205,196.0463015144925,10813
174.57237695553258,195.85114714039537,10814
174.7493903638042,195.65541347795326,10815
174.92725853587942,195.45910672308213,10816
175.105976295787,195.26223316562564,10817
175.28553835707552,195.0647991903163,10818
175.46593932146715,194.86681127771828,10819
175.64717367752732,194.6682760051529,10820
175.82923579935593,194.46920004760406,10821
176.0121199452982,194.26959017860298,10822
176.19582025667805,194.06945327109227,10823
176.38033075655426,193.86879629826686,10824
176.56564534850258,193.66762633439123,10825
176.75175781542293,193.46595055559277,10826
176.9386618183737,193.2637762406289,10827
177.12635089543662,193.06111077162717,10828
177.31481846061055,192.8579616347982,10829
177.50405780273678,192.65433642111887,10830
177.6940620844588,192.45024282698637,10831
177.88482434121528,192.24568865483985,10832
178.07633748027027,192.04068181375092,10833
178.2685942797801,191.8352303199799,10834
178.46158738789947,191.62934229749783,10835
178.6553093219277,191.42302597847296,10836
178.84975246749906,191.21628970372004,10837
179.04490907781283,191.00914192311183,10838
179.24077127291085,190.8015911959516,10839
179.43733103900075,190.59364619130542,10840
179.63458022783024,190.3853156882931,10841
179.83251055610197,190.1766085763367,10842
180.03111360494506,189.96753385536536,10843
180.23038081946032,189.75810063597592,10844
180.43030350825651,189.5483181395477,10845
180.63087284311973,189.33819569830982,10846
180.8320798586858,189.1277427553621,10847
181.03391545219358,188.91696886464555,10848
181.2363703832902,188.7058836908642,10849
181.4394352738986,188.4944970093553,10850
181.6431006081464,188.282818705908,10851
181.84735673236116,188.0708587765288,10852
182.0521938551287,187.85862732715404,10853
182.25760204741522,187.64613457330665,10854
182.463571242759,187.43339083969843,10855
182.67009123753127,187.22040655977452,10856
182.8771516912646,187.0071922752028,10857
183.08474212705215,186.79375863530262,10858
183.2928519320199,186.58011639641708,10859
183.50147035787035,186.3662764212246,10860
183.71058652150072,186.15224967799043,10861
183.92018940569463,185.9380472397579,10862
184.1302678598904,185.72368028347796,10863
184.3408106010252,185.50916008907703,10864
184.55180621445567,185.2944980384617,10865
184.76324315495634,185.07970561446166,10866
184.97510974779703,184.86479439970904,10867
185.18739418989838,184.6497760754535,10868
185.40008455106658,184.4346624203142,10869
185.6131687753084,184.2194653089674,10870
185.8266346822257,184.0041967107696,10871
186.04046996849044,183.78886868831637,10872
186.2546622094009,183.57349339593677,10873
186.46919886051674,183.35808307812286,10874
186.6840672593769,183.14265006789546,10875
186.89925462729667,182.9272067851045,10876
187.11474807124546,182.7117657346668,10877
187.3305345858053,182.49633950473836,10878
187.54660105520878,182.28094076482307,10879
187.762934255457,182.06558226382054,10880
187.97952085651627,181.85027682800794,10881
188.1963474245935,181.63503735896248,10882
188.4134004244894,181.4198768314187,10883
188.63066622202908,181.20480829107015,10884
188.84813108656846,180.9898448523048,10885
189.0657811935765,180.77499969588538,10886
189.28360262729166,180.5602860665681,10887
189.50158138345134,180.34571727066793,10888
189.71970337209376,180.13130667355634,10889
189.9379544204304,179.91706769714287,10890
190.15632027578783,179.70301381719528,10891
190.37478660861734,179.48915856078426,10892
190.59333901557122,179.27551550349946,10893
190.81196302264317,179.06209826671494,10894
191.0306440883724,178.8489205147796,10895
191.24936760710824,178.63599595216004,10896
191.46811891233406,178.4233383205365,10897
191.68688328004902,178.21096139585646,10898
191.90564593220407,177.99887898534618,10899
192.12439204019176,177.7871049244759,10900
192.34310672838626,177.57565307389453,10901
192.56177507773228,177.36453731631806,10902
192.78038212937994,177.15377155338874,10903
192.9989128883632,176.94336970249813,10904
193.21735232731996,176.73334569357843,10905
193.43568539024997,176.52371346586588,10906
193.65389699630953,176.3144869646361,10907
193.87197204363903,176.10568013791377,10908
194.0898954132211,175.89730693316014,10909
194.30765197276648,175.68938129394022,10910
194.5252265806253,175.48191715657046,10911
194.74260408971952,175.27492844675157,10912
194.95976935149554,175.06842907618625,10913
195.17670721989202,174.86243293918767,10914
195.39340255532179,174.6569539092765,10915
195.60984022866322,174.45200583577366,10916
195.8260051252591,174.24760254038773,10917
196.04188214891988,174.0437578138008,10918
196.25745622592743,173.8404854122565,10919
196.47271230903712,173.63779905414927,10920
196.68763538147473,173.4357124166215,10921
196.90221046092526,173.23423913216783,10922
197.11642260351022,173.0333927852507,10923
197.33025690775108,172.83318690892906,10924
197.54369851851476,172.63363498150304,10925
197.75673263093918,172.43475042317675,10926
197.9693444943352,172.2365465927419,10927
198.18151941606206,172.0390367842845,10928
198.39324276537369,171.84223422391727,10929
198.60449997723228,171.64615206653968,10930
198.81527655608718,171.45080339262861,10931
199.0255580796154,171.25620120506167,10932
199.23533020242112,171.06235842597522,10933
199.44457865969216,170.8692878936598,10934
199.65328927080955,170.6770023594948,10935
199.86144794290854,170.4855144849249,10936
200.06904067438782,170.29483683848014,10937
200.2760535583648,170.104981892842,10938
200.48247278607465,169.91596202195686,10939
200.6882846502099,169.7277894981995,10940
200.8934755481995,169.54047648958874,10941
201.09803198542394,169.35403505705588,10942
201.30194057836508,169.16847715176905,10943
201.50518805768849,168.98381461251486,10944
201.7077612712558,168.800059163138,10945
201.90964718706593,168.61722241004213,10946
202.11083289612276,168.43531583975218,10947
202.3113056152278,168.2543508165402,10948
202.51105268969636,168.07433858011592,10949
202.7100615959953,167.89529024338353,10950
202.90831994430152,167.71721679026535,10951
203.10581548097886,167.54012907359495,10952
203.30253609097332,167.36403781307845,10953
203.4984698001248,167.18895359332782,10954
203.69360477739423,167.01488686196478,10955
203.88792933700537,166.84184792779743,10956
204.08143194050058,166.6698469590699,10957
204.27410119870927,166.4988939817861,10958
204.46592587362898,166.3289988781076,10959
204.65689488021806,166.16017138482684,10960
204.84699728809974,165.9924210919154,10961
205.03622232317716,165.82575744114848,10962
205.22455936915892,165.66018972480558,10963
205.41199796899562,165.4957270844467,10964
205.59852782622588,165.33237850976653,10965
205.78413880623387,165.17015283752366,10966
205.9688209374166,165.00905875054733,10967
206.15256441226228,164.84910477682044,10968
206.3353595883395,164.6902992886386,10969
206.51719698919774,164.53265050184578,10970
206.69806730518002,164.37616647514506,10971
206.87796139414732,164.22085510948574,10972
207.0568702821165,164.06672414752444,10973
207.23478516381147,163.91378117316157,10974
207.4116974031288,163.7620336111509,10975
207.58759853351881,163.61148872678328,10976
207.76248025828232,163.46215362564232,10977
207.93633445078504,163.31403525343197,10978
208.10915315458973,163.16714039587563,10979
208.2809285835076,163.02147567868508,10980
208.4516531215705,162.87704756759842,10981
208.62131932292417,162.733862368487,10982
208.78991991164483,162.59192622752903,10983
208.9574477814799,162.4512451314498,10984
209.1238959955141,162.31182490782672,10985
209.28925778576286,162.17367122545886,10986
209.45352655269406,162.03678959479836,10987
209.6166958646798,161.9011853684445,10988
209.77875945737964,161.76686374169728,10989
209.93971123305704,161.63382975317043,10990
210.09954525983053,161.50208828546187,10991
210.25825577086115,161.37164406588062,10992
210.41583716347785,161.24250166722885,10993
210.57228399824282,161.11466550863705,10994
210.72759099795826,160.9881398564518,10995
210.88175304661576,160.86292882517398,10996
211.03476518829137,160.73903637844637,10997
211.18662262598673,160.6164663300886,10998
211.33732072041886,160.49522234517912,10999
211.48685498876026,160.3753079411812,11000
211.63522110333042,160.25672648911262,11001
211.78241489024197,160.13948121475696,11002
211.9284323280017,160.02357519991503,11003
212.07326954606907,159.90901138369534,11004
212.21692282337406,159.79579256384136,11005
212.3593885867957,159.68392139809455,11006
212.50066340960333,159.57340040559166,11007
212.64074400986237,159.46423196829448,11008
212.77962724880607,159.35641833245072,11009
212.9173101291754,159.2499616100844,11010
213.05378979352864,159.14486378051475,11011
213.18906352252182,159.041126691901,11012
213.32312873316295,158.93875206281302,11013
213.4559829770405,158.83774148382497,11014
213.58762393852817,158.7380964191318,11015
213.718049432968,158.63981820818614,11016
213.84725740483287,158.54290806735457,11017
213.97524592587027,158.44736709159196,11018
214.10201319322866,158.35319625613255,11019
214.22755752756837,158.26039641819588,11020
214.35187737115803,158.1689683187071,11021
214.47497128595845,158.0789125840292,11022
214.59683795169502,157.99022972770734,11023
214.71747616392045,157.9029201522224,11024
214.8368848320687,157.81698415075394,11025
214.9550629775023,157.73242190895016,11026
215.07200973155318,157.64923350670452,11027
215.18772433355963,157.56741891993744,11028
215.30220612889948,157.48697802238215,11029
215.41545456702175,157.40791058737295,11030
215.52746919947697,157.33021628963604,11031
215.63824967794824,157.2538947070803,11032
215.74779575228354,157.17894532258828,11033
215.85610726853076,157.10536752580575,11034
215.96318416697605,157.03316061492887,11035
216.0690264801873,156.962323798488,11036
216.17363433106274,156.89285619712768,11037
216.27700793088664,156.82475684538113,11038
216.37914757739213,156.75802469343904,11039
216.48005365283294,156.69265860891142,11040
216.57972662206382,156.62865737858192,11041
216.67816703063178,156.56601971015363,11042
216.77537550287772,156.50474423398583,11043
216.87135274005,156.44482950482075,11044
216.9660995184306,156.38627400349978,11045
217.05961668747403,156.32907613866828,11046
217.15190516796045,156.2732342484686,11047
217.24296595016284,156.21874660222045,11048
217.33280009202983,156.165611402088,11049
217.42140871738346,156.1138267847335,11050
217.50879301413377,156.06339082295645,11051
217.59495423250974,156.01430152731788,11052
217.67989368330768,155.9665568477496,11053
217.76361273615703,155.92015467514722,11054
217.84611281780474,155.87509284294762,11055
217.92739541041777,155.83136912868912,11056
218.00746204990477,155.7889812555548,11057
218.0863143242571,155.74792689389886,11058
218.1639538719092,155.7082036627543,11059
218.2403823801193,155.66980913132335,11060
218.3156015833703,155.63274082044893,11061
218.3896132617907,155.5969962040677,11062
218.46241923959724,155.56257271064385,11063
218.53402138355744,155.52946772458395,11064
218.6044216014742,155.49767858763195,11065
218.67362184069125,155.4672026002451,11066
218.7416240866205,155.43803702294915,11067
218.80843036129082,155.4101790776743,11068
218.87404272191853,155.3836259490704,11069
218.93846325950034,155.35837478580225,11070
219.00169409742756,155.33442270182388,11071
219.063737390123,155.31176677763264,11072
219.12459532169962,155.2904040615027,11073
219.1842701046414,155.27033157069724,11074
219.24276397850667,155.25154629266052,11075
219.30007920865324,155.23404518618852,11076
219.356218084986,155.21782518257902,11077
219.41118292072656,155.2028831867605,11078
219.4649760512052,155.18921607840025,11079
219.51759983267465,155.17682071299168,11080
219.56905664114615,155.1656939229202,11081
219.61934887124747,155.15583251850884,11082
219.6684789351026,155.14723328904253,11083
219.71644926123375,155.13989300377165,11084
219.76326229348427,155.13380841289504,11085
219.80892048996407,155.1289762485219,11086
219.8534263220159,155.12539322561358,11087
219.8967822732033,155.12305604290424,11088
219.93899083831968,155.12196138380156,11089
219.98005452241836,155.1221059172667,11090
220.019975839864,155.12348629867424,11091
220.05875731340424,155.12609917065183,11092
220.09640147326255,155.12994116389996,11093
220.13291085625093,155.13500889799164,11094
220.16828800490364,155.14129898215248,11095
220.20253546663025,155.1488080160209,11096
220.2356557928894,155.15753259038925,11097
220.26765153838167,155.167469287925,11098
220.2985252602624,155.17861468387343,11099
220.3282795173738,155.19096534674046,11100
220.35691686949616,155.20451783895732,11101
220.3844398766181,155.21926871752612,11102
220.4108510982255,155.23521453464693,11103
220.43615309260915,155.2523518383265,11104
220.46034841619064,155.27067717296867,11105
220.4834396228664,155.290187079947,11106
220.50542926336976,155.310878098159,11107
220.52631988465063,155.33274676456338,11108
220.54611402927276,155.35578961469923,11109
220.5648142348283,155.38000318318805,11110
220.58242303336945,155.40538400421877,11111
220.59894295085687,155.43192861201567,11112
220.61437650662484,155.45963354128952,11113
220.62872621286303,155.48849532767224,11114
220.64199457411394,155.51851050813514,11115
220.6541840867871,155.5496756213908,11116
220.66529723868828,155.58198720827934,11117
220.67533650856498,155.61544181213822,11118
220.6843043656668,155.65003597915694,11119
220.69220326932108,155.68576625871628,11120
220.69903566852372,155.72262920371188,11121
220.7048040015443,155.76062137086308,11122
220.70951069554604,155.7997393210068,11123
220.71315816621998,155.8399796193766,11124
220.71574881743337,155.88133883586758,11125
220.71728504089154,155.92381354528627,11126
220.71776921581426,155.9674003275873,11127
220.7172037086247,156.01209576809538,11128
220.7155908726524,156.0578964577137,11129
220.7129330478489,156.1047989931188,11130
220.70923256051668,156.1527999769423,11131
220.70449172305032,156.20189601793876,11132
220.69871283369068,156.25208373114089,11133
220.69189817629118,156.303359738002,11134
220.6840500200964,156.35572066652534,11135
220.67517061953225,156.40916315138136,11136
220.6652622140086,156.46368383401213,11137
220.65432702773305,156.5192793627239,11138
220.6423672695362,156.57594639276763,11139
220.62938513270853,156.63368158640745,11140
220.61538279484807,156.69248161297747,11141
220.600362417719,156.75234314892737,11142
220.58432614712137,156.81326287785603,11143
220.5672761127713,156.87523749053452,11144
220.54921442819136,156.93826368491779,11145
220.53014319061185,157.00233816614522,11146
220.5100644808817,157.06745764653093,11147
220.48898036338974,157.1336188455429,11148
220.4668928859958,157.20081848977227,11149
220.4438040799714,157.26905331289177,11150
220.41971595995034,157.33832005560419,11151
220.3946305238884,157.4086154655811,11152
220.36854975303265,157.47993629739125,11153
220.34147561189994,157.5522793124195,11154
220.31341004826427,157.62564127877604,11155
220.2843549931534,157.70001897119639,11156
220.25431236085421,157.7754091709315,11157
220.2232840489266,157.8518086656295,11158
220.19127193822638,157.92921424920755,11159
220.15827789293624,158.00762272171517,11160
220.12430376060544,158.08703088918895,11161
220.08935137219768,158.16743556349786,11162
220.0534225421471,158.24883356218103,11163
220.01651906842247,158.33122170827605,11164
219.9786427325993,158.4145968301396,11165
219.93979529993996,158.49895576125982,11166
219.8999785194814,158.5842953400601,11167
219.85919412413085,158.67061240969568,11168
219.81744383076904,158.75790381784194,11169
219.77472934036092,158.84616641647455,11170
219.73105233807397,158.93539706164296,11171
219.68641449340384,159.02559261323563,11172
219.64081746030746,159.11674993473798,11173
219.59426287734308,159.20886589298328,11174
219.5467523678179,159.30193735789604,11175
219.4982875399427,159.39596120222845,11176
219.44886998699334,159.49093430128988,11177
219.39850128747935,159.5868535326696,11178
219.34718300531983,159.68371577595212,11179
219.29491669002564,159.7815179124266,11180
219.2417038768888,159.88025682478946,11181
219.1875460871788,159.9799293968401,11182
219.13244482834503,160.08053251317068,11183
219.07640159422678,160.18206305884954,11184
219.01941786526916,160.28451791909833,11185
218.96149510874596,160.38789397896312,11186
218.90263477898907,160.49218812297926,11187
218.84283831762434,160.59739723483096,11188
218.78210715381394,160.70351819700434,11189
218.72044270450527,160.81054789043526,11190
218.6578463746864,160.91848319415138,11191
218.59431955764742,161.0273209849086,11192
218.52986363524892,161.13705813682222,11193
218.46447997819607,161.2476915209929,11194
218.39816994631974,161.35921800512682,11195
218.3309348888632,161.47163445315144,11196
218.26277614477573,161.5849377248258,11197
218.19369504301216,161.69912467534576,11198
218.12369290283883,161.81419215494466,11199
218.05277103414554,161.93013700848894,11200
217.98093073776414,162.04695607506957,11201
217.90817330579281,162.1646461875884,11202
217.8345000219271,162.28320417234002,11203
217.75991216179676,162.4026268485897,11204
217.68441099330877,162.52291102814667,11205
217.607997776997,162.6440535149334,11206
217.53067376637725,162.76605110455048,11207
217.45244020830944,162.88890058383805,11208
217.373298343365,163.0125987304327,11209
217.29324940620123,163.13714231232103,11210
217.21229462594124,163.26252808738948,11211
217.1304352265604,163.38875280297034,11212
217.04767242727888,163.51581319538434,11213
216.9640074429602,163.64370598948017,11214
216.8794414845163,163.7724278981702,11215
216.79397575931827,163.90197562196354,11216
216.7076114716139,164.03234584849542,11217
216.62034982295077,164.16353525205452,11218
216.53219201260606,164.29554049310642,11219
216.44313923802213,164.4283582178152,11220
216.3531926952485,164.56198505756166,11221
216.26235357939032,164.69641762845984,11222
216.17062308506235,164.83165253087023,11223
216.0780024068498,164.96768634891157,11224
215.9844927397751,165.1045156499698,11225
215.89009527977095,165.2421369842057,11226
215.79481122415967,165.38054688405953,11227
215.69864177213867,165.5197418637552,11228
215.60158812527226,165.65971841880173,11229
215.50365148798966,165.80047302549343,11230
215.4048330680894,165.9420021404092,11231
215.3051340772498,166.08430219990973,11232
215.20455573154578,166.22736961963412,11233
215.10309925197214,166.37120079399526,11234
215.0007658649727,166.51579209567439,11235
214.8975568029762,166.6611398751147,11236
214.7934733049381,166.8072404600148,11237
214.6885166168889,166.95409015482124,11238
214.58268799248862,167.101685240221,11239
214.47598869358754,167.25002197263365,11240
214.3684199907934,167.39909658370348,11241
214.2599831640446,167.54890527979185,11242
214.1506795031899,167.69944424146993,11243
214.04051030857437,167.85070962301134,11244
213.92947689163128,168.00269755188606,11245
213.81758057548075,168.15540412825442,11246
213.70482269553412,168.3088254244626,11247
213.591204600105,168.4629574845387,11248
213.47672765102607,168.61779632369027,11249
213.3613932242725,168.773337927803,11250
213.24520271059114,168.92957825294127,11251
213.1281575161362,169.08651322485034,11252
213.01025906311088,169.24413873846004,11253
212.89150879041495,169.40245065739106,11254
212.77190815429864,169.56144481346323,11255
212.65145862902267,169.72111700620573,11256
212.53016170752377,169.88146300237136,11257
212.4080189020866,170.04247853545147,11258
212.2850317450215,170.20415930519565,11259
212.1612017893482,170.36650097713334,11260
212.03653060948486,170.52949918209967,11261
211.91101980194358,170.69314951576428,11262
211.78467098603127,170.85744753816348,11263
211.65748580455622,171.02238877323717,11264
211.52946592454015,171.18796870836943,11265
211.40061303793627,171.35418279393244,11266
211.27092886235215,171.52102644283718,11267
211.14041514177865,171.68849503008565,11268
211.0090736473235,171.85658389233066,11269
210.87690617795084,172.0252883274391,11270
210.7439145612253,172.19460359406122,11271
210.61010065406148,172.36452491120437,11272
210.4754663434785,172.53504745781368,11273
210.34001354735886,172.7061663723574,11274
210.20374421521288,172.87787675241896,11275
210.06666032894702,173.05017365429484,11276
209.92876390363742,173.22305209259943,11277
209.79005698830716,173.3965070398756,11278
209.65054166670862,173.5705334262131,11279
209.51022005810918,173.7451261388734,11280
209.3690943180817,173.9202800219215,11281
209.22716663929816,174.09598987586648,11282
209.08443925232783,174.27225045730776,11283
208.94091442643824,174.4490564785909,11284
208.79659447040012,174.62640260747054,11285
208.6514817332955,174.80428346678187,11286
208.50557860532842,174.98269363412032,11287
208.35888751863945,175.1616276415305,11288
208.21141094812197,175.34107997520303,11289
208.06315141224152,175.5210450751812,11290
207.9141114738574,175.70151733507706,11291
207.76429374104626,175.88249110179555,11292
207.61370086792778,176.06396067526973,11293
207.4623355554914,176.24592030820645,11294
207.3102005524258,176.42836420583865,11295
207.15729865594798,176.61128652569238,11296
207.0036327126345,176.79468137736083,11297
206.84920561925296,176.9785428222905,11298
206.69402032359383,177.16286487357777,11299
206.53807982530282,177.3476414957771,11300
206.38138717671265,177.53286660471835,11301
206.2239454836751,177.71853406733945,11302
206.06575790639167,177.90463770152462,11303
205.90682766024375,178.0911712759609,11304
205.7471580166214,178.27812851000115,11305
205.5867523037504,178.4655030735431,11306
205.4256139075174,178.65328858691663,11307
205.2637462722931,178.84147862078848,11308
205.10115290175227,179.03006669607325,11309
204.9378373596914,179.21904628386397,11310
204.7738032708425,179.40841080536796,11311
204.60905432168371,179.59815363186624,11312
204.44359426124538,179.78826808467002,11313
204.27742690191212,179.97874743510584,11314
204.11055612021957,180.16958490452308,11315
203.94298585764633,180.36077366426795,11316
203.7747201214,180.5523068357218,11317
203.60576298519698,180.74417749034458,11318
203.43611859003627,180.9363786497107,11319
203.26579114496573,181.12890328557108,11320
203.09478492784126,181.3217443199337,11321
202.92310428607814,181.5148946251529,11322
202.75075363739387,181.7083470240359,11323
202.5777374705424,181.90209428996053,11324
202.40406034603888,182.09612914701165,11325
202.2297268968748,182.2904442701291,11326
202.05474182922313,182.48503228527366,11327
201.87910992313186,182.67988576960477,11328
201.70283603320732,182.87499725167604,11329
201.52592508928484,183.0703592116433,11330
201.34838209708784,183.26596408149067,11331
201.17021213887324,183.4618042452701,11332
200.99142037406438,183.65787203935636,11333
200.81201203986907,183.8541597527187,11334
200.63199245188412,184.05065962720593,11335
200.45136700468385,184.24736385784936,11336
200.27014117239392,184.4442645931802,11337
200.08832050924812,184.64135393556208,11338
199.90591065012913,184.8386239415404,11339
199.72291731109132,185.03606662220642,11340
199.53934628986624,185.23367394357822,11341
199.35520346634902,185.43143782699627,11342
199.170494803066,185.6293501495352,11343
198.98522634562266,185.82740274443216,11344
198.79940422313126,186.02558740152986,11345
198.61303464861723,186.22389586773633,11346
198.4261239194047,186.4223198474995,11347
198.23867841747935,186.6208510032993,11348
198.05070460982887,186.8194809561536,11349
197.86220904876006,187.01820128614162,11350
197.673198372192,187.21700353294204,11351
197.48367930392467,187.41587919638755,11352
197.2936586538825,187.61481973703485,11353
197.1031433183322,187.8138165767502,11354
196.91214028007434,188.0128610993112,11355
196.7206566086079,188.2119446510237,11356
196.5286994602675,188.4110585413545,11357
196.33627607833236,188.61019404357933,11358
196.1433937931067,188.80934239544672,11359
195.95006002197098,189.00849479985706,11360
195.75628226940333,189.20764242555668,11361
195.56206812697044,189.40677640784804,11362
195.36742527328784,189.60588784931383,11363
195.17236147394846,189.80496782055744,11364
194.97688458141945,190.0040073609578,11365
194.78100253490646,190.20299747943878,11366
194.58472336018468,190.4019291552543,11367
194.38805516939672,190.6007933387874,11368
194.19100616081639,190.79958095236398,11369
193.99358461857796,190.9982828910816,11370
193.7957989123703,191.19689002365166,11371
193.5976574970965,191.39539319325667,11372
193.39916891249658,191.59378321842078,11373
193.200341782735,191.79205089389535,11374
193.0011848159511,191.99018699155698,11375
192.80170680377265,192.18818226132035,11376
192.60191662079228,192.38602743206349,11377
192.4018232240064,192.58371321256712,11378
192.20143565221582,192.7812302924672,11379
192.00076302538855,192.97856934321945,11380
191.79981454398413,193.175721019078,11381
191.59859948823893,193.3726759580853,11382
191.3971272174131,193.5694247830756,11383
191.195407168998,193.76595810268955,11384
190.99344885788446,193.9622665124017,11385
190.791261875492,194.15834059555928,11386
190.58885588885806,194.3541709244322,11387
190.38624063968837,194.54974806127524,11388
190.18342594336673,194.74506255940045,11389
189.9804216879264,194.94010496426074,11390
189.77723783298083,195.13486581454416,11391
189.57388440861564,195.32933564327828,11392
189.3703715142404,195.52350497894463,11393
189.16670931740185,195.7173643466029,11394
188.9629080525573,195.91090426902477,11395
188.75897801980923,196.1041152678369,11396
188.55492958360105,196.29698786467276,11397
188.35077317137416,196.48951258233282,11398
188.14651927218725,196.6816799459538,11399
187.94217843529665,196.8734804841848,11400
187.73776126870007,197.0649047303722,11401
187.53327843764237,197.25594322375093,11402
187.32874066308486,197.4465865106433,11403
187.12415872013804,197.63682514566412,11404
186.9195434364588,197.82664969293245,11405
186.71490569061206,198.01605072728876,11406
186.51025641039732,198.20501883551796,11407
186.30560657114157,198.39354461757736,11408
186.10096719395867,198.58161868782972,11409
185.89634934397506,198.7692316762801,11410
185.69176412852465,198.95637422981727,11411
185.4872226953109,199.14303701345813,11412
185.2827362305394,199.32921071159564,11413
185.0783159570197,199.514886029249,11414
184.87397313223937,199.7000536933168,11415
184.66971904640812,199.88470445383103,11416
184.4655650204769,200.06882908521345,11417
184.26152240412893,200.25241838753183,11418
184.05760257374723,200.4354631877578,11419
183.85381693035566,200.61795434102345,11420
183.65017689753898,200.7998827318785,11421
183.44669391933965,200.98123927554585,11422
183.24337945813318,201.16201491917593,11423
183.04024499248524,201.34220064309886,11424
182.83730201498784,201.52178746207449,11425
182.63456203007865,201.70076642653916,11426
182.4320365518462,201.8791286238493,11427
182.22973710181603,202.05686517952074,11428
182.0276752067252,202.23396725846385,11429
181.82586239628415,202.41042606621338,11430
181.6243102009265,202.58623285015292,11431
181.42303014955004,202.76137890073335,11432
181.2220337672453,202.93585555268456,11433
181.02133257302216,203.1096541862201,11434
180.82093807752727,203.2827662282344,11435
180.62086178075398,203.45518315349145,11436
180.42111516975734,203.6268964858049,11437
180.22170971635637,203.79789779920918,11438
180.02265687484012,203.9681787191204,11439
179.8239680796968,204.13773092348725,11440
179.62565474327968,204.30654614393094,11441
179.42772825356545,204.47461616687363,11442
179.23019997184673,204.64193283465542,11443
179.03308123047242,204.80848804663816,11444
178.8363833305693,204.97427376029717,11445
178.64011753978875,205.1392819922987,11446
178.4442950900626,205.30350481956378,11447
178.24892717536238,205.4669343803178,11448
178.0540249494828,205.62956287512444,11449
177.85959952383092,205.79138256790475,11450
177.66566196523817,205.95238578693983,11451
177.47222329378587,206.11256492585719,11452
177.27929448065038,206.27191244460005,11453
177.08688644596967,206.4304208703793,11454
176.89501005672906,206.5880827986075,11455
176.70367612467257,206.74489089381464,11456
176.51289540423548,206.90083789054486,11457
176.3226785905028,207.05591659423433,11458
176.13303631719614,207.21011988206894,11459
175.9439791546844,207.36344070382253,11460
175.7555176080274,207.51587208267424,11461
175.56766211504586,207.66740711600505,11462
175.3804230444247,207.8180389761733,11463
175.19381069384696,207.96776091126853,11464
175.00783528816186,208.11656624584305,11465
174.82250697758622,208.26444838162183,11466
174.6378358359416,208.41140079818913,11467
174.45383185892692,208.5574170536529,11468
174.27050496242856,208.70249078528533,11469
174.08786498086772,208.84661571014018,11470
173.90592166558696,208.98978562564668,11471
173.72468468327648,209.13199441017863,11472
173.5441636144392,209.2732360236003,11473
173.36436795189917,209.41350450778683,11474
173.18530709934876,209.55279398712082,11475
173.00699036994112,209.69109866896358,11476
172.82942698492317,209.82841284410165,11477
172.65262607231364,209.964730887168,11478
172.47659666562404,210.10004725703809,11479
172.30134770262495,210.23435649720048,11480
172.12688802415664,210.3676532361019,11481
171.95322637298528,210.49993218746675,11482
171.78037139270532,210.6311881505913,11483
171.6083316266867,210.7614160106114,11484
171.4371155170698,210.89061073874566,11485
171.26673140380575,211.01876739251168,11486
171.0971875237441,211.1458811159175,11487
170.92849200976755,211.271947139627,11488
170.76065288997273,211.39696078109964,11489
170.59367808689947,211.52091744470465,11490
170.4275754168059,211.6438126218098,11491
170.26235258899155,211.76564189084468,11492
170.0980172051672,211.88640091733862,11493
169.93457675887146,212.00608545393374,11494
169.77203863493483,212.12469134037246,11495
169.61041010899012,212.24221450346067,11496
169.4496983470293,212.3586509570058,11497
169.28991040500696,212.47399680173066,11498
169.13105322848966,212.5882482251628,11499
168.9731336523512,212.70140150149976,11500
168.81615840051296,212.8134529914507,11501
168.66013408572962,212.9243991420543,11502
168.5050672094197,213.0342364864732,11503
168.35096416153968,213.14296164376546,11504
168.19783122050276,213.2505713186336,11505
168.0456745531402,213.35706230115045,11506
167.89450021470626,213.4624314664635,11507
167.7443141489245,213.56667577447703,11508
167.5951221880766,213.66979226951307,11509
167.44693005313187,213.77177807995076,11510
167.29974335391722,213.87263041784553,11511
167.1535675893276,213.97234657852727,11512
167.00840814757473,214.07092394017877,11513
166.86427030647542,214.16835996339466,11514
166.72115923377697,214.2646521907205,11515
166.57907998752017,214.35979824617388,11516
166.43803751643847,214.45379583474627,11517
166.2980366603931,214.54664274188738,11518
166.159082150843,214.63833683297167,11519
166.02117861134886,214.72887605274775,11520
165.88433055811043,214.81825842477122,11521
165.74854240053693,214.90648205082096,11522
165.61381844184845,214.99354511029972,11523
165.48016287970907,215.07944585961934,11524
165.34757980688963,215.1641826315712,11525
165.21607321195984,215.2477538346818,11526
165.08564698000922,215.33015795255469,11527
164.9563048933951,215.4113935431987,11528
164.82805063251783,215.49145923834342,11529
164.70088777662184,215.57035374274142,11530
164.57481980462154,215.64807583345893,11531
164.44985009595152,215.72462435915472,11532
164.32598193144045,215.79999823934776,11533
164.2032184942067,215.87419646367397,11534
164.08156287057665,215.94721809113295,11535
163.96101805102245,216.0190622493251,11536
163.8415869311211,216.0897281336788,11537
163.72327231253163,216.15921500666957,11538
163.60607690399098,216.22752219703005,11539
163.4900033223268,216.29464909895287,11540
163.37505409348756,216.3605951712852,11541
163.26123165358766,216.42535993671697,11542
163.14853834996782,216.4889429809624,11543
163.03697644226946,216.55134395193502,11544
162.92654810352235,216.6125625589177,11545
162.81725542124482,216.67259857172678,11546
162.70910039855553,216.73145181987206,11547
162.6020849552963,216.78912219171195,11548
162.49621092916485,216.84560963360482,11549
162.39148007685736,216.90091414905723,11550
162.287894075219,216.95503579786842,11551
162.185454522403,217.00797469527262,11552
162.08416293903656,217.05973101107904,11553
161.98402076939314,217.1103049688096,11554
161.88502938257074,217.15969684483576,11555
161.787190073675,217.20790696751382,11556
161.69050406500702,217.25493571631958,11557
161.59497250725448,217.3007835209829,11558
161.50059648068606,217.34545086062178,11559
161.40737699634815,217.38893826287753,11560
161.31531499726387,217.43124630304996,11561
161.22441135963228,217.47237560323404,11562
161.13466689402935,217.5123268314579,11563
161.04608234660807,217.55110070082242,11564
160.95865840029848,217.58869796864326,11565
160.87239567600645,217.6251194355946,11566
160.78729473381063,217.66036594485635,11567
160.70335607415774,217.6944383812637,11568
160.62058013905465,217.72733767046017,11569
160.53896731325773,217.7590647780544,11570
160.45851792545804,217.7896207087804,11571
160.3792322494629,217.81900650566214,11572
160.30111050537246,217.84722324918246,11573
160.22415286075204,217.87427205645665,11574
160.14835943179776,217.90015408041057,11575
160.07373028449734,217.92487050896435,11576
160.0002654357844,217.94842256422098,11577
159.92796485468614,217.97081150166088,11578
159.85682846346361,217.9920386093416,11579
159.78685613874546,218.0121052071043,11580
159.71804771265298,218.0310126457857,11581
159.65040297391818,218.0487623064368,11582
159.58392166899267,218.06535559954807,11583
159.51860350314817,218.08079396428127,11584
159.4544481415684,218.0950788677084,11585
159.39145521043122,218.10821180405733,11586
159.32962429798175,218.12019429396528,11587
159.26895495559538,218.13102788373902,11588
159.20944669883124,218.14071414462316,11589
159.151099008475,218.1492546720756,11590
159.09391133157146,218.15665108505144,11591
159.03788308244668,218.16290502529415,11592
158.9830136437188,218.16801815663513,11593
158.92930236729853,218.17199216430163,11594
158.8767485753777,218.17482875423255,11595
158.82535156140707,218.1765296524028,11596
158.77511059106212,218.17709660415633,11597
158.72602490319775,218.17653137354745,11598
158.67809371079065,218.17483574269096,11599
158.63131620187,218.17201151112099,11600
158.58569154043613,218.16806049515873,11601
158.54121886736695,218.162984527289,11602
158.49789730131224,218.15678545554582,11603
158.4557259395756,218.1494651429068,11604
158.41470385898373,218.1410254666971,11605
158.37483011674354,218.131468318002,11606
158.33610375128654,218.12079560108893,11607
158.29852378310053,218.10900923283876,11608
158.26208921554874,218.09611114218626,11609
158.226799035676,218.08210326956979,11610
158.1926522150027,218.0669875663907,11611
158.1596477103051,218.05076599448162,11612
158.1277844643834,218.03344052558444,11613
158.09706140681692,218.01501314083777,11614
158.0674774547061,217.99548583027368,11615
158.0390315134018,217.97486059232386,11616
158.0117224772217,217.95313943333554,11617
157.98554923015385,217.9303243670965,11618
157.9605106465469,217.90641741436994,11619
157.9366055917883,217.88142060243865,11620
157.9138329229686,217.85533596465874,11621
157.89219148953356,217.82816554002272,11622
157.8716801339233,217.79991137273248,11623
157.85229769219836,217.77057551178117,11624
157.83404299465332,217.7401600105452,11625
157.81691486641722,217.7086669263854,11626
157.80091212804174,217.6760983202575,11627
157.7860335960762,217.64245625633234,11628
157.7722780836303,217.60774280162556,11629
157.7596444009238,217.57196002563657,11630
157.748131355824,217.53510999999688,11631
157.73773775437047,217.4971947981281,11632
157.72846240128737,217.4582164949092,11633
157.7203041004832,217.41817716635282,11634
157.7132616555383,217.37707888929162,11635
157.70733387017984,217.33492374107337,11636
157.70251954874473,217.29171379926547,11637
157.6988174966299,217.24745114136905,11638
157.69622652073093,217.20213784454182,11639
157.694745429868,217.1557759853308,11640
157.69437303520004,217.10836763941361,11641
157.69510815062696,217.05991488134953,11642
157.69694959317954,217.01041978433923,11643
157.69989618339773,216.95988441999398,11644
157.70394674569692,216.90831085811405,11645
157.70910010872248,216.85570116647574,11646
157.71535510569248,216.802057410628,11647
157.7227105747289,216.74738165369797,11648
157.73116535917674,216.69167595620507,11649
157.74071830791223,216.63494237588498,11650
157.75136827563884,216.57718296752176,11651
157.76311412317233,216.51839978278957,11652
157.77595471771397,216.45859487010267,11653
157.78988893311268,216.3977702744751,11654
157.80491565011567,216.3359280373886,11655
157.82103375660796,216.27307019666978,11656
157.83824214784036,216.209198786376,11657
157.85653972664673,216.14431583669005,11658
157.87592540364972,216.0784233738239,11659
157.89639809745552,216.0115234199309,11660
157.91795673483765,215.943617993027,11661
157.94060025090977,215.87470910692073,11662
157.96432758928722,215.80479877115178,11663
157.98913770223797,215.73388899093842,11664
158.01502955082248,215.66198176713388,11665
158.04200210502287,215.589079096191,11666
158.07005434386085,215.51518297013584,11667
158.0991852555054,215.4402953765502,11668
158.12939383736926,215.36441829856247,11669
158.1606790961948,215.2875537148471,11670
158.19304004812918,215.20970359963349,11671
158.22647571878875,215.1308699227225,11672
158.26098514331287,215.05105464951262,11673
158.2965673664068,214.9702597410341,11674
158.3332214423743,214.88848715399217,11675
158.3709464351391,214.80573884081883,11676
158.4097414182563,214.7220167497332,11677
158.44960547491254,214.63732282481084,11678
158.49053769791615,214.55165900606147,11679
158.532537189676,214.46502722951553,11680
158.57560306217025,214.37742942731953,11681
158.6197344369043,214.2888675278399,11682
158.66493044485813,214.19934345577596,11683
158.71119022642262,214.108859132281,11684
158.75851293132584,214.017416475093,11685
158.80689771854827,213.9250173986731,11686
158.85634375622737,213.83166381435393,11687
158.90685022155137,213.7373576304958,11688
158.95841630064265,213.6421007526525,11689
159.01104118842997,213.54589508374542,11690
159.06472408851008,213.44874252424677,11691
159.11946421299862,213.35064497237178,11692
159.17526078236997,213.25160432427955,11693
159.2321130252863,213.15162247428339,11694
159.29002017841594,213.05070131506935,11695
159.34898148624012,212.94884273792454,11696
159.40899620084969,212.84604863297423,11697
159.4700635817298,212.74232088942767,11698
159.53218289553416,212.63766139583362,11699
159.59535341584788,212.5320720403445,11700
159.65957442293927,212.42555471099038,11701
159.72484520350008,212.3181112959613,11702
159.79116505037476,212.2097436838997,11703
159.85853326227817,212.10045376420157,11704
159.92694914350204,211.99024342732727,11705
159.99641200360963,211.87911456512165,11706
160.0669211571191,211.7670690711435,11707
160.13847592317518,211.65410884100444,11708
160.2110756252089,211.54023577271766,11709
160.28471959058612,211.4254517670558,11710
160.35940715024367,211.30975872791848,11711
160.43513763831368,211.19315856270998,11712
160.51191039173597,211.07565318272574,11713
160.5897247498587,210.9572445035495,11714
160.66858005402622,210.83793444545944,11715
160.74847564715492,210.71772493384483,11716
160.82941087329723,210.59661789963195,11717
160.91138507719248,210.4746152797205,11718
160.99439760380557,210.35171901742947,11719
161.07844779785327,210.22793106295347,11720
161.16353500331755,210.1032533738287,11721
161.24965856294622,209.9776879154094,11722
161.33681781774087,209.85123666135428,11723
161.42501210643144,209.72390159412322,11724
161.51424076493845,209.5956847054841,11725
161.6045031258213,209.46658799703008,11726
161.6957985177142,209.33661348070706,11727
161.7881262647479,209.20576317935166,11728
161.88148568595864,209.07403912723964,11729
161.9758760946837,208.94144337064463,11730
162.0712967979427,208.80797796840724,11731
162.1677470958057,208.6736449925154,11732
162.2652262807476,208.53844652869427,11733
162.36373363698857,208.40238467700738,11734
162.46326843982018,208.2654615524686,11735
162.56382995491825,208.12767928566407,11736
162.66541743764103,207.98904002338537,11737
162.7680301323131,207.84954592927343,11738
162.87166727149565,207.70919918447257,11739
162.9763280752416,207.5680019882963,11740
163.0820117503369,207.42595655890278,11741
163.18871748952714,207.28306513398206,11742
163.2964444707293,207.1393299714534,11743
163.40519185622944,206.9947533501739,11744
163.51495879186515,206.8493375706574,11745
163.62574440619358,206.7030849558049,11746
163.73754780964424,206.55599785164503,11747
163.85036809365783,206.40807862808586,11748
163.9642043298089,206.25932967967708,11749
164.0790555689146,206.10975342638335,11750
164.19492084012788,205.95935231436803,11751
164.31179915001576,205.8081288167877,11752
164.42968948162297,205.65608543459746,11753
164.54859079351965,205.50322469736665,11754
164.6685020188349,205.3495491641054,11755
164.7894220642746,205.19506142410137,11756
164.91134980912463,205.03976409776715,11757
165.03428410423848,204.8836598374981,11758
165.15822377101034,204.7267513285403,11759
165.28316760033277,204.56904128986886,11760
165.40911435153942,204.4105324750764,11761
165.53606275133325,204.2512276732714,11762
165.66401149269925,204.09112970998655,11763
165.7929592338025,203.93024144809718,11764
165.92290459687166,203.76856578874887,11765
166.05384616706783,203.606105672295,11766
166.1857824913384,203.44286407924366,11767
166.31871207725675,203.2788440312137,11768
166.45263339184766,203.11404859189986,11769
166.58754486039828,202.94848086804723,11770
166.72344486525512,202.7821440104336,11771
166.86033174460715,202.61504121486144,11772
166.9982037912551,202.44717572315724,11773
167.13705925136716,202.27855082417975,11774
167.27689632322148,202.1091698548354,11775
167.41771315593533,201.93903620110206,11776
167.55950784818134,201.76815329905955,11777
167.70227844689143,201.59652463592806,11778
167.8460229459478,201.42415375111244,11779
167.99073928486223,201.25104423725398,11780
168.13642534744332,201.07719974128784,11781
168.28307896045214,200.90262396550668,11782
168.4306978922472,200.72732066862966,11783
168.57927985141794,200.5512936668772,11784
168.7288224854082,200.37454683504993,11785
168.8793233791297,200.19708410761245,11786
169.03078005356528,200.01890947978163,11787
169.18318996436375,199.84002700861765,11788
169.33655050042537,199.66044081411937,11789
169.49085898247938,199.4801550803217,11790
169.64611266165352,199.29917405639586,11791
169.8023087180365,199.11750205775107,11792
169.95944425923346,198.93514346713832,11793
170.11751631891576,198.75210273575436,11794
170.27652185536462,198.56838438434636,11795
170.43645775001008,198.38399300431644,11796
170.59732080596586,198.1989332588254,11797
170.7591077465601,198.01320988389526,11798
170.92181521386348,197.8268276895093,11799
171.08543976721472,197.63979156071073,11800
171.249977881745,197.45210645869716,11801
171.4154259469012,197.26377742191167,11802
171.58178026496947,197.07480956712942,11803
171.74903704959905,196.88520809053918,11804
171.91719242432848,196.69497826881883,11805
172.08624242111395,196.5041254602043,11806
172.25618297886066,196.31265510555158,11807
172.42700994195923,196.1205727293899,11808
172.59871905882687,195.92788394096684,11809
172.77130598045503,195.73459443528333,11810
172.94476625896365,195.54070999411854,11811
173.11909534616464,195.3462364870431,11812
173.29428859213337,195.15117987242047,11813
173.4703412437917,194.95554619839552,11814
173.64724844350144,194.75934160386868,11815
173.82500522767094,194.56257231945582,11816
174.00360652537486,194.3652446684326,11817
174.18304715698912,194.1673650676617,11818
174.36332183284176,193.9689400285029,11819
174.54442515188106,193.76997615770466,11820
174.72635160036123,193.57048015827638,11821
174.9090955505499,193.37045883033983,11822
175.0926512594539,193.16991907195958,11823
175.27701286756962,192.96886787995086,11824
175.46217439765502,192.76731235066416,11825
175.64812975352802,192.565259680745,11826
175.83487271889067,192.36271716786828,11827
176.02239695618013,192.15969221144684,11828
176.21069600544982,191.95619231331113,11829
176.39976328328066,191.7522250783613,11830
176.58959208172334,191.54779821518883,11831
176.78017556727434,191.34291953666815,11832
176.971506779887,191.13759696051537,11833
177.16357863201884,190.93183850981487,11834
177.3563839077141,190.72565231351143,11835
177.54991526172907,190.51904660686733,11836
177.74416521869443,190.31202973188311,11837
177.93912617232183,190.10461013768116,11838
178.13479038465223,189.8967963808509,11839
178.33114998535072,189.68859712575414,11840
178.52819697104633,189.4800211447905,11841
178.7259232047199,189.2710773186205,11842
178.92432041514135,189.0617746363466,11843
179.1233801963599,188.85212219564988,11844
179.3230940072401,188.64212920288253,11845
179.52345317105977,188.43180497311428,11846
179.7244488751555,188.22115893013157,11847
179.9260721706345,188.01020060638965,11848
180.12831397211355,187.79893964291563,11849
180.3311650575931,187.5873857891609,11850
180.53461606827713,187.37554890280458,11851
180.73865750856112,187.16343894950364,11852
180.94327974602194,186.95106600259143,11853
181.14847301149302,186.73844024272213,11854
181.35422739920398,186.5255719574623,11855
181.5605328669814,186.31247154082533,11856
181.767379236524,186.0991494927518,11857
181.9747561937416,185.88561641853255,11858
182.18265328916826,185.67188302817414,11859
182.39105993844348,185.45796013570697,11860
182.59996542286842,185.2438586584344,11861
182.80935889003254,185.02958961612225,11862
183.01922935451628,184.8151641301297,11863
183.22956569866753,184.6005934224779,11864
183.44035667345378,184.38588881486064,11865
183.65159089939158,184.17106172759014,11866
183.86325686755129,183.95612367848517,11867
184.07534294064084,183.7410862816935,11868
184.28783735416698,183.52596124645532,11869
184.50072821767606,183.31076037580223,11870
184.71400351607167,183.09549556519403,11871
184.92765111101428,182.88017880109345,11872
185.14165874239816,182.66482215947758,11873
185.35601402990974,182.4494378042864,11874
185.5707044746647,182.2340379858088,11875
185.78571746092553,182.01863503900643,11876
186.00104025789815,181.80324138177363,11877
186.2166600216094,181.5878695131374,11878
186.43256379686278,181.37253201139458,11879
186.64873851927388,181.15724153218667,11880
186.8651710173844,180.9420108065131,11881
187.08184801485442,180.72685263868698,11882
187.2987561327323,180.51177990422948,11883
187.51588189180163,180.29680554770422,11884
187.73321171500456,180.08194258048684,11885
187.9507319299397,179.8672040785064,11886
188.1684287714362,179.6526031798587,11887
188.38628838419916,179.43815308246977,11888
188.60429682552925,179.22386704160724,11889
188.8224400681123,179.00975836738658,11890
189.04070400287927,178.79584042221606,11891
189.25907444193442,178.58212661818686,11892
189.4775371215509,178.36863041441302,11893
189.696077705231,178.15536531432434,11894
189.91468178683107,177.94234486290816,11895
190.13333489374813,177.7295826439099,11896
190.35202249016663,177.51709227698245,11897
190.57072998036364,177.30488741479715,11898
190.78944271207058,177.09298174011104,11899
191.00814597988918,176.88138896279463,11900
191.22682502875946,176.6701228168205,11901
191.44546505747815,176.45919705721764,11902
191.6640512222642,176.2486254569888,11903
191.88256864037,176.0384218039966,11904
192.1010023937357,175.82859989781878,11905
192.3193375326835,175.61917354657416,11906
192.5375590796501,175.4101565637228,11907
192.75565203295452,175.2015627648414,11908
192.97360137059826,174.9934059643755,11909
193.19139205409564,174.78569997237287,11910
193.4090090323311,174.57845859119752,11911
193.62643724544088,174.37169561222927,11912
193.84366162871626,174.1654248125485,11913
194.06066711652522,173.95965995161106,11914
194.2774386462499,173.75441476791335,11915
194.49396116223676,173.5497029756515,11916
194.71021961975637,173.3455382613765,11917
194.9261989889703,173.14193428064664,11918
195.1418842589008,172.93890465468252,11919
195.35726044140267,172.7364629670232,11920
195.57231257513098,172.53462276018934,11921
195.7870257295052,172.33339753235308,11922
196.0013850086632,172.13280073401992,11923
196.21537555540513,171.93284576472115,11924
196.4289825551219,171.73354596972396,11925
196.6421912397065,171.53491463675687,11926
196.85498689144467,171.33696499275723,11927
197.06735484688195,171.1397102006393,11928
197.27928050066464,170.94316335608806,11929
197.4907493093506,170.74733748438,11930
197.7017467951886,170.552245537233,11931
197.91225854986178,170.35790038968779,11932
198.12227023819358,170.16431483702357,11933
198.33176760181266,169.97150159170945,11934
198.54073646277462,169.7794732803944,11935
198.74916272713727,169.58824244093708,11936
198.9570323884873,169.39782151947864,11937
199.16433153141577,169.20822286755973,11938
199.37104633493956,169.01945873928398,11939
199.57716307586693,168.83154128852996,11940
199.7826681321043,168.64448256621338,11941
199.98754798590224,168.4582945176015,11942
200.19178922703856,168.27298897968103,11943
200.39537855593613,168.0885776785823,11944
200.5983027867137,167.90507222705995,11945
200.80054885016727,167.72248412203265,11946
201.00210379668096,167.54082474218347,11947
201.2029547990643,167.3601053456214,11948
201.40308915531605,167.1803370676064,11949
201.602494291311,167.00153091833857,11950
201.80115776340983,166.8236977808135,11951
201.9990672609894,166.64684840874358,11952
202.19621060889335,166.47099342454797,11953
202.39257576980046,166.29614331741104,11954
202.58815084651073,166.12230844141067,11955
202.7829240841476,165.9494990137172,11956
202.97688387227547,165.77772511286432,11957
203.17001874693187,165.60699667709088,11958
203.36231739257295,165.43732350275695,11959
203.55376864393253,165.26871524283223,11960
203.7443614877934,165.10118140545848,11961
203.93408506467105,164.93473135258606,11962
204.12292867040833,164.76937429868525,11963
204.31088175768278,164.60511930953186,11964
204.49793393742405,164.44197530106797,11965
204.6840749801434,164.27995103833783,11966
204.86929481717385,164.11905513449813,11967
205.05358354182215,163.9592960499039,11968
205.23693141043194,163.80068209126878,11969
205.41932884335864,163.6432214109001,11970
205.60076642585693,163.48692200600803,11971
205.78123490888044,163.33179171808908,11972
205.96072520979473,163.1778382323829,11973
206.13922841300402,163.02506907740224,11974
206.31673577049227,162.8734916245357,11975
206.49323870227968,162.72311308772228,11976
206.6687287967948,162.57394052319734,11977
206.84319781116403,162.4259808293089,11978
207.01663767141858,162.2792407464044,11979
207.1890404726206,162.13372685678604,11980
207.36039847890936,161.9894455847342,11981
207.5307041234683,161.84640319659854,11982
207.69995000841465,161.7046058009549,11983
207.86812890461286,161.56405934882775,11984
208.03523375141253,161.4247696339767,11985
208.2012576563131,161.28674229324594,11986
208.36619389455595,161.14998280697577,11987
208.53003590864577,161.0144964994751,11988
208.69277730780271,160.88028853955288,11989
208.85441186734658,160.74736394110838,11990
209.01493352801458,160.61572756377805,11991
209.17433639521516,160.48538411363845,11992
209.3326147382177,160.35633814396303,11993
209.4897629892819,160.22859405603242,11994
209.64577574272678,160.1021560999959,11995
209.80064775394192,159.9770283757835,11996
209.95437393834212,159.85321483406628,11997
210.10694937026815,159.73071927726457,11998
210.25836928183384,159.6095453606016,11999
210.40862906172265,159.48969659320196,12000
210.5577242539346,159.37117633923287,12001
210.70565055648578,159.25398781908672,12002
210.85240382006222,159.1381341106038,12003
210.99798004662935,159.02361815033373,12004
211.14237538799946,158.91044273483342,12005
211.28558614435872,158.79861052200104,12006
211.42760876275523,158.68812403244374,12007
211.56843983555038,158.57898565087788,12008
211.70807609883468,158.47119762756057,12009
211.84651443081037,158.3647620797506,12010
211.98375185014203,158.25968099319763,12011
212.11978551427734,158.15595622365782,12012
212.25461271773918,158.05358949843497,12013
212.38823089039133,157.95258241794525,12014
212.52063759567878,157.85293645730428,12015
212.65183052884504,157.75465296793533,12016
212.78180751512724,157.65773317919684,12017
212.9105665079313,157.56217820002837,12018
213.0381055869883,157.4679890206131,12019
213.16442295649384,157.3751665140562,12020
213.28951694323175,157.28371143807692,12021
213.41338599468372,157.19362443671386,12022
213.5360286771264,157.10490604204182,12023
213.657443673717,157.0175566758988,12024
213.7776297825696,156.93157665162215,12025
213.89658591482225,156.846966175793,12026
214.01431109269814,156.7637253499867,12027
214.13080444755965,156.68185417252943,12028
214.24606521795903,156.60135254025906,12029
214.36009274768517,156.5222202502891,12030
214.47288648380882,156.44445700177516,12031
214.5844459747265,156.36806239768234,12032
214.69477086820507,156.29303594655298,12033
214.80386090942758,156.21937706427363,12034
214.91171593904184,156.14708507583958,12035
215.01833589121222,156.07615921711746,12036
215.12372079167633,156.00659863660346,12037
215.2278707558072,155.93840239717727,12038
215.33078598668197,155.87156947785053,12039
215.4324667731581,155.80609877550867,12040
215.53291348795773,155.7419891066463,12041
215.63212658576168,155.6792392090938,12042
215.73010660131294,155.617847743736,12043
215.82685414753132,155.5578132962212,12044
215.92236991363953,155.49913437865985,12045
216.01665466330175,155.4418094313128,12046
216.1097092327751,155.38583682426807,12047
216.2015345290745,155.33121485910524,12048
216.2921315281525,155.2779417705477,12049
216.3815012730933,155.22601572810134,12050
216.4696448723228,155.1754348376794,12051
216.55656349783433,155.12619714321332,12052
216.64225838343134,155.0783006282486,12053
216.7267308229867,155.0317432175253,12054
216.80998216871978,154.98652277854322,12055
216.8920138294916,154.9426371231103,12056
216.9728272691179,154.90008400887524,12057
217.05242400470158,154.85886114084235,12058
217.13080560498383,154.81896617286978,12059
217.20797368871482,154.78039670914995,12060
217.28392992304407,154.7431503056717,12061
217.3586760219313,154.7072244716645,12062
217.4322137445769,154.67261667102437,12063
217.50454489387369,154.63932432372042,12064
217.57567131487897,154.60734480718278,12065
217.64559489330787,154.57667545767126,12066
217.71431755404754,154.54731357162467,12067
217.7818412596932,154.51925640699014,12068
217.848168009105,154.4925011845331,12069
217.91329983598717,154.46704508912705,12070
217.97723880748833,154.44288527102367,12071
218.03998702282408,154.42001884710197,12072
218.10154661192072,154.39844290209822,12073
218.1619197340821,154.37815448981468,12074
218.22110857667698,154.35915063430826,12075
218.27911535384968,154.34142833105872,12076
218.33594230525193,154.32498454811616,12077
218.39159169479692,154.30981622722817,12078
218.4460658094355,154.29592028494636,12079
218.49936695795424,154.28329361371212,12080
218.55149746979515,154.27193308292203,12081
218.6024596938977,154.26183553997262,12082
218.65225599756232,154.25299781128462,12083
218.70088876533563,154.2454167033067,12084
218.7483603979175,154.23908900349883,12085
218.79467331108938,154.23401148129517,12086
218.83982993466432,154.23018088904672,12087
218.88383271145807,154.22759396294362,12088
218.92668409628155,154.22624742391739,12089
218.9683865549542,154.2261379785231,12090
219.0089425633385,154.2272623198015,12091
219.04835460639495,154.2296171281214,12092
219.0866251772581,154.23319907200195,12093
219.12375677633264,154.2380048089159,12094
219.1597519104099,154.2440309860727,12095
219.19461309180474,154.25127424118267,12096
219.22834283751212,154.2597312032017,12097
219.2609436683835,154.2693984930569,12098
219.292418108323,154.28027272435327,12099
219.32276868350277,154.29235050406152,12100
219.35199792159787,154.30562843318734,12101
219.38010835103964,154.3201031074221,12102
219.4071025002886,154.33577111777515,12103
219.4329828971256,154.35262905118796,12104
219.45775206796117,154.37067349113028,12105
219.48141253716378,154.38990101817845,12106
219.50396682640536,154.41030821057598,12107
219.52541745402516,154.4318916447767,12108
219.54576693441103,154.4546478959705,12109
219.56501777739817,154.47857353859192,12110
219.58317248768483,154.5036651468118,12111
219.6002335642652,154.52991929501235,12112
219.61620349987922,154.5573325582449,12113
219.63108478047837,154.58590151267225,12114
219.64487988470853,154.61562273599384,12115
219.65759128340818,154.64649280785545,12116
219.66922143912328,154.67850831024268,12117
219.67977280563719,154.71166582785895,12118
219.68924782751657,154.7459619484878,12119
219.69764893967223,154.78139326333994,12120
219.7049785669351,154.8179563673853,12121
219.71123912364732,154.85564785966983,12122
219.71643301326768,154.89446434361778,12123
219.72056262799146,154.93440242731907,12124
219.72363034838492,154.97545872380272,12125
219.72563854303343,155.01762985129542,12126
219.72658956820362,155.0609124334666,12127
219.72648576751914,155.10530309965944,12128
219.72532947164976,155.150798485108,12129
219.72312299801402,155.19739523114092,12130
219.7198686504946,155.24508998537198,12131
219.7155687191666,155.2938794018772,12132
219.710225480039,155.34376014135913,12133
219.7038411948078,155.39472887129807,12134
219.69641811062198,155.44678226609105,12135
219.6879584598616,155.4999170071778,12136
219.6784644599278,155.55412978315474,12137
219.6679383130445,155.60941728987675,12138
219.6563822060715,155.6657762305468,12139
219.64379831032974,155.72320331579397,12140
219.6301887814369,155.7816952637395,12141
219.61555575915494,155.84124880005157,12142
219.59990136724792,155.90186065798866,12143
219.58322771335114,155.96352757843152,12144
219.56553688885046,156.02624630990425,12145
219.54683096877253,156.09001360858443,12146
219.52711201168498,156.15482623830252,12147
219.50638205960712,156.22068097053062,12148
219.48464313793036,156.28757458436058,12149
219.46189725534882,156.35550386647216,12150
219.4381464037996,156.42446561109048,12151
219.4133925584126,156.49445661993403,12152
219.38763767746988,156.5654737021522,12153
219.36088370237454,156.63751367425343,12154
219.33313255762872,156.71057336002335,12155
219.30438615082065,156.7846495904338,12156
219.2746463726209,156.85973920354206,12157
219.24391509678748,156.9358390443813,12158
219.21219418017952,157.01294596484115,12159
219.1794854627798,157.09105682354024,12160
219.1457907677261,157.17016848568875,12161
219.11111190135026,157.2502778229432,12162
219.07545065322654,157.3313817132519,12163
219.03880879622744,157.41347704069204,12164
219.00118808658826,157.49656069529854,12165
218.96259026397948,157.58062957288442,12166
218.92301705158695,157.66568057485281,12167
218.88247015620058,157.75171060800125,12168
218.84095126831014,157.83871658431767,12169
218.7984620622093,157.92669542076865,12170
218.75500419610714,158.01564403907983,12171
218.7105793122474,158.10555936550884,12172
218.6651890370349,158.19643833061028,12173
218.6188349811699,158.28827786899367,12174
218.57151873978944,158.38107491907377,12175
218.52324189261626,158.47482642281344,12176
218.47400600411478,158.56952932546,12177
218.4238126236546,158.66518057527384,12178
218.37266328568077,158.7617771232502,12179
218.32055950989135,158.85931592283444,12180
218.267502801422,158.95779392962993,12181
218.21349465103773,159.05720810109983,12182
218.15853653533117,159.15755539626178,12183
218.10262991692835,159.25883277537625,12184
218.04577624470076,159.3610371996286,12185
217.98797695398477,159.4641656308046,12186
217.92923346680723,159.5682150309597,12187
217.86954719211872,159.6731823620823,12188
217.80891952603244,159.77906458575086,12189
217.7473518520709,159.88585866278484,12190
217.68484554141847,159.99356155289001,12191
217.6214019531809,160.10217021429793,12192
217.55702243465157,160.21168160339926,12193
217.49170832158418,160.32209267437213,12194
217.4254609384721,160.4334003788043,12195
217.3582815988341,160.5456016653102,12196
217.29017160550723,160.65869347914247,12197
217.22113225094523,160.77267276179833,12198
217.15116481752472,160.88753645062044,12199
217.08027057785685,161.0032814783928,12200
217.00845079510597,161.11990477293168,12201
216.93570672331475,161.23740325667137,12202
216.86203960773585,161.35577384624537,12203
216.78745068516986,161.47501345206243,12204
216.71194118430998,161.59511897787792,12205
216.63551232609314,161.71608732036105,12206
216.55816532405748,161.83791536865692,12207
216.4799013847066,161.9606000039445,12208
216.40072170787994,162.08413809899025,12209
216.32062748713005,162.20852651769724,12210
216.23961991010614,162.33376211465043,12211
216.15770015894404,162.4598417346576,12212
216.07486941066315,162.58676221228643,12213
215.99112883756942,162.71452037139773,12214
215.90647960766495,162.8431130246745,12215
215.8209228850646,162.97253697314795,12216
215.73445983041847,163.10278900571933,12217
215.64709160134146,163.23386589867852,12218
215.55881935284933,163.36576441521905,12219
215.46964423780108,163.49848130495008,12220
215.3795674073482,163.63201330340496,12221
215.28859001139057,163.76635713154673,12222
215.19671319903878,163.90150949527052,12223
215.10393811908324,164.03746708490343,12224
215.01026592046995,164.17422657470112,12225
214.9156977527828,164.31178462234223,12226
214.8202347667328,164.45013786841955,12227
214.72387811465376,164.5892829359299,12228
214.62662895100488,164.72921642976027,12229
214.5284884328799,164.86993493617288,12230
214.4294577205231,165.0114350222875,12231
214.32953797785208,165.15371323556192,12232
214.22873037298697,165.29676610327112,12233
214.12703607878706,165.44059013198373,12234
214.02445627339347,165.5851818070374,12235
213.92099214077908,165.73053759201318,12236
213.81664487130527,165.87665392820767,12237
213.71141566228502,166.02352723410448,12238
213.60530571855352,166.17115390484454,12239
213.49831625304483,166.31953031169527,12240
213.39044848737595,166.46865280151962,12241
213.2817036524375,166.6185176962431,12242
213.17208298899104,166.76912129232227,12243
213.0615877482737,166.92045986021057,12244
212.95021919260887,167.07252964382616,12245
212.83797859602464,167.22532686001793,12246
212.72486724487825,167.37884769803276,12247
212.6108864384878,167.53308831898232,12248
212.4960374897704,167.68804485531064,12249
212.38032172588757,167.84371341026232,12250
212.26374048889707,168.00009005735083,12251
212.14629513641134,168.1571708398285,12252
212.0279870422632,168.3149517701573,12253
211.90881759717752,168.47342882948033,12254
211.7887882094505,168.6325979670955,12255
211.6679003056345,168.79245509993046,12256
211.54615533123058,168.9529961120187,12257
211.42355475138666,169.1142168539789,12258
211.30010005160295,169.27611314249486,12259
211.1757927384436,169.43868075979887,12260
211.0506343402547,169.6019154531571,12261
210.92462640788887,169.7658129343574,12262
210.79777051543613,169.93036887920073,12263
210.6700682609611,170.09557892699448,12264
210.54152126724654,170.26143868005036,12265
210.41213118254265,170.4279437031844,12266
210.28189968132324,170.59508952322201,12267
210.15082846504706,170.76287162850517,12268
210.01891926292575,170.9312854684052,12269
209.88617383269738,171.100326452839,12270
209.7525939614057,171.2699899517897,12271
209.6181814661854,171.44027129483226,12272
209.48293819505253,171.61116577066366,12273
209.34686602770086,171.78266862663833,12274
209.20996687630318,171.9547750683089,12275
209.07224268631828,172.1274802589723,12276
208.93369543730273,172.3007793192213,12277
208.79432714372786,172.47466732650284,12278
208.65413985580162,172.64913931468135,12279
208.51313566029506,172.82419027360933,12280
208.37131668137363,172.9998151487044,12281
208.2286850814327,173.17600884053238,12282
208.0852430619374,173.35276620439842,12283
207.94099286426683,173.53008204994453,12284
207.7959367705618,173.70795114075523,12285
207.65007710457675,173.88636819397067,12286
207.50341623253507,174.065327879907,12287
207.3559565639876,174.244824821686,12288
207.20770055267482,174.42485359487276,12289
207.0586506973915,174.6054087271209,12290
206.9088095428544,174.78648469782783,12291
206.7581796805725,174.96807593779914,12292
206.60676374971936,175.15017682892088,12293
206.45456443800765,175.33278170384258,12294
206.30158448256572,175.51588484566983,12295
206.14782667081496,175.6994804876664,12296
205.99329384134955,175.88356281296618,12297
205.8379888848162,176.06812595429685,12298
205.68191474479534,176.25316399371295,12299
205.52507441868212,176.43867096233967,12300
205.3674709585682,176.6246408401289,12301
205.2091074721227,176.81106755562533,12302
205.04998712347327,176.99794498574468,12303
204.8901131340857,177.1852669555635,12304
204.7294887836429,177.3730272381203,12305
204.56811741092193,177.56121955423058,12306
204.40600241466953,177.74983757231132,12307
204.2431472544751,177.93887490822053,12308
204.07955545164114,178.12832512510948,12309
203.91523059005078,178.3181817332854,12310
203.75017631703182,178.50843819009043,12311
203.5843963442168,178.69908789979115,12312
203.41789444839924,178.89012421348602,12313
203.25067447238482,179.08154042901927,12314
203.08274032583762,179.27332979091582,12315
202.91409598612086,179.46548549032846,12316
202.74474549913165,179.658000664997,12317
202.57469298012919,179.8508683992228,12318
202.4039426145561,180.04408172384984,12319
202.23249865885242,180.2376336163198,12320
202.0603654412615,180.43151700059087,12321
201.88754736262769,180.62572474727662,12322
201.71404889718497,180.82024967363674,12323
201.53987459333626,181.01508454366478,12324
201.36502907442264,181.21022206816176,12325
201.18951703948218,181.4056549048381,12326
201.01334326399768,181.6013756584233,12327
200.8365126006326,181.7973768807995,12328
200.65902997995533,181.993651071146,12329
200.48090041115015,182.19019067610006,12330
200.30212898271517,182.3869880899393,12331
200.12272086314633,182.58403565477366,12332
199.94268130160697,182.78132566076144,12333
199.76201562858208,182.97885034633626,12334
199.58072925651703,183.1766018984552,12335
199.39882768043998,183.3745724528617,12336
199.21631647856717,183.57275409436713,12337
199.03320131289084,183.77113885714874,12338
198.84948792974882,183.96971872506586,12339
198.66518216037548,184.16848563199275,12340
198.48028992143304,184.36743146217066,12341
198.29481721552244,184.56654805057573,12342
198.10877013167436,184.76582718330602,12343
197.9221548458179,184.9652605979856,12344
197.73497762122756,185.16483998418724,12345
197.5472448089476,185.3645569838724,12346
197.35896284819296,185.5644031918501,12347
197.17013826672584,185.7643701562521,12348
196.98077768120817,185.96444937902913,12349
196.79088779752806,186.16463231646205,12350
196.60047541110077,186.36491037969313,12351
196.40954740714284,186.56527493527508,12352
196.2181107609188,186.76571730573818,12353
196.02617253795992,186.96622877017504,12354
195.83373989425465,187.16680056484466,12355
195.6408200764095,187.36742388379395,12356
195.44742042177998,187.5680898794973,12357
195.25354835857135,187.76878966351453,12358
195.05921140590806,187.96951430716712,12359
194.86441717387112,188.17025484223217,12360
194.66917336350392,188.37100226165433,12361
194.47348776678405,188.57174752027623,12362
194.27736826656255,188.7724815355863,12363
194.0808228364682,188.97319518848423,12364
193.88385954077793,189.1738793240652,12365
193.6864865342512,189.37452475242083,12366
193.48871206192922,189.57512224945802,12367
193.29054445889744,189.77566255773542,12368
193.09199215001166,189.9761363873172,12369
192.8930636495863,190.17653441664416,12370
192.69376756104546,190.3768472934219,12371
192.49411257653531,190.57706563552608,12372
192.29410747649803,190.77718003192476,12373
192.0937611292066,190.97718104361707,12374
191.89308249026007,191.17705920458883,12375
191.6920806020392,191.37680502278465,12376
191.49076459312144,191.57640898109594,12377
191.2891436776559,191.7758615383653,12378
191.08722715469705,191.97515313040685,12379
190.88502440749767,192.17427417104187,12380
190.68254490276013,192.3732150531505,12381
190.4797981898461,192.57196614973807,12382
190.27679389994483,192.77051781501712,12383
190.07354174519912,192.9688603855038,12384
189.8700515177893,193.166984181129,12385
189.66633308897505,193.3648795063638,12386
189.46239640809512,193.56253665135876,12387
189.25825150152411,193.7599458930975,12388
189.0539084715881,193.95709749656316,12389
188.8493774954367,194.15398171591877,12390
188.6446688238738,194.3505887956996,12391
188.43979278014575,194.54690897201894,12392
188.2347597586875,194.74293247378586,12393
188.0295802238278,194.9386495239347,12394
187.82426470845073,195.13405034066668,12395
187.61882381261816,195.3291251387019,12396
187.41326820214988,195.5238641305432,12397
187.20760860716274,195.71825752774993,12398
187.00185582056997,195.912295542222,12399
186.79602069654035,196.10596838749356,12400
186.59011414891694,196.29926628003622,12401
186.3841471495984,196.4921794405711,12402
186.17813072687912,196.68469809538936,12403
185.97207596375415,196.87681247768074,12404
185.76599399618402,197.0685128288698,12405
185.5598960113243,197.25978939995946,12406
185.3537932457186,197.4506324528809,12407
185.14769698345538,197.6410322618502,12408
184.94161855429087,197.83097911473004,12409
184.7355693317374,198.02046331439772,12410
184.52956073111895,198.20947518011667,12411
184.3236042075939,198.39800504891335,12412
184.11771125414688,198.58604327695718,12413
183.91189339954929,198.77358024094403,12414
183.706162206292,198.96060633948244,12415
183.50052926848682,199.1471119944817,12416
183.2950062097431,199.33308765254168,12417
183.08960468101682,199.51852378634393,12418
182.88433635843288,199.70341089604284,12419
182.67921294108652,199.88773951065707,12420
182.47424614881882,200.07150018946018,12421
182.26944771997086,200.2546835233698,12422
182.06482940911872,200.43728013633552,12423
181.8604029847877,200.6192806867236,12424
181.6561802271488,200.80067586869924,12425
181.45217292569862,200.98145641360512,12426
181.24839287692268,201.1616130913351,12427
181.04485188194766,201.34113671170434,12428
180.84156174417797,201.5200181258122,12429
180.63853426691986,201.69824822740065,12430
180.43578125100225,201.8758179542051,12431
180.23331449237597,202.05271828929796,12432
180.03114577972536,202.22894026242446,12433
179.8292868920665,202.4044749513299,12434
179.6277495963021,202.57931348307727,12435
179.4265456448619,202.7534470353556,12436
179.2256867732596,202.92686683777728,12437
179.02518469767958,203.09956417316477,12438
178.825051112577,203.27153037882545,12439
178.6252976882642,203.44275684781385,12440
178.42593606850883,203.61323503018144,12441
178.2269778681388,203.78295643421237,12442
178.02843467065276,203.95191262764538,12443
177.83031802584134,204.1200952388809,12444
177.63263944741905,204.2874959581726,12445
177.43541041066896,204.45410653880313,12446
177.23864235009978,204.61991879824348,12447
177.04234665711894,204.7849246192948,12448
176.84653467772418,204.94911595121306,12449
176.65121771020964,205.1124848108149,12450
176.45640700289619,205.27502328356536,12451
176.26211375187793,205.43672352464554,12452
176.06834909879464,205.59757776000123,12453
175.87512412862768,205.75757828737022,12454
175.68244986751841,205.91671747728958,12455
175.49033728061696,206.07498777408122,12456
175.29879726995588,206.23238169681528,12457
175.10784067235363,206.38889184025174,12458
174.91747825734893,206.54451087575887,12459
174.72772072516634,206.6992315522089,12460
174.53857870471444,206.85304669684905,12461
174.35006275161803,207.00594921615,12462
174.16218334628485,207.15793209662843,12463
173.97495089200933,207.3089884056458,12464
173.78837571311286,207.4591112921813,12465
173.60246805312218,207.60829398757951,12466
173.41723807298723,207.75652980627223,12467
173.2326958493383,207.90381214647414,12468
173.04885137278572,208.0501344908517,12469
172.86571454625974,208.1954904071656,12470
172.68329518339374,208.33987354888652,12471
172.50160300695129,208.48327765578264,12472
172.32064764729643,208.6256965544809,12473
172.14043864090982,208.76712415899982,12474
171.96098542894944,208.9075544712548,12475
171.78229735585833,209.04698158153536,12476
171.6043836680182,209.18539966895426,12477
171.4272535124505,209.32280300186852,12478
171.25091593556576,209.45918593827187,12479
171.0753798819599,209.594542926159,12480
170.9006541932598,209.72886850386107,12481
170.7267476070176,209.86215730035318,12482
170.55366875565363,209.99440403553265,12483
170.3814261654496,210.12560352046938,12484
170.21002825559023,210.25575065762743,12485
170.03948333725543,210.38484044105795,12486
169.86979961276214,210.51286795656407,12487
169.7009851747557,210.6398283818373,12488
169.53304800545177,210.76571698656562,12489
169.36599597592772,210.89052913251354,12490
169.19983684546412,211.01426027357402,12491
169.0345782609359,211.1369059557931,12492
168.87022775625314,211.2584618173661,12493
168.70679275185182,211.37892358860697,12494
168.5442805542329,211.49828709189003,12495
168.38269835555124,211.61654824156506,12496
168.2220532332533,211.73370304384517,12497
168.06235214976212,211.84974759666844,12498
167.903601952212,211.96467808953318,12499
167.7458093722295,212.07849080330743,12500
167.5889810257621,212.19118211001242,12501
167.43312341295402,212.30274847258127,12502
167.27824291806763,212.41318644459196,12503
167.12434580945109,212.5224926699764,12504
166.9714382395509,212.63066388270474,12505
166.81952624496938,212.73769690644588,12506
166.6686157465657,212.84358865420447,12507
166.51871254960074,212.9483361279348,12508
166.36982234392426,213.0519364181322,12509
166.22195070420466,213.1543867034014,12510
166.07510309019906,213.2556842500041,12511
165.9292848470654,213.3558264113842,12512
165.78450120571276,213.45481062767252,12513
165.64075728319224,213.55263442517102,12514
165.49805808312516,213.6492954158167,12515
165.35640849616914,213.7447912966263,12516
165.21581330052078,213.83911984912135,12517
165.0762771624543,213.9322789387354,12518
164.93780463689492,214.02426651420242,12519
164.8004001680267,214.1150806069281,12520
164.66406808993344,214.20471933034355,12521
164.528812627272,214.29318087924293,12522
164.3946378959774,214.3804635291047,12523
164.26154790399804,214.46656563539733,12524
164.12954655206119,214.55148563286983,12525
163.99863763446706,214.63522203482813,12526
163.86882483991047,214.7177734323971,12527
163.74011175233025,214.7991384937692,12528
163.6125018517841,214.87931596343998,12529
163.48599851534874,214.9583046614317,12530
163.36060501804465,215.0361034825041,12531
163.23632453378374,215.11271139535492,12532
163.11316013633956,215.1881274418084,12533
162.99111480033932,215.26235073599426,12534
162.87019140227602,215.3353804635165,12535
162.75039272154058,215.4072158806128,12536
162.6317214414729,215.4778563133052,12537
162.5141801504305,215.54730115654283,12538
162.39777134287422,215.61554987333608,12539
162.28249742047046,215.68260199388416,12540
162.16836069320811,215.74845711469558,12541
162.05536338053037,215.8131148977023,12542
161.94350761247978,215.8765750693682,12543
161.832795430856,215.93883741979198,12544
161.72322879038578,215.9999018018056,12545
161.6148095599035,216.05976813006794,12546
161.50753952354214,216.1184363801546,12547
161.40142038193372,216.17590658764462,12548
161.29645375341838,216.2321788472036,12549
161.192641175261,216.28725331166484,12550
161.0899841048754,216.3411301911078,12551
160.98848392105458,216.3938097519353,12552
160.88814192520624,216.4452923159493,12553
160.78895934259387,216.4955782594259,12554
160.69093732358164,216.54466801218953,12555
160.59407694488237,216.59256205668774,12556
160.4983792108089,216.63926092706566,12557
160.40384505452724,216.6847652082419,12558
160.3104753393112,216.72907553498487,12559
160.21827085979788,216.772192590991,12560
160.12723234324332,216.81411710796476,12561
160.03736045077758,216.85484986470084,12562
159.94865577865946,216.89439168616866,12563
159.86111885952837,216.9327434426003,12564
159.7747501636557,216.96990604858084,12565
159.68955010019198,217.005880462143,12566
159.60551901841166,217.04066768386522,12567
159.52265720895403,217.07426875597366,12568
159.44096490505987,217.1066847614492,12569
159.3604422838032,217.13791682313862,12570
159.28108946731808,217.16796610287102,12571
159.20290652401965,217.19683380057953,12572
159.12589346981915,217.22452115342819,12573
159.0500502693323,217.25102943494514,12574
158.97537683708097,217.27635995416128,12575
158.90187303868754,217.30051405475535,12576
158.82953869206128,217.32349311420577,12577
158.7583735685769,217.34529854294854,12578
158.68837739424495,217.36593178354264,12579
158.61954985087297,217.3853943098421,12580
158.55189057721793,217.40368762617555,12581
158.48539917012926,217.42081326653317,12582
158.42007518568212,217.43677279376124,12583
158.35591814030087,217.45156779876461,12584
158.2929275118721,217.4651998997171,12585
158.23110274084763,217.47767074127998,12586
158.17044323133624,217.48898199382882,12587
158.11094835218495,217.49913535268865,12588
158.05261743804888,217.5081325373778,12589
157.99544979044975,217.51597529086033,12590
157.93944467882304,217.5226653788073,12591
157.88460134155304,217.52820458886694,12592
157.83091898699655,217.53259472994392,12593
157.77839679449363,217.5358376314877,12594
157.7270339153673,217.53793514279005,12595
157.6768294739097,217.53888913229184,12596
157.6277825683565,217.5387014868996,12597
157.57989227184856,217.53737411131104,12598
157.53315763338057,217.53490892735041,12599
157.48757767873707,217.5313078733135,12600
157.44315141141578,217.52657290332218,12601
157.39987781353742,217.5207059866888,12602
157.35775584674272,217.51370910729025,12603
157.31678445307645,217.50558426295208,12604
157.27696255585758,217.49633346484217,12605
157.23828906053728,217.48595873687458,12606
157.20076285554228,217.47446211512334,12607
157.164382813106,217.46184564724607,12608
157.12914779008557,217.44811139191768,12609
157.09505662876583,217.43326141827418,12610
157.06210815764973,217.41729780536645,12611
157.03030119223538,217.40022264162405,12612
156.99963453577945,217.3820380243292,12613
156.97010698004746,217.36274605910086,12614
156.9417173060503,217.34234885938852,12615
156.91446428476746,217.32084854597684,12616
156.88834667785684,217.29824724649959,12617
156.8633632383511,217.27454709496405,12618
156.83951271134075,217.24975023128565,12619
156.81679383464348,217.22385880083218,12620
156.79520533946086,217.19687495397855,12621
156.7747459510212,217.16880084567137,12622
156.75541438920908,217.13963863500342,12623
156.73720936918227,217.10939048479855,12624
156.72012960197472,217.07805856120612,12625
156.70417379508714,217.0456450333056,12626
156.68934065306385,217.01215207272116,12627
156.67562887805732,216.97758185324622,12628
156.66303717037886,216.94193655047764,12629
156.6515642290373,216.90521834146003,12630
156.64120875226405,216.86742940433982,12631
156.63196943802603,216.82857191802924,12632
156.6238449845254,216.7886480618797,12633
156.61683409068664,216.74766001536554,12634
156.61093545663144,216.70560995777683,12635
156.60614778414043,216.66250006792254,12636
156.60246977710304,216.61833252384264,12637
156.59990014195452,216.57310950253043,12638
156.59843758810075,216.5268331796642,12639
156.59808082833098,216.47950572934823,12640
156.59882857921795,216.43112932386381,12641
156.60067956150624,216.38170613342922,12642
156.60363250048835,216.3312383259695,12643
156.60768612636883,216.2797280668956,12644
156.6128391746166,216.2271775188926,12645
156.6190903863051,216.17358884171782,12646
156.62643850844094,216.11896419200755,12647
156.63488229428077,216.06330572309375,12648
156.64442050363618,216.0066155848295,12649
156.65505190316748,215.94889592342395,12650
156.6667752666656,215.8901488812861,12651
156.6795893753225,215.83037659687827,12652
156.6934930179904,215.76958120457803,12653
156.7084849914295,215.7077648345498,12654
156.7245641005444,215.6449296126252,12655
156.74172915860936,215.5810776601924,12656
156.75997898748227,215.51621109409467,12657
156.7793124178076,215.45033202653752,12658
156.79972828920822,215.38344256500548,12659
156.82122545046633,215.31554481218683,12660
156.843802759693,215.2466408659083,12661
156.86745908448745,215.17673281907764,12662
156.89219330208493,215.10582275963577,12663
156.91800429949393,215.03391277051742,12664
156.94489097362256,214.9610049296206,12665
156.97285223139437,214.88710130978504,12666
157.00188698985318,214.81220397877908,12667
157.0319941762574,214.73631499929584,12668
157.06317272816372,214.65943642895732,12669
157.09542159350005,214.58157032032835,12670
157.12873973062798,214.5027187209381,12671
157.1631261083948,214.42288367331116,12672
157.19857970617466,214.34206721500686,12673
157.23509951389948,214.26027137866745,12674
157.27268453207935,214.17749819207512,12675
157.31133377181231,214.0937496782172,12676
157.35104625478394,214.00902785536067,12677
157.39182101325588,213.92333473713495,12678
157.433657090045,213.8366723326234,12679
157.4765535384908,213.74904264646375,12680
157.52050942241354,213.66044767895687,12681
157.5655238160612,213.5708894261845,12682
157.6115958040463,213.4803698801355,12683
157.6587244812723,213.38889102884104,12684
157.70690895284932,213.29645485651804,12685
157.75614833399982,213.203063343722,12686
157.8064417499533,213.10871846750783,12687
157.85778833583097,213.01342220160004,12688
157.91018723651965,212.9171765165714,12689
157.96363760653512,212.81998338003032,12690
158.01813860987508,212.72184475681715,12691
158.0736894198617,212.62276260920925,12692
158.1302892189729,212.52273889713513,12693
158.18793719866383,212.42177557839685,12694
158.2466325591771,212.31987460890196,12695
158.3063745093425,212.21703794290391,12696
158.36716226636602,212.11326753325162,12697
158.42899505560808,212.00856533164787,12698
158.4918721103507,211.9029332889168,12699
158.55579267155417,211.79637335528022,12700
158.62075598760245,211.6888874806431,12701
158.68676131403785,211.58047761488837,12702
158.7538079132845,211.47114570818025,12703
158.82189505436077,211.36089371127716,12704
158.8910220125807,211.2497235758539,12705
158.96118806924372,211.13763725483255,12706
159.03239251131401,211.024636702723,12707
159.10463463108744,210.9107238759728,12708
159.1779137258479,210.795900733326,12709
159.25222909751184,210.68016923619172,12710
159.32758005226125,210.5635313490217,12711
159.40396590016513,210.44598903969788,12712
159.4813859547891,210.32754427992884,12713
159.55983953279335,210.20819904565607,12714
159.63932595351883,210.08795531746992,12715
159.71984453856132,209.96681508103467,12716
159.8013946113334,209.8447803275239,12717
159.8839754966147,209.72185305406498,12718
159.9675865200897,209.59803526419358,12719
160.05222700787309,209.4733289683178,12720
160.13789628602325,209.3477361841922,12721
160.22459368004283,209.2212589374016,12722
160.3123185143671,209.09389926185483,12723
160.40107011183943,208.96565920028846,12724
160.4908477931743,208.83654080478016,12725
160.5816508764075,208.7065461372724,12726
160.673478676333,208.57567727010633,12727
160.76633050392743,208.44393628656502,12728
160.8602056657612,208.3113252814276,12729
160.9551034633966,208.1778463615331,12730
161.0510231927721,208.04350164635463,12731
161.1479641435743,207.9082932685835,12732
161.24592559859565,207.77222337472384,12733
161.34490683307865,207.63529412569764,12734
161.4449071140472,207.49750769745947,12735
161.54592569962333,207.35886628162203,12736
161.64796183833076,207.21937208609182,12737
161.75101476838447,207.07902733571518,12738
161.85508371696605,206.9378342729346,12739
161.9601678994855,206.79579515845563,12740
162.0662665188287,206.65291227192392,12741
162.1733787645906,206.50918791261262,12742
162.28150381229437,206.36462440012053,12743
162.3906408225961,206.2192240750801,12744
162.50078894047533,206.07298929987633,12745
162.611947294411,205.92592245937556,12746
162.72411499554292,205.77802596166495,12747
162.83729113681866,205.6293022388023,12748
162.9514747921261,205.47975374757578,12749
163.0666650154112,205.3293829702746,12750
163.18286083978063,205.17819241546914,12751
163.30006127659095,205.0261846188022,12752
163.41826531452148,204.87336214378954,12753
163.5374719186338,204.71972758263115,12754
163.65768002941545,204.5652835570325,12755
163.7788885618097,204.4100327190353,12756
163.90109640422997,204.25397775185905,12757
164.02430241755954,204.09712137075167,12758
164.14850543413684,203.93946632385033,12759
164.2737042567258,203.78101539305186,12760
164.39989765747126,203.6217713948929,12761
164.52708437684026,203.46173718143913,12762
164.6552631225482,203.30091564118442,12763
164.78443256847075,203.13930969995891,12764
164.91459135354108,202.97692232184622,12765
165.04573808063284,202.8137565101098,12766
165.17787131542877,202.64981530812798,12767
165.31098958527494,202.48510180033787,12768
165.44509137802095,202.31961911318749,12769
165.58017514084648,202.15337041609658,12770
165.71623927907328,201.98635892242552,12771
165.85328215496423,201.81858789045168,12772
165.99130208650814,201.65006062435438,12773
166.13029734619187,201.4807804752067,12774
166.27026615975865,201.31075084197485,12775
166.41120670495383,201.1399751725245,12776
166.55311711025774,200.96845696463413,12777
166.69599545360603,200.7961997670146,12778
166.83983976109792,200.62320718033502,12779
166.98464800569184,200.4494828582548,12780
167.13041810589036,200.27503050846127,12781
167.27714792441282,200.09985389371226,12782
167.42483526685731,199.92395683288441,12783
167.57347788035176,199.7473432020252,12784
167.7230734521947,199.57001693541017,12785
167.87361960848585,199.39198202660333,12786
168.02511391274734,199.21324252952144,12787
168.1775538645356,199.03380255950162,12788
168.33093689804426,198.85366629437092,12789
168.48526038069906,198.67283797551903,12790
168.6405216117448,198.49132190897186,12791
168.79671782082477,198.3091224664674,12792
168.95384616655377,198.12624408653173,12793
169.1119037350845,197.9426912755556,12794
169.27088753866815,197.75846860887094,12795
169.43079451421036,197.5735807318265,12796
169.59162152182208,197.3880323608623,12797
169.75336534336714,197.20182828458223,12798
169.91602268100604,197.01497336482458,12799
170.07959015573758,196.82747253772868,12800
170.2440643059385,196.63933081479905,12801
170.4094415859021,196.4505532839646,12802
170.5757183643767,196.26114511063284,12803
170.74289092310397,196.07111153873882,12804
170.91095545535904,195.88045789178807,12805
171.0799080644928,195.6891895738917,12806
171.2497447624764,195.4973120707948,12807
171.42046146845058,195.30483095089554,12808
171.59205400727856,195.11175186625584,12809
171.76451810810593,194.91808055360173,12810
171.93784940292596,194.72382283531275,12811
172.11204342515325,194.52898462040042,12812
172.28709560820568,194.33357190547363,12813
172.46300128409604,194.1375907756919,12814
172.6397556820344,193.94104740570293,12815
172.81735392704257,193.74394806056728,12816
172.99579103858048,193.5462990966654,12817
173.17506192918782,193.34810696258938,12818
173.35516140314016,193.14937820001626,12819
173.5360841551212,192.9501194445632,12820
173.71782476891275,192.75033742662313,12821
173.9003777161046,192.5500389721801,12822
174.08373735482203,192.34923100360282,12823
174.26789792847643,192.14792054041683,12824
174.45285356453846,191.94611470005216,12825
174.63859827333332,191.74382069856793,12826
174.82512594686375,191.54104585135048,12827
175.0124303576568,191.3377975737862,12828
175.20050515764063,191.1340833819062,12829
175.38934387704887,190.9299108930035,12830
175.5789399233568,190.72528782622,12831
175.76928658024892,190.52022200310358,12832
175.96037700661998,190.31472134813345,12833
176.15220423560987,190.10879388921344,12834
176.34476117367657,189.90244775813142,12835
176.53804059970523,189.69569119098375,12836
176.73203516415694,189.4885325285652,12837
176.9267373882579,189.28098021672105,12838
177.12213966322997,189.07304280666233,12839
177.31823424956522,188.8647289552418,12840
177.51501327634617,188.65604742519045,12841
177.71246874060984,188.44700708531298,12842
177.91059250676128,188.23761691064175,12843
178.10937630603752,188.02788598254764,12844
178.3088117360182,187.8178234888073,12845
178.5088902601918,187.60743872362525,12846
178.70960320757274,187.39674108761108,12847
178.91094177237767,187.1857400877083,12848
179.11289701374923,186.97444533707767,12849
179.31545985554794,186.76286655493013,12850
179.5186210861945,186.55101356631096,12851
179.7223713585771,186.33889630183396,12852
179.92670119001315,186.12652479736354,12853
180.13160096229598,185.91390919364588,12854
180.3370609217606,185.7010597358855,12855
180.54307117947135,185.4879867732708,12856
180.74962171142528,185.2747007584424,12857
180.956702358855,185.06121224690858,12858
181.16430282859045,184.84753189640386,12859
181.37241269348442,184.63367046619103,12860
181.58102139291677,184.41963881630753,12861
181.79011823336577,184.20544790675217,12862
181.99969238905499,183.9911087966157,12863
182.20973290266875,183.77663264315152,12864
182.42022868614646,183.5620307007877,12865
182.63116852154977,183.34731432007953,12866
182.84254106200484,183.13249494660275,12867
183.0543348327205,182.9175841197855,12868
183.26653823208562,182.70259347168144,12869
183.47913953284035,182.48753472568058,12870
183.69212688332777,182.27241969516132,12871
183.90548830882113,182.05726028207943,12872
184.11921171293218,181.84206847549765,12873
184.33328487909546,181.62685635005505,12874
184.5476954721327,181.41163606437337,12875
184.76243103989603,181.19641985940373,12876
184.97747901498917,180.98122005671578,12877
185.19282671656782,180.76604905671914,12878
185.40846135221915,180.55091933683292,12879
185.62437001991762,180.33584344959468,12880
185.84053971006148,180.12083402069138,12881
186.05695730758475,179.90590374699505,12882
186.27360959414625,179.69106539442163,12883
186.4904832503968,179.47633179585927,12884
186.7075648583203,179.26171584896994,12885
186.92484090365082,179.04723051394762,12886
187.1422977783632,178.83288881122405,12887
187.35992178323824,178.61870381911731,12888
187.5776991304978,178.40468867143565,12889
187.79561594651327,178.19085655501675,12890
188.0136582745824,177.97722070722548,12891
188.23181207777523,177.7637944133961,12892
188.4500632418473,177.5505910042268,12893
188.6683975782184,177.33762385312863,12894
188.88680082701555,177.1249063735253,12895
189.10525866017844,176.91245201610903,12896
189.3237566846258,176.7002742660539,12897
189.5422804454809,176.4883866401862,12898
189.76081542935336,176.27680268411464,12899
189.9793470676775,176.0655359693216,12900
190.1978607401027,175.8546000902182,12901
190.41634177793472,175.64400866116327,12902
190.63477546762672,175.43377531344882,12903
190.85314705431608,175.22391369225426,12904
191.07144174540525,175.01443745357045,12905
191.28964471418524,174.8053602610964,12906
191.50774110349755,174.59669578310962,12907
191.72571602943367,174.38845768931245,12908
191.94355458506803,174.18065964765813,12909
192.16124184422324,173.97331532115516,12910
192.3787628652641,173.76643836465504,12911
192.59610269491716,173.56004242162587,12912
192.81324637211495,173.35414112091044,12913
193.03017893185924,173.14874807347573,12914
193.24688540910367,172.94387686915175,12915
193.46335084264948,172.73954107336615,12916
193.6795602790552,172.53575422387243,12917
193.89549877655332,172.33252982747868,12918
194.1111514089745,172.12988135677503,12919
194.32650326967394,171.9278222468649,12920
194.54153947545848,171.7263658921018,12921
194.7562451705104,171.5255256428327,12922
194.97060553030528,171.3253148021525,12923
195.18460576552104,171.12574662266925,12924
195.3982311259353,170.92683430328628,12925
195.61146690430732,170.72859098599878,12926
195.82429844024267,170.53102975271122,12927
196.03671112403643,170.33416362207583,12928
196.24869040049325,170.13800554635515,12929
196.46022177272047,169.94256840831,12930
196.6712908058913,169.74786501811707,12931
196.88188313097652,169.55390811031535,12932
197.09198444843992,169.36071034078697,12933
197.30158053189675,169.16828428377167,12934
197.51065723173062,168.97664242891898,12935
197.71920047866766,168.78579717837886,12936
197.92719628730453,168.59576084393416,12937
198.13463075958765,168.40654564417534,12938
198.34149008824173,168.21816370172058,12939
198.54776056014464,168.030627040483,12940
198.75342855964652,167.84394758298592,12941
198.95848057183045,167.6581371477293,12942
199.16290318571336,167.4732074466079,12943
199.3666830973836,167.28917008238378,12944
199.5698071130746,167.10603654621374,12945
199.77226215217138,166.92381821523426,12946
199.974035250149,166.742526350205,12947
200.1751135614402,166.5621720932114,12948
200.37548436223122,166.38276646542977,12949
200.5751350531837,166.20432036495419,12950
200.77405316208132,166.02684456468705,12951
200.97222634639974,165.85034971029518,12952
201.16964239579812,165.67484631823123,12953
201.3662892345309,165.50034477382258,12954
201.56215492377987,165.32685532942767,12955
201.7572276639032,165.1543881026616,12956
201.95149579660256,164.98295307469076,12957
202.14494780700605,164.81256008859782,12958
202.33757232566686,164.64321884781793,12959
202.52935813047637,164.4749389146458,12960
202.72029414849194,164.3077297088148,12961
202.91036945767726,164.14160050614868,12962
203.0995732885571,163.97656043728543,12963
203.2878950257837,163.81261848647418,12964
203.4753242096165,163.64978349044537,12965
203.66185053731402,163.48806413735363,12966
203.8474638644378,163.32746896579434,12967
204.032154206069,163.16800636389272,12968
204.21591173793752,163.0096845684668,12969
204.3987267974633,162.85251166426244,12970
204.580589884711,162.6964955832616,12971
204.76149166325803,162.54164410406258,12972
204.94142296097567,162.38796485133244,12973
205.12037477072533,162.23546529533087,12974
205.2983382509692,162.084152751505,12975
205.47530472629634,161.93403438015488,12976
205.6512656878655,161.78511718616866,12977
205.82621279376465,161.6374080188272,12978
206.00013786928895,161.49091357167657,12979
206.1730329071373,161.34564038246918,12980
206.3448900675292,161.20159483317076,12981
206.51570167824252,161.058783150034,12982
206.6854602345736,160.91721140373681,12983
206.8541583992206,160.77688550958516,12984
207.02178900209194,160.63781122777812,12985
207.18834504004008,160.49999416373598,12986
207.35381967652322,160.36343976848815,12987
207.5182062411953,160.22815333912177,12988
207.68149822942632,160.09414001928818,12989
207.84368930175438,159.96140479976714,12990
208.0047732832705,159.82995251908727,12991
208.16474416293846,159.699787864201,12992
208.32359609285055,159.57091537121335,12993
208.48132338742164,159.44333942616302,12994
208.63792052252205,159.3170642658544,12995
208.7933821345522,159.1920939787389,12996
208.94770301945954,159.068432505845,12997
209.1008781317002,158.9460836417545,12998
209.25290258314686,158.82505103562468,12999
209.40377164194445,158.70533819225406,13000
209.5534807313151,158.58694847319128,13001
209.70202542831524,158.46988509788426,13002
209.8494014625451,158.35415114486986,13003
209.99560471481334,158.2397495530013,13004
210.1406312157582,158.1266831227125,13005
210.28447714442686,158.0149545173177,13006
210.4271388268154,157.90456626434514,13007
210.5686127343696,157.79552075690273,13008
210.70889548245015,157.68782025507548,13009
210.84798382876286,157.58146688735155,13010
210.98587467175543,157.47646265207706,13011
211.12256504898343,157.37280941893744,13012
211.25805213544638,157.27050893046388,13013
211.39233324189567,157.16956280356385,13014
211.52540581311652,157.0699725310741,13015
211.65726742618475,156.9717394833343,13016
211.78791578870096,156.87486490978142,13017
211.9173487370027,156.77934994056142,13018
212.0455642343572,156.68519558815842,13019
212.17256036913514,156.59240274904002,13020
212.29833535296817,156.50097220531634,13021
212.42288751889032,156.4109046264127,13022
212.54621531946628,156.32220057075418,13023
212.6683173249066,156.23486048746068,13024
212.789192221172,156.1488847180517,13025
212.90883880806814,156.06427349815905,13026
213.027255997332,155.98102695924712,13027
213.14444281071113,155.89914513033884,13028
213.26039837803737,155.8186279397465,13029
213.375121935296,155.73947521680643,13030
213.48861282269178,155.66168669361633,13031
213.600870482713,155.58526200677434,13032
213.7118944581944,155.51020069911849,13033
213.82168439038094,155.43650222146624,13034
213.93024001699237,155.36416593435212,13035
214.0375611702907,155.2931911097636,13036
214.14364777515107,155.2235769328736,13037
214.2484998471369,155.15532250376893,13038
214.352117490581,155.0884268391735,13039
214.45450089667267,155.0228888741667,13040
214.55565034155228,154.95870746389411,13041
214.65556618441434,154.89588138527142,13042
214.75424886561927,154.83440933868042,13043
214.85169890481507,154.77428994965572,13044
214.94791689907007,154.71552177056236,13045
215.04290352101643,154.65810328226277,13046
215.1366595170065,154.60203289577342,13047
215.22918570528145,154.54730895390955,13048
215.32048297415346,154.49392973291788,13049
215.41055228020238,154.4418934440972,13050
215.49939464648673,154.39119823540472,13051
215.58701116077003,154.34184219305,13052
215.6734029737632,154.29382334307357,13053
215.75857129738282,154.2471396529114,13054
215.842517403027,154.20178903294382,13055
215.9252426198675,154.15776933802977,13056
216.00674833316063,154.11507836902388,13057
216.08703598257532,154.07371387427784,13058
216.16610706054058,154.03367355112505,13059
216.24396311061102,153.99495504734787,13060
216.32060572585226,153.95755596262788,13061
216.39603654724527,153.921473849978,13062
216.47025726211112,153.886706217157,13063
216.5432696025551,153.85325052806547,13064
216.6150753439318,153.82110420412357,13065
216.68567630333015,153.79026462562982,13066
216.75507433807968,153.76072913310117,13067
216.82327134427737,153.73249502859386,13068
216.89026925533574,153.70555957700492,13069
216.9560700405519,153.6799200073546,13070
217.0206757036984,153.65557351404874,13071
217.0840882816349,153.6325172581218,13072
217.14630984294203,153.61074836845984,13073
217.20734248657632,153.59026394300392,13074
217.267188340547,153.57106104993332,13075
217.32584956061467,153.55313672882863,13076
217.38332832901133,153.536487991815,13077
217.4396268531825,153.52111182468514,13078
217.4947473645508,153.50700518800218,13079
217.5486921173014,153.49416501818234,13080
217.6014633871893,153.4825882285575,13081
217.65306347036778,153.47227171041752,13082
217.703494682239,153.4632123340327,13083
217.75275935632595,153.45540694965567,13084
217.80085984316557,153.4488523885035,13085
217.8477985092238,153.44354546371994,13086
217.89357773583134,153.4394829713175,13087
217.93819991814127,153.43666169109943,13088
217.9816674641069,153.4350783875623,13089
218.02398279348137,153.43472981077878,13090
218.06514833683752,153.43561269726047,13091
218.10516653460894,153.43772377080128,13092
218.14403983615108,153.441059743302,13093
218.18177069882304,153.44561731557428,13094
218.21836158708973,153.45139317812672,13095
218.25381497164372,153.45838401193097,13096
218.28813332854745,153.46658648916923,13097
218.32131913839493,153.4759972739629,13098
218.35337488549308,153.48661302308244,13099
218.38430305706257,153.49843038663874,13100
218.41410614245763,153.51144600875614,13101
218.44278663240536,153.52565652822693,13102
218.4703470182631,153.54105857914817,13103
218.4967897912956,153.5576487915402,13104
218.52211744196933,153.57542379194743,13105
218.5463324592661,153.59438020402175,13106
218.56943733001404,153.614514649088,13107
218.59143453823702,153.63582374669272,13108
218.6123265645213,153.65830411513525,13109
218.63211588539957,153.6819523719823,13110
218.6508049727526,153.70676513456527,13111
218.66839629322774,153.7327390204615,13112
218.68489230767403,153.75987064795856,13113
218.7002954705943,153.7881566365028,13114
218.71460822961348,153.81759360713122,13115
218.72783302496288,153.84817818288795,13116
218.7399722889811,153.87990698922482,13117
218.75102844563,153.9127766543862,13118
218.76100391002666,153.94678380977876,13119
218.7699010879907,153.98192509032577,13120
218.7777223756065,154.01819713480674,13121
218.78447015880067,154.05559658618168,13122
218.79014681293415,154.0941200919012,13123
218.7947547024088,154.13376430420197,13124
218.7982961802884,154.17452588038753,13125
218.80077358793383,154.21640148309578,13126
218.80218925465215,154.2593877805515,13127
218.80254549735952,154.30348144680573,13128
218.80184462025733,154.34867916196166,13129
218.8000889145223,154.39497761238633,13130
218.79728065800933,154.44237349090986,13131
218.7934221149674,154.49086349701122,13132
218.78851553576828,154.54044433699093,13133
218.78256315664802,154.59111272413134,13134
218.77556719946057,154.64286537884402,13135
218.76752987144405,154.69569902880474,13136
218.75845336499876,154.74961040907638,13137
218.7483398574772,154.80459626221952,13138
218.737191510986,154.8606533383911,13139
218.72501047219924,154.91777839543124,13140
218.71179887218315,154.97596819893863,13141
218.69755882623213,155.0352195223341,13142
218.682292433716,155.09552914691307,13143
218.66600177793785,155.15689386188677,13144
218.64868892600296,155.21931046441213,13145
218.63035592869807,155.28277575961144,13146
218.61100482038148,155.34728656058033,13147
218.59063761888308,155.41283968838593,13148
218.56925632541495,155.47943197205402,13149
218.54686292449156,155.54706024854622,13150
218.52345938386046,155.61572136272667,13151
218.49904765444225,155.68541216731876,13152
218.47362967028027,155.75612952285186,13153
218.4472073485002,155.82787029759837,13154
218.41978258927853,155.90063136750098,13155
218.39135727582084,155.97440961609027,13156
218.3619332743486,156.0492019343931,13157
218.33151243409574,156.12500522083153,13158
218.3000965873136,156.20181638111254,13159
218.267687549285,156.2796323281087,13160
218.2342871183468,156.35844998172993,13161
218.19989707592143,156.43826626878638,13162
218.16451918655662,156.51907812284247,13163
218.1281551979737,156.60088248406245,13164
218.0908068411242,156.68367629904745,13165
218.0524758302547,156.7674565206639,13166
218.01316386297987,156.852220107864,13167
217.9728726203636,156.93796402549768,13168
217.9316037670079,157.0246852441166,13169
217.88935895115023,157.11238073977017,13170
217.8461398047679,157.20104749379362,13171
217.801947943691,157.29068249258825,13172
217.75678496772267,157.38128272739417,13173
217.71065246076694,157.47284519405514,13174
217.66355199096418,157.5653668927761,13175
217.61548511083438,157.65884482787325,13176
217.56645335742726,157.75327600751666,13177
217.51645825248045,157.84865744346595,13178
217.46550130258439,157.9449861507984,13179
217.41358399935513,158.04225914763046,13180
217.36070781961376,158.14047345483186,13181
217.3068742255736,158.23962609573306,13182
217.25208466503415,158.33971409582588,13183
217.19634057158234,158.4407344824573,13184
217.1396433648008,158.5426842845168,13185
217.08199445048317,158.64556053211703,13186
217.02339522085646,158.7493602562678,13187
216.96384705481051,158.85408048854413,13188
216.90335131813399,158.95971826074762,13189
216.84190936375785,159.0662706045618,13190
216.77952253200536,159.17373455120088,13191
216.71619215084905,159.2821071310533,13192
216.65191953617466,159.39138537331826,13193
216.58670599205175,159.50156630563703,13194
216.52055281101133,159.6126469537181,13195
216.45346127433012,159.7246243409568,13196
216.3854326523219,159.83749548804875,13197
216.31646820463519,159.9512574125984,13198
216.24656918055834,160.06590712872136,13199
216.17573681933072,160.1814416466417,13200
216.1039723504614,160.29785797228368,13201
216.0312769940539,160.41515310685816,13202
215.95765196113842,160.53332404644394,13203
215.88309845401028,160.6523677815637,13204
215.8076176665753,160.77228129675527,13205
215.7312107847023,160.89306157013732,13206
215.65387898658196,161.01470557297066,13207
215.57562344309258,161.13721026921456,13208
215.49644531817285,161.26057261507793,13209
215.41634576920117,161.38478955856667,13210
215.33532594738202,161.50985803902535,13211
215.25338699813915,161.63577498667541,13212
215.17053006151517,161.76253732214823,13213
215.08675627257884,161.89014195601405,13214
215.00206676183842,162.0185857883069,13215
214.91646265566249,162.147865708045,13216
214.82994507670733,162.27797859274716,13217
214.7425151443514,162.40892130794532,13218
214.65417397513656,162.54069070669317,13219
214.56492268321674,162.67328362907082,13220
214.47476238081288,162.80669690168585,13221
214.38369417867543,162.9409273371708,13222
214.29171918655373,163.07597173367688,13223
214.19883851367217,163.21182687436448,13224
214.10505326921378,163.34848952689057,13225
214.01036456281062,163.4859564428922,13226
213.91477350504147,163.6242243574673,13227
213.81828120793634,163.76328998865276,13228
213.7208887854885,163.90315003689895,13229
213.62259735417337,164.0438011845418,13230
213.5234080334746,164.18524009527215,13231
213.42332194641747,164.3274634136023,13232
213.32234022010954,164.4704677643306,13233
213.22046398628808,164.61424975200305,13234
213.11769438187554,164.75880596037314,13235
213.0140325495413,164.9041329518591,13236
212.90947963827162,165.05022726699974,13237
212.80403680394613,165.19708542390802,13238
212.69770520992208,165.34470391772302,13239
212.59048602762567,165.49307922005988,13240
212.48238043715074,165.64220777845927,13241
212.37338962786487,165.79208601583437,13242
212.26351479902266,165.94271032991725,13243
212.15275716038644,166.0940770927041,13244
212.04111793285426,166.24618264989957,13245
211.92859834909532,166.3990233203602,13246
211.81519965419258,166.552595395537,13247
211.7009231062928,166.7068951389184,13248
211.5857699772639,166.86191878547166,13249
211.46974155335957,167.01766254108495,13250
211.35283913589137,167.1741225820093,13251
211.23506404190783,167.33129505430048,13252
211.11641760488118,167.48917607326106,13253
210.9969011754009,167.64776172288333,13254
210.87651612187503,167.8070480552928,13255
210.75526383123824,167.967031090192,13256
210.6331457096674,168.12770681430595,13257
210.510163183304,168.28907118082827,13258
210.38631769898416,168.451120108869,13259
210.261610724975,168.61384948290365,13260
210.13604375171886,168.777255152224,13261
210.0096182925839,168.9413329303913,13262
209.8823358846218,169.10607859469042,13263
209.7541980893326,169.27148788558767,13264
209.6252064934359,169.43755650619005,13265
209.49536270964933,169.6042801217075,13266
209.3646683774732,169.77165435891825,13267
209.23312516398207,169.93967480563705,13268
209.1007347646229,170.10833701018618,13269
208.9674989040194,170.27763648087148,13270
208.8334193367828,170.44756868546006,13271
208.69849784832923,170.61812905066333,13272
208.56273625570267,170.78931296162386,13273
208.42613640840435,170.96111576140646,13274
208.28870018922805,171.13353275049366,13275
208.1504295151012,171.3065591862865,13276
208.01132633793137,171.48019028260973,13277
207.87139264545888,171.6544212092228,13278
207.73063046211436,171.82924709133616,13279
207.58904184988174,172.00466300913283,13280
207.44662890916635,172.18066399729676,13281
207.30339377966808,172.35724504454666,13282
207.15933864125918,172.5344010931763,13283
207.01446571486665,172.7121270386022,13284
206.86877726335933,172.89041772891719,13285
206.7222755924387,173.06926796445177,13286
206.5749630515345,173.24867249734265,13287
206.4268420347032,173.42862603110902,13288
206.2779149815312,173.60912322023637,13289
206.12818437804023,173.79015866976928,13290
205.97765275759696,173.97172693491095,13291
205.82632270182498,174.15382252063333,13292
205.67419684151926,174.33643988129512,13293
205.52127785756375,174.51957342026776,13294
205.3675684818503,174.70321748957363,13295
205.21307149819992,174.88736638953077,13296
205.05778974328558,175.0720143684102,13297
204.90172610755593,175.2571556221006,13298
204.74488353616061,175.44278429378653,13299
204.5872650298755,175.62889447363384,13300
204.4288736460289,175.81548019848952,13301
204.26971249942721,176.00253545158918,13302
204.10978476328066,176.19005416227918,13303
203.94909367012798,176.3780302057477,13304
203.78764251276024,176.56645740276952,13305
203.62543464514314,176.75532951946235,13306
203.46247348333728,176.94464026705484,13307
203.29876250641644,177.134383301669,13308
203.13430525738306,177.32455222411306,13309
202.96910534408076,177.51514057969038,13310
202.803166440103,177.70614185801875,13311
202.63649228569844,177.89754949286603,13312
202.46908668867104,178.08935686199723,13313
202.3009535252762,178.28155728703786,13314
202.1320967411108,178.47414403335003,13315
201.9625203519979,178.66711030992437,13316
201.79222844486497,178.8604492692848,13317
201.62122517861516,179.0541540074111,13318
201.4495147849915,179.2482175636764,13319
201.277101569433,179.44263292079484,13320
201.10398991192275,179.63739300479398,13321
200.93018426782623,179.8324906849962,13322
200.75568916872132,180.0279187740229,13323
200.58050922321712,180.22367002778407,13324
200.40464911776303,180.41973714557207,13325
200.22811361744576,180.61611277004363,13326
200.05090756677546,180.81278948732484,13327
199.8730358904585,181.00975982708343,13328
199.694503594158,181.20701626263198,13329
199.51531576524008,181.40455121104688,13330
199.3354775735064,181.6023570333045,13331
199.15499427191136,181.80042603443476,13332
198.97387119726375,181.99875046369485,13333
198.79211377091255,182.19732251475932,13334
198.60972749941556,182.39613432592844,13335
198.42671797519046,182.5951779803584,13336
198.24309087714784,182.79444550630544,13337
198.05885197130527,182.9939288773939,13338
197.87400711138181,183.1936200128981,13339
197.68856223937198,183.39351077804827,13340
197.5025233860995,183.593592984353,13341
197.31589667174848,183.793858389942,13342
197.12868830637294,183.9942986999279,13343
196.940904590383,184.19490556678883,13344
196.7525519150074,184.3956705907697,13345
196.56363676273116,184.59658532030397,13346
196.37416570770904,184.79764125245532,13347
196.18414541615198,184.99882983337963,13348
195.99358264668766,185.20014245880603,13349
195.80248425069354,185.40157047454022,13350
195.61085717260212,185.60310517698622,13351
195.4187084501771,185.80473781368903,13352
195.22604521476035,186.00645958389842,13353
195.032874691489,186.20826163915234,13354
194.8392041994815,186.41013508388107,13355
194.64504115199196,186.61207097603202,13356
194.45039305653302,186.81406032771463,13357
194.25526751496537,187.0160941058668,13358
194.05967222355366,187.2181632329405,13359
193.86361497298915,187.42025858760906,13360
193.66710364837633,187.62237100549441,13361
193.47014622918505,187.82449127991487,13362
193.27275078916642,188.02661016265336,13363
193.07492549623186,188.2287183647463,13364
192.8766786122949,188.4308065572927,13365
192.67801849307563,188.6328653722831,13366
192.4789535878661,188.83488540344965,13367
192.27949243925735,189.03685720713526,13368
192.0796436828266,189.23877130318377,13369
191.87941604678466,189.44061817584907,13370
191.678818351583,189.64238827472525,13371
191.47785950947966,189.84407201569488,13372
191.2765485240637,190.04565978189817,13373
191.07489448973828,190.247141924721,13374
190.87290659116115,190.44850876480206,13375
190.6705941026427,190.64975059305922,13376
190.46796638750098,190.85085767173493,13377
190.2650328973739,191.05182023546,13378
190.06180317148699,191.2526284923362,13379
189.85828683587835,191.4532726250367,13380
189.65449360257892,191.65374279192488,13381
189.45043326874867,191.85402912819123,13382
189.24611571576824,192.05412174700683,13383
189.04155090828635,192.2540107406953,13384
188.8367488932219,192.45368618192083,13385
188.63171979872214,192.65313812489353,13386
188.42647383307502,192.85235660659097,13387
188.22102128357793,193.05133164799554,13388
188.01537251536035,193.25005325534832,13389
187.8095379701628,193.4485114214177,13390
187.6035281650709,193.64669612678344,13391
187.39735369120478,193.84459734113545,13392
187.19102521236405,194.04220502458696,13393
186.98455346362957,194.23950912900133,13394
186.7779492499205,194.43649959933293,13395
186.57122344450804,194.63316637498073,13396
186.36438698748657,194.82949939115522,13397
186.1574508842017,195.02548858025676,13398
185.95042620363535,195.22112387326658,13399
185.74332407675027,195.41639520114865,13400
185.53615569479192,195.61129249626288,13401
185.32893230755087,195.80580569378827,13402
185.1216652215831,195.99992473315632,13403
184.914365798393,196.1936395594939,13404
184.7070454525758,196.38694012507446,13405
184.49971564992256,196.57981639077852,13406
184.29238790548715,196.77225832756105,13407
184.08507378161752,196.96425591792664,13408
183.8777848859509,197.1557991574113,13409
183.67053286937295,197.34687805606993,13410
183.46332942394528,197.53748263997014,13411
183.2561862807978,197.72760295269006,13412
183.04911520798933,197.91722905682116,13413
182.8421280083397,198.1063510354743,13414
182.63523651722852,198.29495899378912,13415
182.42845260036765,198.4830430604457,13416
182.2217881515446,198.67059338917824,13417
182.0152550903408,198.85760016028928,13418
181.80886535982347,199.04405358216513,13419
181.60263092421476,199.22994389279052,13420
181.3965637665368,199.41526136126265,13421
181.1906758862369,199.59999628930362,13422
180.984979296792,199.78413901277048,13423
180.77948602329323,199.96767990316255,13424
180.57420810001807,200.15060936912488,13425
180.36915756797646,200.33291785794748,13426
180.16434647246146,200.51459585705956,13427
179.95978686056034,200.69563389551766,13428
179.75549077867163,200.87602254548796,13429
179.5514702700235,201.05575242372046,13430
179.3477373721583,201.23481419301643,13431
179.14430411441734,201.41319856368597,13432
178.94118251543512,201.59089629499726,13433
178.738384580614,201.76789819661528,13434
178.53592229960486,201.94419513002967,13435
178.33380764378114,202.11977800997144,13436
178.13205256372274,202.29463780581727,13437
177.93066898669323,202.468765542981,13438
177.72966881412867,202.6421523042913,13439
177.52906391912603,202.81478923135555,13440
177.32886614394533,202.98666752590805,13441
177.1290872975159,203.15777845114317,13442
176.92973915295659,203.32811333303175,13443
176.73083344510493,203.4976635616206,13444
176.53238186806502,203.66642059231438,13445
176.33439607276546,203.83437594713897,13446
176.1368876645378,204.0015212159859,13447
175.93986820071254,204.16784805783732,13448
175.74334918823467,204.3333482019705,13449
175.54734208130142,204.49801344914144,13450
175.35185827902285,204.6618356727473,13451
175.1569091231071,204.82480681996643,13452
174.96250589557064,204.98691891287592,13453
174.76865981647762,205.1481640495461,13454
174.5753820417065,205.30853440511103,13455
174.3826836607474,205.46802223281495,13456
174.1905756945307,205.6266198650338,13457
173.9990690932891,205.78431971427156,13458
173.8081747344525,205.94111427413088,13459
173.61790342057938,206.09699612025727,13460
173.42826587732384,206.25195791125677,13461
173.23927275144038,206.40599238958686,13462
173.05093460882836,206.55909238241907,13463
172.86326193261445,206.71125080247452,13464
172.67626512127836,206.86246064883085,13465
172.48995448681822,207.01271500770048,13466
172.30434025296066,207.1620070531802,13467
172.11943255341336,207.31033004797106,13468
171.93524143016322,207.45767734406968,13469
171.75177683181923,207.6040423834285,13470
171.56904861200246,207.74941869858716,13471
171.38706652778268,207.89379991327306,13472
171.20584023816224,208.03717974297146,13473
171.02537930260974,208.17955199546532,13474
170.845693179641,208.3209105713441,13475
170.66679122545082,208.4612494644816,13476
170.48868269259418,208.6005627624833,13477
170.31137672871844,208.73884464710184,13478
170.13488237534577,208.87608939462214,13479
169.95920856670764,209.0122913762148,13480
169.78436412863056,209.1474450582583,13481
169.61035777747352,209.28154500263062,13482
169.43719811911805,209.41458586696874,13483
169.26489364801,209.54656240489786,13484
169.09345274625417,209.67746946622904,13485
168.92288368276127,209.8073019971261,13486
168.75319461244752,209.93605504024157,13487
168.5843935754862,210.06372373482213,13488
168.4164884966128,210.1903033167831,13489
168.2494871844814,210.31578911875303,13490
168.08339733107408,210.44017657008774,13491
167.9182265111619,210.5634611968544,13492
167.7539821818179,210.68563862178627,13493
167.5906716819818,210.80670456420742,13494
167.42830223207562,210.92665483992857,13495
167.26688093367054,211.045485361114,13496
167.10641476920384,211.16319213611976,13497
166.94691060174696,211.27977126930358,13498
166.7883751748217,211.39521896080686,13499
166.63081511226687,211.50953150630932,13500
166.474236918153,211.62270529675598,13501
166.3186469767453,211.7347368180578,13502
166.1640515525139,211.84562265076548,13503
166.01045679019148,211.95535946971762,13504
165.8578687148763,212.06394404366316,13505
165.70629323218168,212.17137323485866,13506
165.55573612842986,212.27764399864097,13507
165.40620307088986,212.3827533829758,13508
165.2576996080591,212.48669852798238,13509
165.11023116998751,212.5894766654352,13510
164.96380306864324,212.69108511824248,13511
164.8184204983195,212.79152129990317,13512
164.67408853608177,212.8907827139415,13513
164.53081214225406,212.98886695332115,13514
164.38859616094356,213.08577169983784,13515
164.24744532060316,213.1814947234927,13516
164.10736423463035,213.27603388184554,13517
163.9683574020022,213.36938711934937,13518
163.83042920794463,213.46155246666626,13519
163.69358392463621,213.55252803996558,13520
163.5578257119444,213.64231204020464,13521
163.4231586181944,213.7309027523928,13522
163.28958658096826,213.81829854483922,13523
163.15711342793503,213.90449786838508,13524
163.02574287770918,213.98949925562079,13525
162.89547854073777,214.07330132008858,13526
162.7663239202148,214.1559027554713,13527
162.63828241302136,214.2373023347681,13528
162.51135731069144,214.31749890945667,13529
162.3855518004021,214.39649140864435,13530
162.26086896598656,214.47427883820666,13531
162.13731178897004,214.55086027991524,13532
162.01488314962688,214.6262348905555,13533
161.893585828058,214.7004019010338,13534
161.77342250528812,214.7733606154759,13535
161.65439576438115,214.84511041031598,13536
161.53650809157358,214.91565073337813,13537
161.4197618774243,214.9849811029494,13538
161.30415941798032,215.05310110684636,13539
161.18970291595733,215.1200104014745,13540
161.07639448193407,215.18570871088195,13541
160.96423613555984,215.2501958258072,13542
160.8532298067744,215.31347160272222,13543
160.74337733703877,215.37553596287074,13544
160.6346804805767,215.43638889130264,13545
160.5271409056259,215.49603043590471,13546
160.42076019569777,215.5544607064284,13547
160.31553985084503,215.61167987351484,13548
160.2114812889369,215.6676881677183,13549
160.10858584694034,215.72248587852724,13550
160.00685478220666,215.77607335338473,13551
159.90628927376355,215.82845099670803,13552
159.8068904236107,215.87961926890785,13553
159.70865925801886,215.92957868540768,13554
159.61159672883164,215.97832981566378,13555
159.5157037147691,216.0258732821862,13556
159.42098102273283,216.07220975956102,13557
159.3274293891113,216.11733997347454,13558
159.23504948108535,216.16126469973958,13559
159.14384189793284,216.20398476332417,13560
159.05380717233223,216.24550103738346,13561
158.9649457716638,216.28581444229454,13562
158.87725809930893,216.32492594469522,13563
158.79074449594577,216.36283655652645,13564
158.70540524084154,216.3995473340793,13565
158.62124055314095,216.43505937704617,13566
158.5382505931491,216.4693738275774,13567
158.4564354636103,216.50249186934278,13568
158.3757952109802,216.53441472659836,13569
158.2963298266927,216.56514366325973,13570
158.21803924841936,216.59467998198048,13571
158.14092336132273,216.62302502323774,13572
158.06498199930135,216.65018016442383,13573
157.99021494622747,216.67614681894483,13574
157.9166219371765,216.70092643532638,13575
157.84420265964746,216.72452049632653,13576
157.77295675477487,216.74693051805622,13577
157.70288381853115,216.7681580491073,13578
157.63398340291928,216.78820466968895,13579
157.56625501715573,216.80707199077128,13580
157.49969812884288,216.8247616532383,13581
157.43431216513093,216.84127532704863,13582
157.3700965138694,216.85661471040487,13583
157.30705052474673,216.8707815289322,13584
157.24517351041945,216.88377753486552,13585
157.184464747629,216.8956045062457,13586
157.1249234783074,216.90626424612546,13587
157.0665489106705,216.91575858178396,13588
157.0093402202992,216.9240893639514,13589
156.9532965512084,216.93125846604283,13590
156.89841701690332,216.93726778340215,13591
156.84470070142288,216.94211923255526,13592
156.79214666037078,216.94581475047357,13593
156.74075392193288,216.9483562938474,13594
156.69052148788234,216.9497458383694,13595
156.64144833457055,216.949985378028,13596
156.59353341390553,216.94907692441117,13597
156.54677565431635,216.94702250602086,13598
156.50117396170432,216.94382416759666,13599
156.45672722038063,216.93948396945123,13600
156.4134342939897,216.9340039868152,13601
156.37129402641978,216.9273863091928,13602
156.33030524269884,216.91963303972818,13603
156.2904667498772,216.910746294582,13604
156.25177733789593,216.90072820231893,13605
156.2142357804415,216.88958090330541,13606
156.17784083578664,216.87730654911823,13607
156.1425912476166,216.86390730196376,13608
156.10848574584253,216.84938533410764,13609
156.07552304739988,216.8337428273153,13610
156.0437018570332,216.81698197230304,13611
156.01302086806717,216.79910496820006,13612
155.9834787631634,216.7801140220205,13613
155.95507421506338,216.7600113481469,13614
155.9278058873177,216.7387991678237,13615
155.90167243500102,216.71647970866167,13616
155.87667250541358,216.6930552041529,13617
155.8528047387685,216.6685278931964,13618
155.83006776886577,216.64290001963423,13619
155.80846022375206,216.61617383179814,13620
155.7879807263672,216.58835158206693,13621
155.7686278951768,216.55943552643404,13622
155.7504003447914,216.529427924086,13623
155.73329668657203,216.4983310369907,13624
155.71731552922245,216.46614712949687,13625
155.70245547936784,216.4328784679433,13626
155.68871514212026,216.39852732027876,13627
155.67609312163074,216.36309595569196,13628
155.6645880216283,216.32658664425196,13629
155.65419844594587,216.28900165655887,13630
155.64492299903287,216.25034326340457,13631
155.63676028645514,216.21061373544367,13632
155.62970891538183,216.16981534287453,13633
155.6237674950596,216.12795035513034,13634
155.61893463727372,216.08502104058041,13635
155.6152089567967,216.04102966624123,13636
155.61258907182471,215.99597849749736,13637
155.6110736044007,215.94986979783263,13638
155.6106611808257,215.9027058285708,13639
155.61135043205755,215.8544888486262,13640
155.61313999409734,215.8052211142641,13641
155.6160285083636,215.75490487887072,13642
155.62001462205455,215.70354239273308,13643
155.62509698849811,215.6511359028284,13644
155.63127426749006,215.59768765262282,13645
155.63854512562028,215.5431998818803,13646
155.64690823658705,215.48767482648023,13647
155.65636228149995,215.43111471824517,13648
155.66690594917065,215.37352178477747,13649
155.67853793639256,215.31489824930583,13650
155.69125694820846,215.25524633054053,13651
155.70506169816727,215.1945682425385,13652
155.719950908569,215.13286619457745,13653
155.73592331069844,215.07014239103904,13654
155.75297764504785,215.00639903130153,13655
155.7711126615282,214.94163830964143,13656
155.79032711966966,214.87586241514407,13657
155.81061978881033,214.80907353162368,13658
155.83198944827495,214.74127383755211,13659
155.85443488754203,214.67246550599674,13660
155.8779549064,214.60265070456725,13661
155.9025483150931,214.53183159537141,13662
155.92821393445607,214.46001033497998,13663
155.95495059603826,214.3871890744001,13664
155.98275714221694,214.31336995905784,13665
156.01163242630034,214.23855512878927,13666
156.04157531261953,214.16274671784112,13667
156.07258467661046,214.08594685487904,13668
156.10465940488473,214.0081576630057,13669
156.13779839529053,213.92938125978705,13670
156.17200055696293,213.84961975728757,13671
156.20726481036354,213.76887526211414,13672
156.24359008731005,213.68714987546866,13673
156.28097533099552,213.60444569320924,13674
156.31941949599695,213.5207648059203,13675
156.3589215482739,213.4361092989911,13676
156.39948046515676,213.35048125270333,13677
156.44109523532447,213.26388274232653,13678
156.4837648587724,213.17631583822325,13679
156.52748834676964,213.0877826059621,13680
156.5722647218063,212.99828510643957,13681
156.61809301753027,212.90782539601068,13682
156.66497227867427,212.81640552662816,13683
156.71290156097177,212.72402754599028,13684
156.76187993106382,212.6306934976973,13685
156.81190646639453,212.53640542141676,13686
156.86298025509697,212.4411653530571,13687
156.9151003958688,212.3449753249502,13688
156.96826599783708,212.24783736604252,13689
157.02247618041346,212.149753502095,13690
157.07773007313833,212.05072575589162,13691
157.13402681551548,211.9507561474565,13692
157.19136555683542,211.84984669428002,13693
157.2497454559892,211.74799941155362,13694
157.309165681271,211.64521631241317,13695
157.369625410171,211.5414994081913,13696
157.4311238291572,211.43685070867852,13697
157.49366013344675,211.33127222239315,13698
157.55723352676713,211.2247659568601,13699
157.6218432211061,211.11733391889848,13700
157.68748843645153,211.0089781149181,13701
157.75416840051992,210.89970055122512,13702
157.82188234847482,210.78950323433622,13703
157.89062952263382,210.67838817130226,13704
157.96040917216487,210.56635737004058,13705
158.0312205527718,210.45341283967625,13706
158.10306292636875,210.33955659089298,13707
158.17593556074323,210.2247906362925,13708
158.24983772920865,210.10911699076337,13709
158.32476871024485,209.9925376718588,13710
158.40072778712826,209.87505470018397,13711
158.47771424754987,209.7566700997922,13712
158.55572738322238,209.63738589859068,13713
158.63476648947557,209.5172041287554,13714
158.71483086484022,209.3961268271552,13715
158.79591981062023,209.2741560357858,13716
158.87803263045313,209.1512938022123,13717
158.96116862985892,209.02754218002218,13718
159.0453271157766,208.90290322928692,13719
159.13050739608923,208.77737901703347,13720
159.2167087791366,208.65097161772536,13721
159.30393057321578,208.52368311375335,13722
159.3921720860696,208.3955155959353,13723
159.48143262436264,208.26647116402637,13724
159.57171149314502,208.13655192723823,13725
159.66300799530345,208.00576000476852,13726
159.75532143099977,207.8740975263395,13727
159.8486510970971,207.74156663274718,13728
159.9429962865727,207.6081694764193,13729
160.0383562879186,207.47390822198415,13730
160.1347303845286,207.3387850468484,13731
160.2321178540731,207.20280214178527,13732
160.33051796785986,207.06596171153245,13733
160.42992999018244,206.9282659753999,13734
160.5303531776546,206.78971716788772,13735
160.63178677853213,206.65031753931356,13736
160.73423003202035,206.5100693564506,13737
160.83768216756903,206.36897490317494,13738
160.9421424041526,206.22703648112338,13739
161.04760994953799,206.08425641036075,13740
161.1540839995373,205.94063703005773,13741
161.2615637372479,205.79618069917797,13742
161.37004833227778,205.65088979717598,13743
161.47953693995714,205.50476672470447,13744
161.59002870053632,205.3578139043316,13745
161.7015227383691,205.21003378126832,13746
161.81401816108217,205.06142882410592,13747
161.9275140587302,204.91200152556266,13748
162.0420095029371,204.76175440324135,13749
162.15750354602218,204.61069000039564,13750
162.27399522011297,204.45881088670689,13751
162.39148353624256,204.30611965907036,13752
162.5099674834338,204.15261894239154,13753
162.6294460277679,203.99831139039125,13754
162.74991811143937,203.84319968642146,13755
162.87138265179618,203.6872865442896,13756
162.99383854036563,203.53057470909283,13757
163.11728464186555,203.37306695806163,13758
163.24171979320136,203.2147661014124,13759
163.36714280244848,203.05567498320946,13760
163.4935524478205,202.89579648223602,13761
163.62094747662283,202.735133512874,13762
163.74932660419236,202.57368902599293,13763
163.87868851282235,202.41146600984726,13764
164.00903185067372,202.24846749098236,13765
164.14035523067167,202.08469653514913,13766
164.27265722938887,201.92015624822648,13767
164.405936385914,201.75484977715234,13768
164.540191200707,201.58878031086223,13769
164.6754201344406,201.42195108123582,13770
164.81162160682774,201.2543653640511,13771
164.9487939954361,201.08602647994567,13772
165.08693563448915,200.91693779538534,13773
165.22604481365403,200.7471027236396,13774
165.36611977681662,200.5765247257639,13775
165.50715872084348,200.40520731158813,13776
165.64915979433195,200.23315404071158,13777
165.79212109634733,200.06036852350354,13778
165.93604067514826,199.88685442210976,13779
166.0809165269001,199.71261545146413,13780
166.2267465943772,199.53765538030535,13781
166.3735287656535,199.3619780321984,13782
166.52126087278228,199.1855872865605,13783
166.66994069046555,199.00848707969075,13784
166.81956593471284,198.83068140580394,13785
166.97013426149027,198.65217431806698,13786
167.1216432653603,198.47296992963908,13787
167.27409047811153,198.29307241471378,13788
167.42747336738117,198.11248600956333,13789
167.58178933526787,197.9312150135846,13790
167.73703571693784,197.74926379034642,13791
167.89320977922262,197.5666367686375,13792
168.05030871921116,197.38333844351473,13793
168.20832966283447,197.1993733773509,13794
168.36726966344568,197.01474620088246,13795
168.5271257003939,196.82946161425505,13796
168.6878946775941,196.64352438806813,13797
168.84957342209285,196.45693936441657,13798
169.01215868263066,196.26971145792973,13799
169.1756471282019,196.081845656807,13800
169.34003534661238,195.89334702384892,13801
169.505319843036,195.70422069748392,13802
169.6714970385705,195.51447189278966,13803
169.8385632687939,195.3241059025078,13804
170.00651478232118,195.133128098053,13805
170.17534773936381,194.94154393051375,13806
170.34505821029103,194.74935893164547,13807
170.51564217419494,194.55657871485485,13808
170.68709551745982,194.3632089761743,13809
170.85941403233716,194.16925549522688,13810
171.03259341552638,193.97472413617902,13811
171.2066292667627,193.7796208486828,13812
171.3815170874138,193.58395166880425,13813
171.55725227908474,193.38772271993938,13814
171.73383014223364,193.19094021371507,13815
171.9112458747983,192.99361045087562,13816
172.0894945708353,192.79573982215257,13817
172.26857121917212,192.59733480911862,13818
172.44847070207425,192.39840198502304,13819
172.62918779392763,192.19894801560883,13820
172.81071715993792,191.9989796599107,13821
172.99305335484758,191.7985037710322,13822
173.17619082167286,191.59752729690152,13823
173.36012389046005,191.39605728100585,13824
173.54484677706483,191.19410086310123,13825
173.73035358195307,190.9916652798992,13826
173.91663828902685,190.78875786572823,13827
174.10369476447588,190.5853860531689,13828
174.29151675565498,190.38155737366154,13829
174.48009788999107,190.17727945808693,13830
174.6694316739181,189.972560037317,13831
174.85951149184424,189.76740694273576,13832
175.05033060515007,189.56182810672956,13833
175.24188215122183,189.35583156314482,13834
175.43415914251773,189.14942544771287,13835
175.62715446567285,188.94261799844108,13836
175.82086088064005,188.73541755596855,13837
176.0152710198705,188.52783256388602,13838
176.2103773875364,188.31987156901863,13839
176.4061723587927,188.11154322167073,13840
176.60264817908546,187.90285627583177,13841
176.79979696350287,187.69381958934184,13842
176.99761069617338,187.48444212401714,13843
177.19608122971164,187.27473294573207,13844
177.39520028471327,187.0647012244604,13845
177.59495944930026,186.85435623427068,13846
177.79535017871783,186.64370735327827,13847
177.99636379498517,186.43276406355142,13848
178.19799148659962,186.22153595097052,13849
178.40022430829958,186.0100327050402,13850
178.6030531808802,185.7982641186532,13851
178.80646889107103,185.58624008780492,13852
179.01046209147276,185.37397061125864,13853
179.21502330055614,185.16146579015953,13854
179.4201429027183,184.94873582759686,13855
179.6258111484089,184.7357910281154,13856
179.83201815431727,184.52264179717264,13857
180.03875390361705,184.3092986405427,13858
180.24600824632606,184.09577216366642,13859
180.45377089962963,183.8820730709468,13860
180.66203144838565,183.66821216498803,13861
180.87077934564377,183.45420034578004,13862
181.0800039132344,183.24004860982535,13863
181.28969434244448,183.02576804920986,13864
181.49983969475664,182.81136985061613,13865
181.7104289026683,182.59686529427876,13866
181.92145077057683,182.3822657528821,13867
182.13289397574616,182.1675826903998,13868
182.34474706934643,181.95282766087516,13869
182.55699847756702,181.7380123071436,13870
182.76963650280962,181.5231483594969,13871
182.98264932495408,181.30824763428507,13872
183.1960250027051,181.09332203246444,13873
183.40975147501211,180.8783835380828,13874
183.62381656257068,180.66344421670854,13875
183.83820796939702,180.44851621379715,13876
184.05291328448453,180.23361175300315,13877
184.26791998353343,180.01874313441226,13878
184.48321543076165,179.80392273284576,13879
184.6987868807908,179.5891629957607,13880
184.91462148060847,179.37447644158647,13881
185.1307062716098,179.1598756575978,13882
185.34702819171156,178.9453732979273,13883
185.56357407754567,178.7309820814686,13884
185.78033066672435,178.51671478973296,13885
185.99728460018184,178.3025842646537,13886
186.2144224245878,178.08860340633268,13887
186.4317305948357,177.87478517073703,13888
186.64919547660026,177.6611425673457,13889
186.86680334896752,177.44768865674186,13890
187.0845404071335,177.23443654815838,13891
187.3023927651714,177.02139939697398,13892
187.52034645886565,176.80859040216228,13893
187.73838744861197,176.59602280369538,13894
187.95650162238087,176.38370987990223,13895
188.17467479874477,176.17166494478278,13896
188.39289272996498,175.9599013452818,13897
188.61114110513853,175.7484324585216,13898
188.82940555340227,175.5372716889954,13899
189.04767164719271,175.3264324657235,13900
189.2659249055592,175.11592823937372,13901
189.48415079752866,174.90577247934823,13902
189.70233474551992,174.6959786708371,13903
189.92046212880553,174.48656031184194,13904
190.138518287018,174.27753091017098,13905
190.35648852369917,174.06890398040633,13906
190.57435810989023,173.8606930408472,13907
190.79211228775884,173.65291161043027,13908
191.00973627426245,173.44557320562765,13909
191.2272152648438,173.2386913373278,13910
191.4445344371575,173.03227950769778,13911
191.66167895482337,172.82635120703202,13912
191.87863397120498,172.62091991058762,13913
192.095384633211,172.4159990754095,13914
192.31191608511466,172.21160213714697,13915
192.52821347239123,172.00774250686413,13916
192.74426194556793,171.80443356784673,13917
192.96004666408572,171.60168867240688,13918
193.17555280016848,171.39952113868821,13919
193.39076554269752,171.19794424747465,13920
193.60567010108826,170.99697123900276,13921
193.82025170916555,170.79661530978328,13922
194.0344956290364,170.59688960943043,13923
194.24838715495474,170.39780723750457,13924
194.4619116171774,170.19938124036747,13925
194.67505438580721,170.0016246080557,13926
194.88780087462075,169.80455027117074,13927
195.10013654487722,169.60817109779143,13928
195.31204690910658,169.41249989040864,13929
195.52351753487335,169.21754938288515,13930
195.73453404851307,169.02333223744336,13931
195.94508213883896,168.82986104168242,13932
196.15514756081637,168.6371483056261,13933
196.36471613920128,168.445206458806,13934
196.57377377214092,168.25404784737898,13935
196.78230643473373,168.06368473128322,13936
196.99030018254572,167.87412928143362,13937
197.19774115508105,167.68539357695923,13938
197.40461557920412,167.49748960248363,13939
197.61090977251075,167.31042924545125,13940
197.81661014664627,167.12422429350053,13941
198.0217032105675,166.9388864318862,13942
198.22617557374775,166.75442724095157,13943
198.43001394932105,166.57085819365383,13944
198.63320515716472,166.38819065314243,13945
198.83573612691762,166.206435870393,13946
199.03759390093248,166.0256049818981,13947
199.23876563716007,165.8457090074158,13948
199.4392386119638,165.66675884777766,13949
199.63900022286307,165.48876528275773,13950
199.8380379912033,165.31173896900313,13951
200.0363395647513,165.13569043802752,13952
200.23389272021532,164.9606300942688,13953
200.430685365687,164.78656821321192,13954
200.62670554300522,164.6135149395772,13955
200.82194143004003,164.44148028557572,13956
201.01638134289578,164.2704741292323,13957
201.21001373803273,164.10050621277645,13958
201.40282721430557,163.93158614110237,13959
201.5948105149187,163.76372338029836,13960
201.78595252929753,163.59692725624595,13961
201.976242294875,163.4312069532895,13962
202.16566899879248,163.26657151297653,13963
202.35422197951553,163.1030298328686,13964
202.5418907283635,162.94059066542374,13965
202.72866489095276,162.77926261694972,13966
202.91453426855387,162.619054146629,13967
203.09948881936205,162.4599735656145,13968
203.28351865968173,162.302029036197,13969
203.4666140650244,162.14522857104353,13970
203.64876547112067,161.98958003250615,13971
203.82996347484655,161.835091132002,13972
204.01019883506459,161.68176942946303,13973
204.18946247337956,161.52962233285595,13974
204.3677454748105,161.37865709777108,13975
204.54503908837836,161.22888082708053,13976
204.72133472761078,161.08030047066455,13977
204.89662397096475,160.93292282520514,13978
205.07089856216746,160.7867545340471,13979
205.24415041047635,160.6418020871252,13980
205.41637159086028,160.49807182095623,13981
205.58755434410105,160.35556991869666,13982
205.7576910768178,160.21430241026295,13983
205.9267743614151,160.0742751725153,13984
206.09479693595557,159.9354939295031,13985
206.26175170395814,159.7979642527707,13986
206.4276317341241,159.66169156172379,13987
206.5924302599915,159.52668112405348,13988
206.75614067951918,159.39293805621864,13989
206.9187565546027,159.26046732398413,13990
207.08027161052266,159.1292737430145,13991
207.24067973532732,158.9993619795215,13992
207.3999749791513,158.8707365509643,13993
207.55815155347148,158.74340182680146,13994
207.71520383030173,158.61736202929245,13995
207.87112634132825,158.49262123434877,13996
208.02591377698735,158.3691833724321,13997
208.1795609854865,158.24705222949862,13998
208.33206297177125,158.1262314479886,13999
208.4834148964393,158.0067245278589,14000
208.6336120746031,157.88853482765788,14001
208.78264997470322,157.7716655656409,14002
208.930524217274,157.65611982092508,14003
209.07723057366294,157.54190053468207,14004
209.2227649647058,157.42901051136676,14005
209.36712345935936,157.31745241998203,14006
209.51030227329287,157.20722879537598,14007
209.6522977674405,157.09834203957246,14008
209.7931064465164,156.9907944231317,14009
209.93272495749358,156.88458808654053,14010
210.07115008804925,156.77972504163108,14011
210.2083787649774,156.67620717302535,14012
210.34440805257034,156.5740362396058,14013
210.47923515097187,156.47321387600934,14014
210.61285739450233,156.37374159414404,14015
210.74527224995816,156.27562078472698,14016
210.87647731488704,156.17885271884217,14017
211.00647031584052,156.08343854951661,14018
211.13524910660527,155.989379313314,14019
211.2628116664153,155.89667593194412,14020
211.38915609814558,155.80532921388692,14021
211.51428062648947,155.71533985603048,14022
211.63818359612094,155.6267084453204,14023
211.7608634698431,155.5394354604209,14024
211.88231882672474,155.45352127338532,14025
212.00254836022586,155.36896615133546,14026
212.1215508763136,155.28577025814823,14027
212.2393252915704,155.20393365614905,14028
212.35587063129506,155.12345630781,14029
212.47118602759826,155.04433807745232,14030
212.58527071749378,154.9665787329527,14031
212.6981240409866,154.89017794745064,14032
212.80974543915926,154.81513530105767,14033
212.92013445225697,154.74145028256626,14034
213.0292907177735,154.66912229115843,14035
213.13721396853833,154.59815063811214,14036
213.2439040308062,154.5285345485052,14037
213.34936082235023,154.46027316291563,14038
213.45358435055948,154.39336553911767,14039
213.55657471054198,154.3278106537727,14040
213.6583320832341,154.2636074041139,14041
213.75885673351718,154.2007546096244,14042
213.85814900834222,154.1392510137077,14043
213.9562093348637,154.07909528535,14044
214.0530382185829,154.02028602077345,14045
214.1486362415019,153.96282174507994,14046
214.24300406028883,153.90670091388452,14047
214.3361424044549,153.85192191493798,14048
214.4280520745446,153.79848306973784,14049
214.51873394033828,153.74638263512765,14050
214.6081889390696,153.69561880488297,14051
214.6964180736568,153.64618971128522,14052
214.78342241094936,153.59809342668092,14053
214.86920307999026,153.55132796502753,14054
214.95376127029414,153.5058912834244,14055
215.03709823014213,153.4617812836288,14056
215.11921526489385,153.41899581355648,14057
215.20011373531673,153.37753266876658,14058
215.27979505593316,153.33738959393028,14059
215.35826069338603,153.29856428428306,14060
215.43551216482277,153.26105438705986,14061
215.5115510362983,153.22485750291352,14062
215.58637892119714,153.18997118731522,14063
215.65999747867534,153.15639295193802,14064
215.73240841212186,153.1241202660216,14065
215.8036134676399,153.0931505577196,14066
215.87361443254892,153.06348121542786,14067
215.94241313390663,153.03510958909482,14068
216.0100114370517,153.0080329915125,14069
216.07641124416747,152.98224869958918,14070
216.14161449286624,152.95775395560227,14071
216.20562315479484,152.93454596843307,14072
216.26843923426114,152.91262191478083,14073
216.33006476688192,152.89197894035885,14074
216.39050181825206,152.87261416107003,14075
216.44975248263492,152.8545246641634,14076
216.50781888167427,152.83770750937072,14077
216.56470316312763,152.8221597300238,14078
216.62040749962097,152.80787833415172,14079
216.67493408742473,152.79486030555861,14080
216.72828514525173,152.78310260488146,14081
216.7804629130759,152.77260217062857,14082
216.83146965097265,152.76335592019788,14083
216.88130763798065,152.75536075087578,14084
216.9299791709846,152.74861354081645,14085
216.97748656361938,152.74311115000114,14086
217.02383214519503,152.73885042117828,14087
217.0690182596433,152.73582818078395,14088
217.11304726448424,152.73404123984278,14089
217.15592152981452,152.73348639484973,14090
217.1976434373157,152.7341604286322,14091
217.23821537928336,152.73606011119347,14092
217.27763975767692,152.7391822005365,14093
217.315918983189,152.7435234434692,14094
217.35305547433583,152.74908057639027,14095
217.38905165656692,152.75585032605696,14096
217.423909961395,152.76382941033359,14097
217.4576328255455,152.7730145389216,14098
217.49022269012548,152.78340241407165,14099
217.52168199981205,152.79498973127681,14100
217.55201320205978,152.8077731799483,14101
217.58121874632715,152.82174944407257,14102
217.6093010833221,152.83691520285092,14103
217.63626266426547,152.8532671313216,14104
217.6621059401738,152.87080190096378,14105
217.68683336115961,152.8895161802847,14106
217.71044737575014,152.9094066353893,14107
217.7329504302238,152.9304699305329,14108
217.75434496796424,152.9527027286568,14109
217.77463342883198,152.97610169190733,14110
217.7938182485531,153.00066348213838,14111
217.81190185812528,153.0263847613971,14112
217.82888668324037,153.05326219239396,14113
217.84477514372392,153.0812924389561,14114
217.8595696529907,153.11047216646534,14115
217.873272617517,153.1407980422802,14116
217.88588643632843,153.17226673614215,14117
217.89741350050429,153.20487492056688,14118
217.90785619269636,153.23861927122022,14119
217.91721688666453,153.27349646727873,14120
217.92549794682657,153.3095031917759,14121
217.93270172782337,153.3466361319332,14122
217.93883057409906,153.38489197947686,14123
217.94388681949542,153.42426743094035,14124
217.94787278686115,153.4647591879523,14125
217.95079078767492,153.5063639575109,14126
217.9526431216828,153.54907845224403,14127
217.95343207654935,153.59289939065607,14128
217.9531599275223,153.63782349736084,14129
217.95182893711092,153.68384750330142,14130
217.94944135477743,153.73096814595678,14131
217.94599941664157,153.77918216953537,14132
217.94150534519807,153.82848632515575,14133
217.93596134904692,153.87887737101462,14134
217.92936962263596,153.93035207254243,14135
217.92173234601606,153.9829072025464,14136
217.91305168460843,154.03653954134134,14137
217.9033297889837,154.09124587686864,14138
217.89256879465339,154.1470230048031,14139
217.88077082187237,154.20386772864813,14140
217.86793797545351,154.26177685981924,14141
217.85407234459313,154.32074721771616,14142
217.839176002708,154.38077562978364,14143
217.82325100728323,154.44185893156106,14144
217.80629939973116,154.50399396672097,14145
217.78832320526075,154.56717758709675,14146
217.76932443275794,154.63140665269958,14147
217.74930507467613,154.69667803172487,14148
217.7282671069371,154.76298860054794,14149
217.70621248884217,154.83033524370956,14150
217.6831431629932,154.8987148538914,14151
217.6590610552237,154.968124331881,14152
217.6339680745398,155.03856058652715,14153
217.60786611307034,155.1100205346854,14154
217.58075704602723,155.18250110115346,14155
217.55264273167458,155.2559992185976,14156
217.5235250113077,155.3305118274692,14157
217.4934057092407,155.40603587591207,14158
217.4622866328036,155.4825683196604,14159
217.4301695723483,155.56010612192784,14160
217.39705630126338,155.63864625328722,14161
217.36294857599734,155.7181856915419,14162
217.32784813609138,155.79872142158754,14163
217.29175670421975,155.88025043526602,14164
217.25467598623928,155.96276973121022,14165
217.21660767124678,156.0462763146804,14166
217.17755343164544,156.13076719739257,14167
217.1375149232186,156.21623939733783,14168
217.09649378521237,156.30268993859454,14169
217.05449164042594,156.39011585113133,14170
217.01151009531006,156.47851417060298,14171
216.96755074007334,156.5678819381379,14172
216.92261514879652,156.65821620011795,14173
216.87670487955438,156.74951400795055,14174
216.82982147454547,156.84177241783317,14175
216.7819664602296,156.9349884905102,14176
216.7331413474729,157.02915929102238,14177
216.68334763170017,157.12428188844893,14178
216.6325867930553,157.22035335564246,14179
216.58086029656863,157.3173707689561,14180
216.528169592332,157.41533120796447,14181
216.4745161156812,157.51423175517678,14182
216.41990128738553,157.61406949574317,14183
216.36432651384496,157.71484151715455,14184
216.3077931872943,157.8165449089349,14185
216.25030268601483,157.91917676232757,14186
216.191856374553,158.0227341699743,14187
216.13245560394625,158.1272142255882,14188
216.0721017119561,158.23261402361962,14189
216.01079602330842,158.33893065891598,14190
215.94853984994066,158.44616122637527,14191
215.8853344912562,158.554302820593,14192
215.82118123438593,158.66335253550284,14193
215.75608135445668,158.77330746401154,14194
215.69003611486687,158.8841646976274,14195
215.623046767569,158.99592132608268,14196
215.5551145533596,159.10857443695042,14197
215.48624070217554,159.22212111525488,14198
215.41642643339802,159.33655844307677,14199
215.34567295616313,159.4518834991521,14200
215.2739814696798,159.56809335846577,14201
215.20135316355436,159.68518509183951,14202
215.12778921812253,159.80315576551425,14203
215.05329080478813,159.92200244072674,14204
214.97785908636905,160.0417221732815,14205
214.90149521745022,160.16231201311652,14206
214.82420034474345,160.28376900386462,14207
214.7459756074546,160.40609018240878,14208
214.66682213765776,160.52927257843322,14209
214.58674106067642,160.65331321396866,14210
214.50573349547173,160.77820910293315,14211
214.42380055503824,160.90395725066776,14212
214.3409433468063,161.03055465346762,14213
214.25716297305195,161.15799829810814,14214
214.1724605313138,161.28628516136658,14215
214.08683711481723,161.4154122095389,14216
214.00029381290594,161.5453763979527,14217
213.91283171148035,161.6761746704746,14218
213.82445189344364,161.80780395901482,14219
213.73515543915494,161.94026118302594,14220
213.64494342688977,162.0735432489988,14221
213.553816933308,162.20764704995335,14222
213.46177703392902,162.34256946492613,14223
213.36882480361427,162.4783073584536,14224
213.27496131705738,162.6148575800516,14225
213.1801876492814,162.7522169636913,14226
213.08450487614402,162.8903823272711,14227
212.9879140748497,163.02935047208572,14228
212.89041632446967,163.16911818229104,14229
212.79201270646934,163.3096822243663,14230
212.69270430524338,163.45103934657243,14231
212.59249220865826,163.59318627840779,14232
212.4913775086023,163.73611973006072,14233
212.38936130154374,163.879836391859,14234
212.28644468909596,164.02433293371658,14235
212.18262877859078,164.16960600457784,14236
212.07791468365906,164.3156522318591,14237
211.97230352481958,164.46246822088744,14238
211.865796430075,164.6100505543377,14239
211.75839453551586,164.75839579166694,14240
211.65009898593254,164.90750046854657,14241
211.54091093543454,165.05736109629314,14242
211.43083154807795,165.20797416129676,14243
211.31986199850047,165.35933612444813,14244
211.20800347256426,165.5114434205638,14245
211.09525716800667,165.6642924578099,14246
210.9816242950987,165.81787961712533,14247
210.8671060773114,165.97220125164262,14248
210.7517037519898,166.12725368610882,14249
210.63541857103507,166.283033216305,14250
210.51825180159398,166.43953610846532,14251
210.4002047267565,166.59675859869537,14252
210.28127864626111,166.75469689239026,14253
210.16147487720775,166.9133471636525,14254
210.0407947547787,167.07270555470964,14255
209.9192396329669,167.2327681753325,14256
209.79681088531228,167.39353110225298,14257
209.67350990564557,167.55499037858308,14258
209.54933810883966,167.7171420132341,14259
209.42429693156888,167.8799819803367,14260
209.29838783307542,168.04350621866223,14261
209.1716122959435,168.20771063104485,14262
209.04397182688106,168.3725910838056,14263
208.9154679575086,168.53814340617748,14264
208.78610224515558,168.70436338973263,14265
208.65587627366392,168.87124678781146,14266
208.52479165419894,169.03878931495382,14267
208.39285002606707,169.20698664633287,14268
208.26005305754114,169.37583441719104,14269
208.126402446692,169.54532822227935,14270
207.99189992222742,169.7154636152995,14271
207.8565472443378,169.88623610834904,14272
207.72034620554828,170.05764117137028,14273
207.58329863157752,170.22967423160296,14274
207.44540638220295,170.4023306730405,14275
207.30667135213235,170.5756058358905,14276
207.1670954718816,170.74949501603996,14277
207.0266807086583,170.92399346452493,14278
206.88542906725152,171.0990963870045,14279
206.74334259092723,171.27479894324102,14280
206.6004233623293,171.45109624658437,14281
206.45667350438566,171.627983363463,14282
206.31209518122026,171.8054553128802,14283
206.16669059906943,171.98350706591629,14284
206.02046200720366,172.1621335452376,14285
205.8734116988537,172.34132962461217,14286
205.7255420121411,172.52109012843175,14287
205.57685533101318,172.70140983124134,14288
205.42735408618174,172.8822834572762,14289
205.27704075606593,173.06370568000602,14290
205.12591786773794,173.2456711216879,14291
204.9739879978728,173.42817435292667,14292
204.82125377370045,173.61120989224412,14293
204.6677178739609,173.79477220565684,14294
204.51338302986167,173.9788557062632,14295
204.35825202603738,174.16345475384,14296
204.20232770151136,174.3485636544473,14297
204.0456129506583,174.53417666004532,14298
203.88811072416848,174.72028796811904,14299
203.72982403001285,174.90689172131567,14300
203.57075593440823,175.0939820070907,14301
203.41090956278296,175.2815528573659,14302
203.25028810074227,175.46959824819925,14303
203.0888947950328,175.65811209946477,14304
202.9267329545064,175.847088274546,14305
202.76380595108236,176.03652058003993,14306
202.6001172207077,176.2264027654746,14307
202.43567026431535,176.41672852303913,14308
202.27046864877966,176.6074914873258,14309
202.10451600786834,176.79868523508665,14310
201.93781604319165,176.99030328500317,14311
201.77037252514634,177.1823390974693,14312
201.60218929385604,177.37478607438902,14313
201.43327026010587,177.5676375589891,14314
201.26361940627206,177.76088683564407,14315
201.09324078724475,177.95452712971954,14316
200.92213853134504,178.14855160742752,14317
200.75031684123397,178.34295337569878,14318
200.5777799948144,178.5377254820723,14319
200.40453234612437,178.73286091459752,14320
200.23057832622163,178.92835260175497,14321
200.05592244405867,179.12419341239382,14322
199.88056928734767,179.32037615568603,14323
199.70452352341496,179.51689358109527,14324
199.52778990004416,179.71373837836668,14325
199.35037324630707,179.9109031775321,14326
199.17227847338265,180.10838054893372,14327
198.99351057536225,180.30616300326452,14328
198.8140746300412,180.50424299163114,14329
198.6339757996962,180.7026129056288,14330
198.45321933184673,180.9012650774416,14331
198.27181056000143,181.10019177995747,14332
198.08975490438752,181.29938522690358,14333
197.90705787266305,181.49883757300333,14334
197.7237250606109,181.69854091414823,14335
197.5397621528145,181.8984872875961,14336
197.3551749233141,182.0986686721827,14337
197.1699692362427,182.29907698855877,14338
196.98415104644107,182.49970409944447,14339
196.79772640005152,182.70054180990684,14340
196.61070143508914,182.9015818676562,14341
196.42308238198981,183.10281596336472,14342
196.23487556413474,183.30423573100558,14343
196.04608739834987,183.5058327482138,14344
195.8567243953807,183.70759853666834,14345
195.66679316034032,183.90952456249659,14346
195.47630039313108,184.11160223669953,14347
195.2852528888384,184.31382291559942,14348
195.09365753809607,184.51617790131004,14349
194.90152132742332,184.71865844222802,14350
194.70885133953075,184.92125573354735,14351
194.51565475359678,185.12396091779524,14352
194.32193884551197,185.32676508539183,14353
194.1277109880919,185.52965927523124,14354
193.93297865125678,185.73263447528578,14355
193.73774940217774,185.93568162323245,14356
193.54203090538883,186.13879160710275,14357
193.34583092286402,186.3419552659543,14358
193.1491573140586,186.54516339056647,14359
192.95201803591448,186.74840672415735,14360
192.75442114282762,186.95167596312498,14361
192.55637478657914,187.15496175780993,14362
192.35788721622666,187.35825471328226,14363
192.1589667779579,187.56154539014972,14364
191.95962191490364,187.76482430538934,14365
191.75986116691138,187.96808193320217,14366
191.55969317027768,188.17130870588957,14367
191.35912665743936,188.3744950147529,14368
191.1581704566227,188.57763121101536,14369
190.95683349145034,188.78070760676604,14370
190.7551247805053,188.98371447592646,14371
190.55305343685123,189.18664205523902,14372
190.35062866750962,189.38948054527762,14373
190.1478597728918,189.59222011148006,14374
189.9447561461867,189.7948508852019,14375
189.74132727270393,189.99736296479216,14376
189.53758272917037,190.19974641669003,14377
189.33353218298242,190.40199127654304,14378
189.12918539141108,190.60408755034544,14379
188.92455220076135,190.806025215598,14380
188.71964254548524,191.00779422248783,14381
188.51446644724743,191.20938449508827,14382
188.30903401394488,191.41078593257888,14383
188.1033554386792,191.61198841048454,14384
187.89744099868193,191.81298178193472,14385
187.69130105419242,192.0137558789405,14386
187.4849460472895,192.2143005136914,14387
187.2783865006753,192.41460547986935,14388
187.0716330164125,192.61466055398165,14389
186.86469627461432,192.81445549671037,14390
186.6575870320885,193.01398005427976,14391
186.4503161209341,193.21322395984006,14392
186.2428944470922,193.41217693486715,14393
186.03533298885085,193.6108286905787,14394
185.82764279530383,193.8091689293656,14395
185.619834984765,194.0071873462379,14396
185.41192074313642,194.20487363028545,14397
185.20391132223347,194.40221746615262,14398
184.9958180380648,194.59920853552612,14399
184.78765226906978,194.79583651863598,14400
184.5794254543126,194.99209109576879,14401
184.37114909163458,195.18796194879258,14402
184.16283473576408,195.38343876269303,14403
183.95449399638693,195.5785112271205,14404
183.746138536176,195.77316903794676,14405
183.53778006878233,195.9674018988312,14406
183.32943035678602,196.16119952279627,14407
183.1211012096124,196.35455163381016,14408
182.91280448140935,196.54744796837807,14409
182.7045520688909,196.7398782771394,14410
182.49635590914457,196.931832326472,14411
182.28822797740648,197.1232999001006,14412
182.0801802848046,197.31427080071145,14413
181.87222487606846,197.50473485157022,14414
181.66437382721278,197.69468189814341,14415
181.45663924318765,197.88410180972227,14416
181.24903325550505,198.07298448104888,14417
181.04156801983672,198.26131983394316,14418
180.8342557135904,198.4490978189304,14419
180.62710853345496,198.63630841686836,14420
180.42013869293885,198.82294164057305,14421
180.2133584198601,199.008987536443,14422
180.00677995387736,199.1944361860804,14423
179.8004155438624,199.37927770790913,14424
179.5942774454969,199.56350225878822,14425
179.3883779185967,199.74710003562043,14426
179.1827292245844,199.930061276955,14427
178.97734362390133,200.11237626458336,14428
178.77223337340894,200.29403532512796,14429
178.567410723786,200.47502883162238,14430
178.36288791692112,200.65534720508262,14431
178.15867718329378,200.83498091606822,14432
177.9547907393594,201.01392048623322,14433
177.75124078492823,201.19215648986506,14434
177.5480395005446,201.3696795554116,14435
177.3451990448684,201.546480366995,14436
177.14273155206155,201.7225496659117,14437
176.94064912917497,201.89787825211772,14438
176.73896385354817,202.07245698569858,14439
176.53768777021173,202.24627678832334,14440
176.33683288930396,202.4193286446811,14441
176.13641118349628,202.59160360390024,14442
175.9364345854346,202.76309278094925,14443
175.73691498519383,202.93378735801807,14444
175.53786422775036,203.10367858587978,14445
175.33929411047154,203.27275778523145,14446
175.14121638062758,203.44101634801402,14447
174.94364273292175,203.60844573870975,14448
174.74658480704696,203.7750374956173,14449
174.55005418526457,203.94078323210337,14450
174.3540623900109,204.10567463783028,14451
174.15862088153162,204.26970347995902,14452
173.96374105554372,204.43286160432706,14453
173.76943424093074,204.59514093660033,14454
173.57571169746754,204.7565334833987,14455
173.38258461358066,204.9170313333947,14456
173.1900641041424,205.0766266583846,14457
172.9981612083014,205.23531171433152,14458
172.80688688735074,205.39307884237985,14459
172.61625202263502,205.54992046984094,14460
172.4262674134966,205.70582911114934,14461
172.236943775264,205.86079736878875,14462
172.04829173728174,206.01481793418793,14463
171.86032184098383,206.1678835885863,14464
171.67304453801137,206.31998720386764,14465
171.48647018837588,206.471121743363,14466
171.3006090586684,206.62128026262164,14467
171.11547132031646,206.77045591015016,14468
170.93106704788806,206.91864192811892,14469
170.7474062174456,207.06583165303627,14470
170.56449870494853,207.21201851638983,14471
170.38235428470702,207.35719604525494,14472
170.20098262788565,207.5013578628696,14473
170.02039330105973,207.64449768917672,14474
169.84059576482272,207.78660934133208,14475
169.66159937244706,207.92768673417984,14476
169.4834133685973,208.0677238806933,14477
169.3060468880976,208.20671489238296,14478
169.12950895475205,208.3446539796703,14479
168.95380848021992,208.48153545222814,14480
168.77895426294458,208.61735371928725,14481
168.6049549871377,208.75210328990934,14482
168.43181922181748,208.88577877322666,14483
168.2595554199022,209.01837487864805,14484
168.08817191735832,209.1498864160314,14485
167.91767693240365,209.2803082958235,14486
167.7480785647652,209.4096355291665,14487
167.57938479499205,209.53786322797146,14488
167.41160348382212,209.66498660495964,14489
167.24474237160442,209.79100097367098,14490
167.07880907777454,209.9159017484409,14491
166.91381110038486,210.03968444434494,14492
166.74975581568756,210.1623446771118,14493
166.58665047777177,210.2838781630055,14494
166.42450221825254,210.40428071867615,14495
166.26331804601372,210.5235482609807,14496
166.10310484700125,210.64167680677284,14497
165.94386938406882,210.75866247266387,14498
165.78561829687456,210.87450147475357,14499
165.6283581018273,210.98919012833238,14500
165.4720951920835,211.10272484755515,14501
165.3168358375923,211.21510214508646,14502
165.16258618518987,211.3263186317187,14503
165.00935225874096,211.43637101596298,14504
164.8571399593275,211.54525610361318,14505
164.70595506548352,211.65297079728413,14506
164.55580323347525,211.75951209592415,14507
164.40668999762636,211.86487709430244,14508
164.25862077068635,211.9690629824721,14509
164.11160084424222,212.072067045209,14510
163.96563538917235,212.17388666142745,14511
163.82072945614107,212.27451930357284,14512
163.67688797613403,212.37396253699234,14513
163.5341157610323,212.4722140192835,14514
163.3924175042256,212.5692714996221,14515
163.2517977812622,212.66513281806945,14516
163.112261050536,212.75979590485971,14517
162.97381165400824,212.8532587796683,14518
162.8364538179648,212.94551955086092,14519
162.7001916538059,213.03657641472557,14520
162.56502915886924,213.12642765468607,14521
162.43097021728403,213.2150716404996,14522
162.29801860085576,213.30250682743767,14523
162.16617796998034,213.3887317554516,14524
162.03545187458676,213.4737450483231,14525
161.9058437551073,213.55754541280052,14526
161.77735694347373,213.6401316377213,14527
161.64999466413948,213.72150259312164,14528
161.52376003512578,213.8016572293333,14529
161.39865606909123,213.88059457606886,14530
161.27468567442386,213.95831374149577,14531
161.1518516563544,214.03481391129944,14532
161.0301567180901,214.11009434773666,14533
160.9096034619675,214.18415438867956,14534
160.7901943906242,214.25699344665037,14535
160.67193190818733,214.32861100784854,14536
160.55481832147893,214.39900663116978,14537
160.43885584123686,214.46817994721806,14538
160.32404658334968,214.53613065731122,14539
160.21039257010574,214.6028585324806,14540
160.09789573145446,214.66836341246545,14541
159.9865579062798,214.73264520470204,14542
159.8763808436843,214.79570388330902,14543
159.76736620428298,214.85753948806868,14544
159.6595155615066,214.91815212340518,14545
159.55283040291303,214.9775419573598,14546
159.44731213150624,215.03570922056426,14547
159.34296206706114,215.09265420521228,14548
159.23978144745527,215.14837726402973,14549
159.13777143000442,215.20287880924425,14550
159.03693309280314,215.25615931155454,14551
158.9372674360681,215.30821929909976,14552
158.83877538348486,215.35905935642975,14553
158.74145778355538,215.40868012347624,14554
158.6453154109482,215.45708229452546,14555
158.55034896784812,215.50426661719294,14556
158.45655908530586,215.55023389140064,14557
158.36394632458737,215.59498496835639,14558
158.2725111785211,215.63852074953724,14559
158.18225407284373,215.68084218567554,14560
158.09317536754264,215.7219502757497,14561
158.00527535819558,215.76184606597838,14562
157.91855427730616,215.8005306488201,14563
157.83301229563503,215.83800516197704,14564
157.74864952352607,215.87427078740487,14565
157.66546601222737,215.9093287503274,14566
157.58346175520555,215.94318031825787,14567
157.5026366894544,215.97582680002574,14568
157.42299069679592,216.00726954481064,14569
157.34452360517443,216.0375099411824,14570
157.2672351899427,216.0665494161489,14571
157.19112517513958,216.09438943421034,14572
157.11619323475935,216.12103149642175,14573
157.04243899401172,216.14647713946303,14574
156.9698620305728,216.17072793471675,14575
156.89846187582572,216.19378548735463,14576
156.82823801609157,216.21565143543214,14577
156.75918989384996,216.23632744899186,14578
156.6913169089485,216.25581522917554,14579
156.6246184198014,216.27411650734544,14580
156.55909374457676,216.29123304421455,14581
156.49474216237243,216.30716662898624,14582
156.43156291437967,216.3219190785037,14583
156.36955520503489,216.3354922364086,14584
156.30871820315943,216.34788797230993,14585
156.24905104308615,216.35910818096244,14586
156.19055282577395,216.3691547814554,14587
156.13322261990908,216.3780297164114,14588
156.0770594629932,216.3857349511956,14589
156.02206236241872,216.39227247313502,14590
155.96823029653035,216.3976442907487,14591
155.91556221567322,216.40185243298822,14592
155.86405704322723,216.4048989484889,14593
155.81371367662808,216.4067859048318,14594
155.76453098837385,216.40751538781635,14595
155.716507827018,216.40708950074418,14596
155.6696430181482,216.4055103637134,14597
155.6239353653509,216.40278011292426,14598
155.57938365116172,216.39890089999568,14599
155.53598663800216,216.39387489129263,14600
155.49374306910087,216.38770426726498,14601
155.45265166940163,216.38039122179723,14602
155.41271114645622,216.37193796156947,14603
155.3739201913034,216.36234670542927,14604
155.33627747933303,216.35161968377523,14605
155.29978167113612,216.3397591379512,14606
155.26443141333996,216.32676731965202,14607
155.2302253394295,216.31264649034043,14608
155.19716207055325,216.29739892067494,14609
155.16524021631594,216.2810268899493,14610
155.1344583755559,216.26353268554263,14611
155.1048151371085,216.24491860238135,14612
155.0763090805549,216.22518694241154,14613
155.04893877695665,216.2043400140832,14614
155.0227027895763,216.18238013184487,14615
154.9975996745833,216.15930961565002,14616
154.97362798174584,216.1351307904741,14617
154.95078625510874,216.10984598584253,14618
154.92907303365706,216.08345753537023,14619
154.90848685196593,216.0559677763114,14620
154.88902624083602,216.02737904912087,14621
154.87068972791562,215.997693697026,14622
154.85347583830838,215.96691406560936,14623
154.8373830951678,215.9350425024026,14624
154.8224100202777,215.90208135649067,14625
154.80855513461904,215.86803297812702,14626
154.79581695892372,215.8328997183593,14627
154.78419401421425,215.79668392866603,14628
154.77368482233047,215.75938796060333,14629
154.76428790644306,215.7210141654627,14630
154.7560017915536,215.68156489393883,14631
154.74882500498154,215.64104249580828,14632
154.74275607683845,215.59944931961823,14633
154.73779354048884,215.55678771238553,14634
154.73393593299866,215.51306001930632,14635
154.73118179557073,215.46826858347572,14636
154.72952967396728,215.42241574561737,14637
154.72897811892068,215.37550384382388,14638
154.72952568653074,215.3275352133063,14639
154.73117093865025,215.27851218615467,14640
154.7339124432579,215.22843709110765,14641
154.73774877481912,215.1773122533326,14642
154.7426785146347,215.12513999421523,14643
154.74870025117735,215.07192263115928,14644
154.7558125804163,215.0176624773957,14645
154.76401410613008,214.96236184180174,14646
154.77330344020737,214.90602302872958,14647
154.78367920293618,214.84864833784454,14648
154.79514002328156,214.7902400639729,14649
154.80768453915152,214.73080049695923,14650
154.8213113976514,214.6703319215332,14651
154.83601925532733,214.60883661718555,14652
154.85180677839787,214.54631685805373,14653
154.86867264297447,214.48277491281684,14654
154.88661553527103,214.4182130445995,14655
154.90563415180222,214.35263351088534,14656
154.92572719957053,214.28603856343946,14657
154.9468933962427,214.2184304482402,14658
154.96913147031506,214.14981140541974,14659
154.9924401612682,214.08018366921405,14660
155.01681821971053,214.00954946792177,14661
155.0422644075115,213.93791102387203,14662
155.068777497924,213.86527055340127,14663
155.09635627569597,213.79163026683915,14664
155.12499953717182,213.71699236850287,14665
155.15470609038314,213.64135905670113,14666
155.1854747551289,213.5647325237461,14667
155.21730436304543,213.48711495597487,14668
155.25019375766573,213.40850853377924,14669
155.2841417944688,213.32891543164456,14670
155.31914734091862,213.24833781819697,14671
155.35520927649242,213.16677785626,14672
155.39232649269934,213.08423770291893,14673
155.43049789308864,213.00071950959477,14674
155.46972239324768,212.91622542212625,14675
155.5099989207897,212.83075758086068,14676
155.55132641533177,212.74431812075358,14677
155.59370382846228,212.65690917147674,14678
155.63713012369877,212.568532857535,14679
155.68160427643494,212.47919129839144,14680
155.72712527387876,212.3888866086015,14681
155.77369211497918,212.29762089795548,14682
155.82130381034392,212.20539627162958,14683
155.86995938214648,212.11221483034558,14684
155.91965786402338,212.0180786705394,14685
155.97039830096142,211.92298988453754,14686
156.0221797491747,211.82695056074292,14687
156.07500127597163,211.72996278382865,14688
156.12886195961184,211.63202863494095,14689
156.18376088915304,211.53315019191015,14690
156.2396971642877,211.4333295294707,14691
156.2966698951696,211.33256871948956,14692
156.35467820223036,211.23086983120325,14693
156.41372121598545,211.12823493146385,14694
156.47379807683035,211.02466608499307,14695
156.53490793482612,210.92016535464555,14696
156.59704994947498,210.81473480168043,14697
156.66022328948554,210.708376486042,14698
156.7244271325273,210.60109246664877,14699
156.7896606649752,210.49288480169128,14700
156.85592308164354,210.38375554893895,14701
156.92321358550933,210.27370676605537,14702
156.99153138742517,210.16274051092267,14703
157.06087570582162,210.05085884197456,14704
157.1312457663988,209.93806381853818,14705
157.20264080180712,209.82435750118492,14706
157.27506005131784,209.70974195209024,14707
157.34850276048198,209.5942192354021,14708
157.42296818077904,209.47779141761868,14709
157.49845556925433,209.36046056797485,14710
157.57496418814546,209.24222875883774,14711
157.6524933044978,209.1230980661114,14712
157.73104218976852,209.00307056965033,14713
157.81061011941978,208.88214835368234,14714
157.89119637250016,208.7603335072404,14715
157.97280023121507,208.6376281246036,14716
158.05542098048556,208.51403430574746,14717
158.13905790749556,208.38955415680323,14718
158.22371030122753,208.26418979052667,14719
158.30937745198642,208.13794332677577,14720
158.39605865091178,208.01081689299818,14721
158.48375318947825,207.8828126247276,14722
158.5724603589837,207.7539326660897,14723
158.66217945002555,207.62417917031738,14724
158.7529097519651,207.4935543002754,14725
158.84465055237933,207.3620602289945,14726
158.9374011365008,207.22969914021496,14727
159.03116078664473,207.0964732289395,14728
159.12592878162397,206.9623847019959,14729
159.22170439615127,206.82743577860887,14730
159.318486900229,206.6916286909817,14731
159.41627555852585,206.55496568488738,14732
159.5150696297411,206.41744902026906,14733
159.6148683659559,206.27908097185045,14734
159.71567101197144,206.13986382975565,14735
159.8174768046339,205.9997999001383,14736
159.92028497214702,205.8588915058209,14737
160.02409473337048,205.71714098694315,14738
160.12890529710546,205.5745507016204,14739
160.23471586136702,205.43112302661112,14740
160.34152561264273,205.28686035799473,14741
160.44933372513765,205.1417651118581,14742
160.55813936000618,204.99583972499255,14743
160.66794166456995,204.84908665559965,14744
160.77873977152205,204.70150838400704,14745
160.8905327981174,204.5531074133935,14746
161.0033198453495,204.40388627052366,14747
161.11709999711323,204.2538475064921,14748
161.23187231935358,204.10299369747676,14749
161.34763585920055,203.95132744550205,14750
161.46438964408986,203.7988513792108,14751
161.58213268087013,203.6455681546459,14752
161.70086395489517,203.4914804560412,14753
161.820582429103,203.3365909966209,14754
161.94128704308008,203.1809025194089,14755
162.0629767121119,203.02441779804667,14756
162.1856503262193,202.86713963762006,14757
162.30930674918048,202.70907087549506,14758
162.43394481753913,202.55021438216227,14759
162.55956333959847,202.39057306209008,14760
162.68616109440103,202.23014985458627,14761
162.81373683069452,202.06894773466794,14762
162.94228926588383,201.90696971394016,14763
163.07181708496873,201.74421884148228,14764
163.20231893946806,201.58069820474245,14765
163.33379344633002,201.4164109304401,14766
163.4662391868285,201.2513601854761,14767
163.59965470544608,201.08554917785025,14768
163.73403850874342,200.9189811575865,14769
163.86938906421491,200.7516594176649,14770
164.0057047991317,200.58358729496112,14771
164.14298409937064,200.41476817119212,14772
164.2812253082312,200.2452054738689,14773
164.42042672523883,200.07490267725507,14774
164.5605866049359,199.90386330333212,14775
164.7017031556603,199.73209092277006,14776
164.84377453831135,199.55958915590384,14777
164.98679886510425,199.38636167371507,14778
165.1307741983119,199.2124121988188,14779
165.2756985489964,199.03774450645494,14780
165.42156987572739,198.86236242548424,14781
165.56838608329141,198.6862698393883,14782
165.71614502138914,198.50947068727325,14783
165.86484448332254,198.33196896487718,14784
166.01448220467216,198.15376872558036,14785
166.1650558619646,197.97487408141822,14786
166.31656307133045,197.79528920409666,14787
166.4690013871536,197.61501832600942,14788
166.6223683007115,197.43406574125663,14789
166.7766612388079,197.25243580666478,14790
166.93187756239715,197.07013294280702,14791
167.08801456520214,196.88716163502386,14792
167.24506947232464,196.70352643444357,14793
167.40303943885021,196.5192319590016,14794
167.5619215484467,196.33428289445868,14795
167.72171281195813,196.1486839954176,14796
167.88241016599383,195.96244008633718,14797
168.04401047151353,195.7755560625435,14798
168.20651051240918,195.58803689123764,14799
168.36990699408386,195.3998876124996,14800
168.53419654202935,195.2111133402875,14801
168.69937570040102,195.02171926343144,14802
168.8654409305937,194.8317106466215,14803
169.03238860981622,194.6410928313899,14804
169.20021502966756,194.44987123708498,14805
169.36891639471446,194.25805136183817,14806
169.53848882107158,194.0656387835224,14807
169.7089283349844,193.87263916070088,14808
169.8802308714173,193.67905823356648,14809
170.0523922726453,193.4849018248702,14810
170.2254082868529,193.29017584083843,14811
170.3992745667388,193.09488627207804,14812
170.57398666812935,192.89903919446857,14813
170.74954004859975,192.70264077004074,14814
170.92593006610574,192.50569724784037,14815
171.10315197762583,192.3082149647774,14816
171.28120093781538,192.11020034645833,14817
171.46007199767328,191.91165990800206,14818
171.6397601032231,191.71260025483767,14819
171.8202600942089,191.51302808348365,14820
172.00156670280745,191.31295018230787,14821
172.183674552358,191.1123734322666,14822
172.36657815611008,190.91130480762268,14823
172.5502719159915,190.70975137664132,14824
172.73475012139718,190.50772030226267,14825
172.92000694799998,190.30521884275055,14826
173.1060364565855,190.10225435231615,14827
173.2928325919106,189.89883428171586,14828
173.48038918158912,189.69496617882197,14829
173.66869993500345,189.49065768916637,14830
173.85775844224665,189.28591655645437,14831
174.04755817309194,189.08075062304977,14832
174.23809247599613,188.8751678304292,14833
174.42935457713332,188.6691762196041,14834
174.62133757946444,188.46278393151135,14835
174.81403446184035,188.25599920736906,14836
175.00743807814314,188.04883038899916,14837
175.20154115646494,187.84128591911352,14838
175.39633629832562,187.63337434156446,14839
175.59181597793236,187.42510430155738,14840
175.78797254148068,187.21648454582564,14841
175.9847982064993,187.00752392276567,14842
176.1822850612401,186.7982313825329,14843
176.38042506411443,186.58861597709472,14844
176.5792100431769,186.3786868602447,14845
176.77863169565876,186.16845328757051,14846
176.97868158755116,185.9579246163806,14847
177.17935115324082,185.74711030558495,14848
177.38063169519845,185.53601991553123,14849
177.58251438372176,185.32466310779418,14850
177.7849902567339,185.1130496449182,14851
177.9880502196401,184.90118939011202,14852
178.19168504524131,184.68909230689482,14853
178.39588537370702,184.4767684586925,14854
178.60064171261126,184.264228008385,14855
178.80594443702705,184.05148121780155,14856
179.01178378968845,183.83853844716546,14857
179.21814988120957,183.62541015448596,14858
179.4250326903795,183.41210689489856,14859
179.6324220645138,183.1986393199509,14860
179.8403077198753,182.98501817683592,14861
180.0486792421627,182.77125430756954,14862
180.25752608708592,182.5573586481147,14863
180.46683758097927,182.34334222745062,14864
180.6766029215066,182.12921616658346,14865
180.88681117843652,181.9149916775059,14866
181.09745129448697,181.700680062097,14867
181.30851208624148,181.48629271096542,14868
181.5199822451424,181.27184110223826,14869
181.73185033855665,181.05733680029385,14870
181.94410481091626,180.84279145443003,14871
182.15673398493269,180.6282167974877,14872
182.3697260628909,180.41362464440684,14873
182.58306912801365,180.19902689073032,14874
182.79675114590583,179.98443551106334,14875
183.01075996607318,179.76986255739314,14876
183.22508332351796,179.55532015756418,14877
183.43970884040974,179.3408205134087,14878
183.65462402783368,179.12637589904224,14879
183.86981628761419,178.91199865901405,14880
184.0852729142136,178.69770120641385,14881
184.30098109670783,178.48349602092745,14882
184.51692792083597,178.2693956468396,14883
184.73310037112432,178.0554126909788,14884
184.94948533308562,177.84155982061142,14885
185.1660695954904,177.62784976128532,14886
185.38283985271116,177.4142952946183,14887
185.59978270714012,177.20090925603893,14888
185.81688467167484,176.9877045324766,14889
186.0341321722768,176.77469406000256,14890
186.25151155059712,176.56189082142396,14891
186.4690090666708,176.34930784383064,14892
186.68661090167686,176.13695819609674,14893
186.9043031607648,175.92485498633755,14894
187.1220718759439,175.71301135932376,14895
187.3399030090352,175.5014404938536,14896
187.55778245468431,175.29015560008514,14897
187.77569604343358,175.07916991682845,14898
187.99362954485116,174.86849670880173,14899
188.21156867071642,174.65814926385,14900
188.42949907825823,174.4481408901305,14901
188.64740637344588,174.2384849132645,14902
188.86527611432928,174.0291946734584,14903
189.08309381442717,173.82028352259522,14904
189.30084494616034,173.61176482129852,14905
189.51851494432896,173.40365193597063,14906
189.7360892096297,173.19595823580664,14907
189.95355311221303,172.98869708978617,14908
190.17089199527533,172.7818818636454,14909
190.38809117868556,172.57552591683026,14910
190.60513596264298,172.36964259943417,14911
190.82201163136347,172.16424524912088,14912
191.03870345679186,171.95934718803545,14913
191.25519670233786,171.7549617197049,14914
191.47147662663238,171.55110212593135,14915
191.68752848730222,171.3477816636788,14916
191.90333754475924,171.1450135619565,14917
192.1188890660025,170.94281101870052,14918
192.33416832843,170.7411871976559,14919
192.5491606236566,170.5401552252619,14920
192.7638512613363,170.33972818754177,14921
192.97822557298514,170.13991912699979,14922
193.19226891580232,169.9407410395277,14923
193.40596667648677,169.74220687132288,14924
193.61930427504552,169.54432951581927,14925
193.83226716859193,169.34712181063537,14926
194.0448408551302,169.15059653453937,14927
194.2570108773237,168.95476640443468,14928
194.468762826244,168.75964407236833,14929
194.6800823450981,168.56524212256238,14930
194.89095513293043,168.37157306847362,14931
195.10136694829768,168.17864934988035,14932
195.3113036129129,167.98648333000062,14933
195.5207510152567,167.79508729264293,14934
195.7296951141527,167.60447343939114,14935
195.93812194230446,167.4146538868267,14936
196.1460176097913,167.22564066378843,14937
196.35336830752084,167.03744570867335,14938
196.56016031063558,166.8500808667795,14939
196.7663799818701,166.6635578876922,14940
196.97201377485888,166.4778884227167,14941
197.17704823738964,166.2930840223575,14942
197.38147001460192,166.10915613384753,14943
197.58526585212795,165.9261160987267,14944
197.78842259917363,165.7439751504735,14945
197.990927211538,165.5627444121897,14946
198.1927667545689,165.3824348943402,14947
198.3939284060529,165.20305749254916,14948
198.59439945903804,165.02462298545348,14949
198.79416732458733,164.8471420326153,14950
198.99321953446156,164.67062517249485,14951
199.19154374372948,164.49508282048356,14952
199.3891277333048,164.32052526700005,14953
199.58595941240733,164.14696267564878,14954
199.78202682094832,163.97440508144274,14955
199.9773181318375,163.80286238909122,14956
200.17182165321185,163.6323443713525,14957
200.36552583058426,163.46286066745387,14958
200.55841924891178,163.2944207815773,14959
200.75049063458175,163.1270340814134,14960
200.94172885731652,162.96070979678305,14961
201.13212293199413,162.79545701832737,14962
201.32166202038636,162.6312846962663,14963
201.51033543281233,162.46820163922627,14964
201.69813262970786,162.30621651313683,14965
201.88504322311007,162.14533784019702,14966
202.07105697805727,161.98557399791062,14967
202.25616381390358,161.8269332181911,14968
202.4403538055491,161.66942358653577,14969
202.62361718458436,161.51305304126927,14970
202.8059443403505,161.35782937285606,14971
202.98732582091478,161.20376022328153,14972
203.16775233396166,161.05085308550184,14973
203.34721474760008,160.8991153029616,14974
203.52570409108728,160.74855406917936,14975
203.70321155546978,160.59917642740052,14976
203.879728494142,160.45098927031623,14977
204.05524642332333,160.30399933984904,14978
204.2297570224543,160.15821322700373,14979
204.4032521345127,160.01363737178247,14980
204.57572376625097,159.87027806316453,14981
204.74716408835448,159.72814143914863,14982
204.91756543552358,159.58723348685803,14983
205.08692030647913,159.44756004270687,14984
205.25522136389282,159.3091267926267,14985
205.42246143424404,159.1719392723532,14986
205.58863350760384,159.03600286777078,14987
205.7537307373479,158.9013228153152,14988
205.9177464397989,158.76790420243225,14989
206.080674093801,158.6357519680916,14990
206.24250734022624,158.50487090335554,14991
206.4032399814157,158.37526565199965,14992
206.56286598055604,158.24694071118623,14993
206.72137946099306,158.11990043218768,14994
206.87877470548418,157.99414902115953,14995
207.0350461553909,157.86969053996134,14996
207.19018840981312,157.74652890702467,14997
207.34419622466694,157.6246678982661,14998
207.49706451170707,157.50411114804496,14999
207.64878833749648,157.38486215016334,15000
207.79936292232378,157.26692425890835,15001
207.9487836390708,157.15030069013355,15002
208.09704601203183,157.03499452238023,15003
208.24414571568576,156.92100869803537,15004
208.39007857342384,156.80834602452617,15005
208.53484055623338,156.6970091755489,15006
208.67842778134013,156.5870006923316,15007
208.82083651081092,156.47832298492813,15008
208.96206315011733,156.37097833354343,15009
209.10210424666334,156.26496888988765,15010
209.2409564882777,156.16029667855835,15011
209.378616701673,156.0569635984493,15012
209.51508185087323,155.9549714241841,15013
209.65034903561116,155.85432180757422,15014
209.78441548969735,155.75501627909932,15015
209.9172785793624,155.65705624940853,15016
210.048935801574,155.56044301084222,15017
210.1793847823301,155.465177738972,15018
210.30862327493037,155.37126149415815,15019
210.4366491582269,155.27869522312338,15020
210.56346043485584,155.18747976054124,15021
210.6890552294514,155.09761583063818,15022
210.81343178684395,155.00910404880835,15023
210.93658847024346,154.92194492323932,15024
211.05852375940927,154.83613885654816,15025
211.17923624880876,154.75168614742617,15026
211.29872464576468,154.66858699229178,15027
211.41698776859403,154.58684148695005,15028
211.53402454473854,154.50644962825774,15029
211.64983400888892,154.4274113157932,15030
211.76441530110344,154.3497263535294,15031
211.87776766492289,154.27339445150992,15032
211.98989044548202,154.19841522752643,15033
212.10078308761936,154.1247882087964,15034
212.21044513398684,154.05251283364117,15035
212.31887622315904,153.98158845316206,15036
212.4260760877447,153.91201433291448,15037
212.53204455250014,153.8437896545796,15038
212.63678153244672,153.7769135176313,15039
212.74028703099233,153.71138494099912,15040
212.8425611380587,153.6472028647255,15041
212.94360402821465,153.58436615161665,15042
213.04341595881723,153.52287358888663,15043
213.14199726815986,153.46272388979395,15044
213.2393483736304,153.4039156952692,15045
213.33546976987833,153.34644757553426,15046
213.4303620269923,153.29031803171145,15047
213.52402578868902,153.23552549742246,15048
213.616461770514,153.18206834037656,15049
213.70767075805446,153.1299448639468,15050
213.79765360516575,153.0791533087352,15051
213.88641123221132,153.02969185412405,15052
213.9739446243169,152.98155861981553,15053
214.0602548296397,152.93475166735672,15054
214.14534295765299,152.88926900165134,15055
214.2292101774465,152.84510857245667,15056
214.311857716043,152.80226827586594,15057
214.39328685673217,152.76074595577526,15058
214.47349893742108,152.7205394053351,15059
214.5524953490027,152.6816463683858,15060
214.63027753374223,152.64406454087688,15061
214.70684698368171,152.60779157226963,15062
214.78220523906344,152.57282506692312,15063
214.85635388677207,152.53916258546252,15064
214.92929455879622,152.5068016461309,15065
215.00102893070937,152.4757397261224,15066
215.0715587201706,152.44597426289846,15067
215.14088568544506,152.41750265548538,15068
215.20901162394483,152.39032226575395,15069
215.27593837078976,152.3644304196808,15070
215.34166779738916,152.3398244085906,15071
215.40620181004365,152.3165014903806,15072
215.46954234856813,152.2944588907253,15073
215.53169138493516,152.27369380426308,15074
215.59265092193974,152.25420339576297,15075
215.65242299188452,152.23598480127342,15076
215.71100965528652,152.2190351292508,15077
215.7684129996045,152.20335146166963,15078
215.82463513798788,152.1889308551128,15079
215.87967820804636,152.17577034184325,15080
215.933544370641,152.16386693085576,15081
215.986235808696,152.15321760890973,15082
216.0377547260321,152.1438193415428,15083
216.0881033462204,152.13566907406477,15084
216.13728391145779,152.12876373253272,15085
216.18529868146274,152.12310022470666,15086
216.23214993239236,152.11867544098604,15087
216.27783995578014,152.11548625532726,15088
216.3223710574942,152.11352952614186,15089
216.36574555671652,152.11280209717594,15090
216.40796578494223,152.11330079837063,15091
216.44903408499965,152.1150224467036,15092
216.48895281009038,152.1179638470119,15093
216.5277243228495,152.12212179279615,15094
216.56535099442607,152.12749306700607,15095
216.60183520358305,152.13407444280776,15096
216.63717933581734,152.1418626843323,15097
216.671385782499,152.1508545474066,15098
216.7044569400302,152.1610467802657,15099
216.73639520902344,152.1724361242473,15100
216.7672029934983,152.18501931446843,15101
216.79688270009783,152.1987930804845,15102
216.82543673732317,152.2137541469305,15103
216.85286751478688,152.22989923414517,15104
216.87917744248463,152.24722505877742,15105
216.90436893008518,152.26572833437615,15106
216.92844438623814,152.28540577196247,15107
216.95140621789957,152.30625408058563,15108
216.97325682967568,152.32826996786204,15109
216.99399862318296,152.35145014049766,15110
217.0136339964268,152.37579130479426,15111
217.0321653431959,152.40129016713925,15112
217.04959505247456,152.4279434344797,15113
217.0659255078708,152.4557478147803,15114
217.08115908706154,152.48470001746568,15115
217.09529816125365,152.51479675384715,15116
217.1083450946612,152.54603473753411,15117
217.1203022439983,152.57841068483023,15118
217.13117195798827,152.61192131511447,15119
217.14095657688725,152.64656335120748,15120
217.1496584320239,152.68233351972282,15121
217.15727984535388,152.71922855140417,15122
217.16382312902897,152.75724518144787,15123
217.16929058498118,152.79638014981106,15124
217.17368450452102,152.83663020150624,15125
217.17700716795048,152.87799208688145,15126
217.17926084418963,152.92046256188706,15127
217.18044779041722,152.96403838832887,15128
217.1805702517253,153.00871633410773,15129
217.17963046078694,153.0544931734461,15130
217.17763063753756,153.10136568710146,15131
217.17457298886922,153.1493306625665,15132
217.17045970833814,153.19838489425734,15133
217.16529297588457,153.248525183688,15134
217.15907495756588,153.29974833963345,15135
217.1518078053015,153.35205117827985,15136
217.14349365663048,153.40543052336264,15137
217.13413463448097,153.45988320629283,15138
217.12373284695192,153.51540606627134,15139
217.11229038710607,153.5719959503914,15140
217.09980933277504,153.6296497137301,15141
217.08629174637548,153.6883642194275,15142
217.0717396747367,153.74813633875547,15143
217.05615514893958,153.80896295117464,15144
217.03954018416604,153.8708409443808,15145
217.02189677955985,153.93376721434046,15146
217.00322691809762,153.99773866531507,15147
216.98353256647096,154.06275220987558,15148
216.96281567497832,154.12880476890592,15149
216.9410781774278,154.19589327159605,15150
216.91832199104982,154.26401465542548,15151
216.89454901641943,154.33316586613597,15152
216.8697611373893,154.4033438576946,15153
216.8439602210317,154.47454559224713,15154
216.8171481175908,154.5467680400613,15155
216.78932666044386,154.62000817946088,15156
216.76049766607233,154.69426299675,15157
216.73066293404196,154.7695294861282,15158
216.69982424699236,154.8458046495961,15159
216.66798337063526,154.92308549685208,15160
216.63514205376222,155.0013690451798,15161
216.6013020282609,155.08065231932702,15162
216.56646500914016,155.16093235137484,15163
216.53063269456405,155.2422061805994,15164
216.49380676589428,155.32447085332376,15165
216.45598888774106,155.4077234227621,15166
216.4171807080227,155.49196094885482,15167
216.37738385803343,155.57718049809588,15168
216.33659995251924,155.66337914335156,15169
216.2948305897625,155.75055396367082,15170
216.2520773516741,155.83870204408828,15171
216.20834180389417,155.92782047541849,15172
216.16362549590036,156.01790635404274,15173
216.1179299611244,156.1089567816879,15174
216.07125671707647,156.20096886519755,15175
216.02360726547718,156.29393971629543,15176
215.9749830923977,156.38786645134127,15177
215.92538566840713,156.4827461910794,15178
215.8748164487279,156.57857606037967,15179
215.82327687339884,156.6753531879709,15180
215.7707683674454,156.77307470616768,15181
215.71729234105806,156.87173775058912,15182
215.66285018977746,156.9713394598714,15183
215.60744329468776,157.07187697537256,15184
215.55107302261683,157.17334744087051,15185
215.4937407263444,157.27574800225466,15186
215.43544774481703,157.3790758072097,15187
215.37619540337087,157.4833280048936,15188
215.31598501396152,157.5885017456084,15189
215.25481787540127,157.69459418046443,15190
215.19269527360365,157.80160246103816,15191
215.12961848183534,157.9095237390232,15192
215.06558876097498,158.0183551658753,15193
215.0006073597799,158.12809389245072,15194
214.9346755151594,158.23873706863836,15195
214.86779445245566,158.3502818429855,15196
214.7999653857319,158.46272536231777,15197
214.7311895180676,158.57606477135255,15198
214.66146804186096,158.69029721230666,15199
214.5908021391389,158.80541982449787,15200
214.51919298187386,158.92142974394068,15201
214.44664173230814,159.03832410293583,15202
214.3731495432854,159.15610002965468,15203
214.2987175585895,159.2747546477172,15204
214.2233469132903,159.39428507576483,15205
214.14703873409744,159.51468842702718,15206
214.06979413972053,159.63596180888388,15207
213.99161424123724,159.75810232242034,15208
213.91250014246867,159.8811070619783,15209
213.83245294036175,160.00497311470136,15210
213.75147372537947,160.12969756007453,15211
213.66956358189805,160.25527746945954,15212
213.58672358861185,160.381709905624,15213
213.50295481894534,160.5089919222662,15214
213.41825834147323,160.63712056353467,15215
213.332635220347,160.7660928635426,15216
213.24608651573007,160.895905845878,15217
213.15861328423964,161.02655652310818,15218
213.07021657939669,161.15804189628057,15219
212.98089745208293,161.2903589544179,15220
212.89065695100624,161.4235046740096,15221
212.79949612317273,161.5574760184981,15222
212.70741601436728,161.69226993776132,15223
212.6144176696415,161.82788336759043,15224
212.5205021338093,161.96431322916342,15225
212.42567045195025,162.10155642851475,15226
212.32992366992104,162.2396098560006,15227
212.23326283487435,162.37847038576052,15228
212.1356889957858,162.5181348751747,15229
212.03720320398867,162.6586001643181,15230
211.9378065137166,162.79986307541026,15231
211.83749998265432,162.9419204122618,15232
211.73628467249597,163.08476895971754,15233
211.63416164951192,163.2284054830958,15234
211.53113198512318,163.3728267276249,15235
211.42719675648408,163.5180294178761,15236
211.3223570470729,163.66401025719352,15237
211.2166139472907,163.81076592712128,15238
211.10996855506826,163.9582930868275,15239
211.00242197648095,164.1065883725257,15240
210.89397532637196,164.25564839689363,15241
210.78462972898367,164.40546974848948,15242
210.67438631859707,164.5560489911657,15243
210.5632462401796,164.70738266348073,15244
210.45121065004096,164.85946727810813,15245
210.3382807164973,165.01229932124465,15246
210.22445762054357,165.1658752520152,15247
210.10974255653417,165.32019150187722,15248
209.99413673287168,165.4752444740228,15249
209.87764137270403,165.63103054277968,15250
209.7602577146298,165.78754605301074,15251
209.64198701341158,165.94478731951247,15252
209.52283054069798,166.10275062641264,15253
209.4027895857533,166.2614322265668,15254
209.28186545619582,166.42082834095422,15255
209.1600594787441,166.5809351580739,15256
209.03737299997138,166.74174883333913,15257
208.91380738706815,166.90326548847287,15258
208.78936402861265,167.065481210903,15259
208.66404433534987,167.2283920531573,15260
208.53784974097803,167.39199403225913,15261
208.41078170294327,167.55628312912398,15262
208.2828417032423,167.7212552879561,15263
208.1540312492328,167.88690641564676,15264
208.0243518744516,168.0532323811731,15265
207.8938051394409,168.22022901499898,15266
207.76239263258162,168.38789210847654,15267
207.6301159709347,168.55621741325038,15268
207.49697680109006,168.72520064066327,15269
207.36297680002255,168.89483746116392,15270
207.22811767595536,169.0651235037175,15271
207.09240116923098,169.23605435521893,15272
206.95582905318872,169.40762555990838,15273
206.81840313504992,169.5798326187904,15274
206.68012525680913,169.75267098905633,15275
206.540997296133,169.92613608351013,15276
206.40102116726513,170.10022326999797,15277
206.26019882193748,170.2749278708423,15278
206.1185322502886,170.4502451622794,15279
205.9760234817872,170.6261703739023,15280
205.83267458616237,170.80269868810828,15281
205.68848767433934,170.97982523955096,15282
205.5434648993809,171.15754511459843,15283
205.39760845743416,171.3358533507965,15284
205.25092058868293,171.51474493633782,15285
205.1034035783044,171.6942148095376,15286
204.9550597574315,171.8742578583146,15287
204.80589150411905,172.05486891968076,15288
204.6559012443147,172.23604277923548,15289
204.50509145283374,172.41777417066885,15290
204.35346465433796,172.6000577752718,15291
204.20102342431758,172.78288822145373,15292
204.04777039007715,172.96626008426912,15293
203.89370823172362,173.15016788495157,15294
203.73883968315778,173.33460609045727,15295
203.5831675330677,173.519569113017,15296
203.426694625924,173.70505130969786,15297
203.26942386297753,173.89104698197391,15298
203.11135820325754,174.0775503753076,15299
202.9525006645715,174.26455567874066,15300
202.79285432450507,174.45205702449573,15301
202.63242232142272,174.64004848758947,15302
202.47120785546807,174.82852408545492,15303
202.30921418956305,175.0174777775784,15304
202.14644465040735,175.20690346514436,15305
201.98290262947538,175.39679499069595,15306
201.81859158401167,175.5871461378053,15307
201.65351503802415,175.77795063075823,15308
201.48767658327466,175.9692021342504,15309
201.32107988026593,176.16089425309852,15310
201.15372865922492,176.35302053196384,15311
200.98562672108244,176.5455744550903,15312
200.816777938447,176.73854944605682,15313
200.6471862565743,176.93193886754332,15314
200.47685569433042,177.12573602111468,15315
200.30579034514886,177.31993414701503,15316
200.1339943779804,177.51452642398175,15317
199.96147203823563,177.70950596907392,15318
199.78822764871944,177.9048658375163,15319
199.6142656105565,178.10059902256046,15320
199.43959040410766,178.2966984553625,15321
199.26420658987664,178.4931570048794,15322
199.08811880940544,178.68996747777848,15323
198.91133178615925,178.88712261836997,15324
198.7338503263991,179.08461510855238,15325
198.5556793200423,179.28243756778286,15326
198.37682374150887,179.48058255305756,15327
198.1972886505552,179.67904255891779,15328
198.01707919309226,179.87781001747723,15329
197.8362006019886,180.0768772984377,15330
197.65465819785774,180.27623670920786,15331
197.47245738982838,180.47588049492566,15332
197.2896036762972,180.67580083859056,15333
197.10610264566367,180.87598986118093,15334
196.92195997704553,181.07643962179947,15335
196.7371814409747,181.2771421178335,15336
196.55177290007268,181.4780892851443,15337
196.36574030970462,181.6792729982736,15338
196.17908971861164,181.88068507067163,15339
195.99182726951958,182.08231725495068,15340
195.80395919972494,182.28416124315532,15341
195.61549184165605,182.48620866706108,15342
195.42643162340897,182.68845109849153,15343
195.23678506925754,182.8908800496595,15344
195.04655880013664,183.09348697353164,15345
194.8557595340977,183.29626326421663,15346
194.66439408673628,183.49920025737484,15347
194.47246937158974,183.7022892306542,15348
194.27999240050568,183.90552140414783,15349
194.08697028397907,184.108887940876,15350
193.89341023145823,184.3123799472925,15351
193.69931955161815,184.51598847381547,15352
193.50470565260102,184.7197045153812,15353
193.3095760422225,184.9235190120236,15354
193.11393832814363,185.12742284947822,15355
192.9178002180072,185.3314068598088,15356
192.72116951953797,185.53546182206185,15357
192.52405414060607,185.7395784629429,15358
192.32646208925246,185.94374745751946,15359
192.12840147367652,186.1479594299476,15360
191.9298805021841,186.35220495422425,15361
191.7309074830962,186.5564745549642,15362
191.5314908246169,186.76075870820134,15363
191.33163903466055,186.96504784221577,15364
191.13136072063725,187.16933233838537,15365
190.93066458919498,187.37360253206137,15366
190.72955944592056,187.5778487134706,15367
190.52805419499566,187.7820611286403,15368
190.3261578388093,187.9862299803493,15369
190.1238794775253,188.1903454291029,15370
189.92122830860555,188.39439759413204,15371
189.71821362628634,188.59837655441777,15372
189.51484482100972,188.80227234973873,15373
189.3111313788077,189.00607498174355,15374
189.10708288063992,189.2097744150466,15375
188.9027090016837,189.41336057834803,15376
188.6980195105767,189.6168233655766,15377
188.49302426861178,189.82015263705625,15378
188.28773322888307,190.02333822069582,15379
188.08215643538395,190.22636991320084,15380
187.87630402205696,190.4292374813091,15381
187.6701862117936,190.63193066304729,15382
187.46381331538663,190.83443916901044,15383
187.2571957304318,191.0367526836622,15384
187.05034394018188,191.23886086665746,15385
186.84326851235062,191.44075335418512,15386
186.63598009786816,191.64241976033162,15387
186.42848942958716,191.84384967846492,15388
186.22080732093994,192.04503268263815,15389
186.0129446645475,192.24595832901278,15390
185.804912430779,192.4466161573003,15391
185.5967216662638,192.64699569222313,15392
185.3883834923549,192.8470864449928,15393
185.17990910354533,193.0468779148063,15394
184.97130976583654,193.246359590359,15395
184.7625968150604,193.44552095137428,15396
184.55378165515455,193.64435147014936,15397
184.3448757563921,193.84284061311592,15398
184.13589065356598,194.0409778424162,15399
183.92683794412838,194.2387526174929,15400
183.7177292862863,194.43615439669304,15401
183.50857639705387,194.63317263888456,15402
183.29939105026207,194.8297968050853,15403
183.0901850745268,195.0260163601042,15404
182.88097035117508,195.22182077419268,15405
182.67175881213353,195.41719952470706,15406
182.46256243777515,195.6121420977806,15407
182.25339325472953,195.8066379900039,15408
182.0442633336556,196.00067671011425,15409
181.83518478697846,196.19424778069208,15410
181.62616976659248,196.38734073986407,15411
181.4172304615274,196.57994514301237,15412
181.20837909558654,196.77205056448912,15413
180.99962792494864,196.96364659933482,15414
180.79098923574682,197.15472286500105,15415
180.58247534161023,197.34526900307523,15416
180.37409858118474,197.5352746810078,15417
180.1658713156244,197.72472959384032,15418
179.9578059260632,197.91362346593405,15419
179.74991481107256,198.1019460526975,15420
179.5422103840343,198.28968714231323,15421
179.33470507062216,198.47683655746155,15422
179.12741130612557,198.66338415704203,15423
178.9203415328481,198.8493198378902,15424
178.71350819745106,199.03463353648957,15425
178.5069237482982,199.21931523067815,15426
178.30060063278265,199.40335494134806,15427
178.0945512946447,199.5867427341375,15428
177.88878817128236,199.7694687211147,15429
177.68332369105295,199.9515230624522,15430
177.47817027057314,200.13289596809096,15431
177.2733403120118,200.3135776993939,15432
177.06884620038335,200.49355857078663,15433
176.86470030084166,200.67282895138615,15434
176.66091495597408,200.8513792666154,15435
176.45750248310136,201.02919999980364,15436
176.2544751715809,201.20628169377076,15437
176.05184528011952,201.38261495239624,15438
175.84962503409275,201.5581904421701,15439
175.6478266228777,201.7329988937266,15440
175.4464621971958,201.90703110335852,15441
175.24554386647188,202.08027793451257,15442
175.04508369620763,202.25273031926383,15443
174.84509370537432,202.42437925976918,15444
174.645585863824,202.5952158296989,15445
174.44657208972197,202.76523117564537,15446
174.2480642470025,202.93441651850833,15447
174.05007414284842,203.10276315485606,15448
173.85261352519706,203.27026245826127,15449
173.65569408027443,203.43690588061187,15450
173.45932743015754,203.60268495339497,15451
173.2635251303683,203.76759128895418,15452
173.0682986674996,203.93161658171903,15453
172.8736594568749,204.09475260940647,15454
172.6796188402436,204.25699123419326,15455
172.4861880835124,204.41832440385895,15456
172.29337837451513,204.5787441528989,15457
172.10120082082173,204.7382426036068,15458
171.90966644758768,204.89681196712624,15459
171.71878619544592,205.05444454447027,15460
171.52857091844083,205.21113272750958,15461
171.33903138200782,205.36686899992782,15462
171.15017826099682,205.52164593814416,15463
170.96202213774305,205.6754562122025,15464
170.77457350018523,205.82829258662733,15465
170.58784274003162,205.98014792124516,15466
170.4018401509761,206.13101517197225,15467
170.21657592696369,206.2808873915671,15468
170.03206016050788,206.4297577303487,15469
169.848302841059,206.57761943687953,15470
169.6653138534255,206.724465858613,15471
169.48310297624832,206.8702904425057,15472
169.30167988052887,207.01508673559437,15473
169.1210541282114,207.15884838553646,15474
168.94123517082045,207.30156914111518,15475
168.76223234815305,207.44324285270906,15476
168.58405488702678,207.58386347272486,15477
168.40671190008433,207.72342505599494,15478
168.23021238465356,207.86192176013876,15479
168.05456522166446,207.99934784588825,15480
167.8797791746232,208.13569767737752,15481
167.70586288864214,208.27096572239662,15482
167.5328248895279,208.4051465526099,15483
167.36067358292513,208.53823484373882,15484
167.18941725351834,208.67022537570926,15485
167.01906406429006,208.80111303276394,15486
166.8496220558358,208.9308928035399,15487
166.68109914573566,209.05955978111115,15488
166.51350312798223,209.18710916299693,15489
166.34684167246488,209.31353625113607,15490
166.18112232450952,209.43883645182734,15491
166.016352504474,209.56300527563633,15492
165.85253950739872,209.68603833726925,15493
165.6896905027115,209.80793135541396,15494
165.52781253398697,209.9286801525486,15495
165.36691251875965,210.04828065471838,15496
165.2069972483897,210.1667288912807,15497
165.04807338798165,210.2840209946192,15498
164.8901474763549,210.40015319982732,15499
164.73322592606533,210.51512184436174,15500
164.57731502347727,210.628923367666,15501
164.42242092888608,210.74155431076517,15502
164.26854967668885,210.85301131583188,15503
164.11570717560375,210.9632911257244,15504
163.96389920893725,211.07239058349708,15505
163.8131314348972,211.18030663188398,15506
163.66340938695237,211.2870363127561,15507
163.51473847423665,211.39257676655288,15508
163.36712398199683,211.49692523168864,15509
163.2205710720843,211.6000790439343,15510
163.07508478348797,211.70203563577536,15511
162.93067003290912,211.80279253574645,15512
162.78733161537576,211.90234736774326,15513
162.64507420489667,212.00069785031258,15514
162.50390235515343,212.09784179592066,15515
162.36382050022965,212.19377711020127,15516
162.2248329553761,212.28850179118322,15517
162.0869439178115,212.38201392849888,15518
161.95015746755686,212.47431170257363,15519
161.81447756830303,212.56539338379744,15520
161.6799080683101,212.655257331679,15521
161.54645270133798,212.74390199398297,15522
161.4141150876064,212.83132590585123,15523
161.28289873478417,212.91752768890862,15524
161.15280703900544,213.0025060503542,15525
161.02384328591347,213.08625978203793,15526
160.89601065172945,213.16878775952438,15527
160.76931220434562,213.25008894114345,15528
160.64375090444258,213.3301623670289,15529
160.5193296066285,213.40900715814544,15530
160.39605106059966,213.48662251530536,15531
160.27391791232182,213.56300771817422,15532
160.15293270523014,213.6381621242678,15533
160.0330978814483,213.71208516793968,15534
159.91441578302408,213.7847763593603,15535
159.79688865318172,213.85623528348927,15536
159.6805186375894,213.92646159903947,15537
159.56530778564073,213.9954550374355,15538
159.45125805175059,214.06321540176597,15539
159.33837129666193,214.1297425657305,15540
159.226649288765,214.19503647258222,15541
159.11609370542706,214.2590971340656,15542
159.00670613433095,214.32192462935174,15543
158.8984880748236,214.3835191039695,15544
158.79144093927093,214.44388076873494,15545
158.68556605442103,214.50300989867858,15546
158.58086466277248,214.5609068319711,15547
158.4773379239486,214.61757196884847,15548
158.3749869160757,214.67300577053652,15549
158.27381263716538,214.72720875817544,15550
158.1738160064994,214.78018151174516,15551
158.074997866017,214.83192466899166,15552
157.9773589817031,214.88243892435463,15553
157.8809000449777,214.93172502789747,15554
157.78562167408492,214.97978378423934,15555
157.6915244154812,215.02661605149018,15556
157.59860874522246,215.07222274018898,15557
157.50687507034868,215.11660481224567,15558
157.41632373026607,215.1597632798871,15559
157.32695499812596,215.20169920460745,15560
157.2387690821995,215.2424136961232,15561
157.15176612724804,215.28190791133386,15562
157.06594621588837,215.32018305328728,15563
156.98130936995233,215.35724037015189,15564
156.8978555518403,215.39308115419414,15565
156.81558466586802,215.42770674076309,15566
156.73449655960613,215.46111850728147,15567
156.6545910252125,215.49331787224392,15568
156.57586780075587,215.5243062942225,15569
156.49832657153146,215.55408527088022,15570
156.42196697136768,215.5826563379919,15571
156.346788583923,215.6100210684736,15572
156.27279094397363,215.6361810714204,15573
156.1999735386908,215.6611379911527,15574
156.1283358089079,215.6848935062714,15575
156.05787715037633,215.70744932872222,15576
155.98859691501087,215.7288072028692,15577
155.92049441212302,215.7489689045778,15578
155.8535689096433,215.7679362403074,15579
155.78781963533086,215.78571104621383,15580
155.72324577797164,215.80229518726196,15581
155.65984648856323,215.817690556348,15582
155.59762088148773,215.83189907343257,15583
155.53656803567117,215.84492268468398,15584
155.4766869957301,215.85676336163198,15585
155.41797677310473,215.86742310033236,15586
155.36043634717865,215.87690392054228,15587
155.3040646663846,215.8852078649063,15588
155.24886064929703,215.89233699815395,15589
155.1948231857097,215.89829340630754,15590
155.1419511377004,215.90307919590202,15591
155.09024334068042,215.90669649321546,15592
155.03969860443016,215.9091474435111,15593
154.9903157141204,215.91043421029087,15594
154.9420934313187,215.91055897456013,15595
154.89503049498168,215.90952393410387,15596
154.84912562243218,215.90733130277482,15597
154.804377510322,215.90398330979275,15598
154.76078483557973,215.89948219905546,15599
154.718346256344,215.89383022846158,15600
154.67706041288147,215.88702966924473,15601
154.6369259284905,215.8790828053196,15602
154.59794141038944,215.86999193263964,15603
154.56010545059047,215.8597593585664,15604
154.52341662675803,215.84838740125062,15605
154.487873503053,215.83587838902494,15606
154.45347463096155,215.82223465980832,15607
154.4202185501091,215.8074585605224,15608
154.38810378905995,215.79155244651892,15609
154.3571288661016,215.7745186810195,15610
154.32729229001438,215.75635963456642,15611
154.29859256082668,215.73707768448563,15612
154.2710281705551,215.7166752143607,15613
154.24459760393037,215.69515461351867,15614
154.21929933910815,215.67251827652754,15615
154.195131848366,215.6487686027049,15616
154.17209359878524,215.62390799563832,15617
154.1501830529189,215.59793886271677,15618
154.1293986694451,215.57086361467378,15619
154.10973890380626,215.5426846651417,15620
154.09120220883412,215.51340443021732,15621
154.07378703536077,215.48302532803865,15622
154.05749183281543,215.45154977837288,15623
154.04231504980763,215.4189802022154,15624
154.02825513469608,215.3853190214001,15625
154.01531053614448,215.35056865822048,15626
154.003479703663,215.3147315350616,15627
153.9927610881364,215.27781007404337,15628
153.983153142339,215.23980669667418,15629
153.97465432143562,215.20072382351574,15630
153.96726308346976,215.16056387385828,15631
153.96097788983852,215.11932926540658,15632
153.95579720575415,215.07702241397675,15633
153.95171950069255,215.03364573320334,15634
153.94874324882954,214.9892016342569,15635
153.9468669294633,214.94369252557215,15636
153.94608902742505,214.89712081258654,15637
153.94640803347636,214.8494888974888,15638
153.9478224446944,214.80079917897808,15639
153.9503307648446,214.75105405203308,15640
153.95393150474098,214.70025590769123,15641
153.9586231825943,214.64840713283832,15642
153.96440432434784,214.59551011000747,15643
153.97127346400174,214.54156721718877,15644
153.9792291439244,214.4865808276483,15645
153.98826991515307,214.4305533097572,15646
153.9983943376819,214.37348702683028,15647
154.00960098073867,214.3153843369747,15648
154.02188842304986,214.25624759294803,15649
154.03525525309408,214.19607914202598,15650
154.04970006934437,214.1348813258796,15651
154.0652214804988,214.07265648046237,15652
154.08181810570014,214.00940693590601,15653
154.09948857474393,213.9451350164264,15654
154.11823152827614,213.87984304023843,15655
154.13804561797903,213.81353331948029,15656
154.15892950674643,213.74620816014684,15657
154.18088186884827,213.67786986203257,15658
154.2039013900842,213.6085207186832,15659
154.22798676792613,213.53816301735677,15660
154.25313671165065,213.46679903899366,15661
154.27934994246044,213.39443105819575,15662
154.30662519359532,213.3210613432143,15663
154.3349612104327,213.24669215594716,15664
154.36435675057768,213.17132575194458,15665
154.39481058394267,213.09496438042402,15666
154.42632149281673,213.01761028429397,15667
154.4588882719246,212.93926570018616,15668
154.49250972847574,212.85993285849716,15669
154.5271846822025,212.77961398343814,15670
154.56291196538896,212.69831129309375,15671
154.5996904228892,212.6160269994896,15672
154.63751891213545,212.53276330866834,15673
154.67639630313624,212.44852242077457,15674
154.7163214784649,212.36330653014804,15675
154.75729333323736,212.27711782542605,15676
154.7993107750806,212.18995848965392,15677
154.84237272409092,212.10183070040426,15678
154.88647811278213,212.01273662990488,15679
154.93162588602416,211.922678445175,15680
154.97781500097133,211.83165830817026,15681
155.0250444269812,211.73967837593634,15682
155.07331314552326,211.64674080077074,15683
155.12262015007758,211.55284773039344,15684
155.1729644460241,211.45800130812577,15685
155.22434505052144,211.3622036730781,15686
155.2767609923762,211.26545696034594,15687
155.33021131190236,211.16776330121445,15688
155.3846950607704,211.0691248233714,15689
155.44021130184709,210.96954365112896,15690
155.49675910902474,210.8690219056537,15691
155.55433756704102,210.76756170520537,15692
155.61294577128842,210.66516516538385,15693
155.672582827614,210.56183439938505,15694
155.73324785210872,210.45757151826515,15695
155.79493997088719,210.3523786312132,15696
155.85765831985705,210.24625784583287,15697
155.92140204447836,210.13921126843198,15698
155.9861702995125,210.0312410043214,15699
156.05196224876147,209.92234915812202,15700
156.11877706479635,209.81253783408056,15701
156.18661392867574,209.70180913639408,15702
156.255472029654,209.59016516954298,15703
156.32535056487885,209.47760803863287,15704
156.3962487390786,209.36413984974476,15705
156.4681657642391,209.24976271029462,15706
156.54110085926973,209.13447872940094,15707
156.61505324965916,209.0182900182617,15708
156.69002216712025,208.90119869053953,15709
156.76600684922437,208.78320686275615,15710
156.8430065390247,208.66431665469545,15711
156.92102048466882,208.54453018981536,15712
157.00004793900044,208.42384959566857,15713
157.0800881591498,208.30227700433244,15714
157.1611404061136,208.1798145528474,15715
157.24320394432294,208.05646438366458,15716
157.32627804120096,207.93222864510244,15717
157.41036196670842,207.80710949181213,15718
157.49545499287828,207.6811090852521,15719
157.58155639333884,207.5542295941716,15720
157.66866544282516,207.42647319510343,15721
157.75678141667902,207.29784207286545,15722
157.84590359033726,207.1683384210716,15723
157.93603123880777,207.03796444265166,15724
158.02716363613462,206.90672235038036,15725
158.11930005485024,206.77461436741572,15726
158.21243976541626,206.6416427278463,15727
158.30658203565181,206.5078096772479,15728
158.40172613014994,206.37311747324924,15729
158.49787130968144,206.23756838610723,15730
158.59501683058673,206.101164699291,15731
158.6931619441547,205.96390871007551,15732
158.79230589598956,205.8258027301444,15733
158.89244792536488,205.68684908620185,15734
158.99358726456475,205.54705012059384,15735
159.09572313821255,205.40640819193897,15736
159.19885476258645,205.26492567576787,15737
159.3029813449223,205.12260496517268,15738
159.40810208270338,204.97944847146502,15739
159.51421616293703,204.8354586248438,15740
159.62132276141827,204.69063787507181,15741
159.7294210419799,204.54498869216187,15742
159.83851015572984,204.39851356707203,15743
159.9485892402744,204.2512150124098,15744
160.05965741892896,204.10309556314587,15745
160.1717137999145,203.95415777733666,15746
160.2847574755408,203.80440423685587,15747
160.3987875213764,203.6538375481355,15748
160.51380299540435,203.50246034291553,15749
160.62980293716487,203.35027527900243,15750
160.74678636688392,203.19728504103702,15751
160.86475228458826,203.04349234127073,15752
160.98369966920652,202.8888999203508,15753
161.10362747765683,202.73351054811425,15754
161.2245346439203,202.57732702439037,15755
161.34642007810083,202.42035217981174,15756
161.46928266547144,202.26258887663383,15757
161.593121265506,202.10404000956277,15758
161.717934710898,201.94470850659158,15759
161.843721806565,201.78459732984436,15760
161.97048132863972,201.6237094764287,15761
162.0982120234469,201.46204797929593,15762
162.22691260646712,201.29961590810893,15763
162.35658176128626,201.13641637011796,15764
162.48721813853209,200.9724525110438,15765
162.61882035479692,200.80772751596814,15766
162.75138699154698,200.64224461023127,15767
162.88491659401842,200.47600706033688,15768
163.01940767010004,200.30901817486333,15769
163.1548586892031,200.14128130538185,15770
163.29126808111786,199.9727998473812,15771
163.4286342348574,199.80357724119835,15772
163.5669554974887,199.63361697295534,15773
163.70623017295125,199.46292257550158,15774
163.84645652086303,199.2914976293623,15775
163.98763275531448,199.11934576369168,15776
164.12975704365036,198.9464706572312,15777
164.2728275052401,198.77287603927292,15778
164.416842210236,198.59856569062703,15779
164.56179917832083,198.42354344459346,15780
164.70769637744377,198.24781318793754,15781
164.85453172254577,198.07137886186933,15782
165.00230307427466,197.89424446302561,15783
165.15100823768972,197.71641404445535,15784
165.30064496095642,197.53789171660725,15785
165.45121093403193,197.3586816483196,15786
165.6027037873411,197.17878806781187,15787
165.75512109044396,196.99821526367745,15788
165.9084603506946,196.8169675858778,15789
166.06271901189217,196.63504944673647,15790
166.2178944529244,196.45246532193374,15791
166.37398398640408,196.26921975150057,15792
166.53098485729856,196.0853173408118,15793
166.68889424155367,195.9007627615782,15794
166.8477092447118,195.71556075283618,15795
167.00742690052468,195.5297161219359,15796
167.16804416956217,195.34323374552602,15797
167.32955793781665,195.15611857053526,15798
167.49196501530454,194.96837561514965,15799
167.6552621346647,194.78000996978633,15800
167.81944594975508,194.59102679806077,15801
167.98451303424795,194.40143133774953,15802
168.15045988022425,194.2112289017462,15803
168.31728289676835,194.02042487901065,15804
168.48497840856314,193.82902473551025,15805
168.65354265448715,193.63703401515377,15806
168.8229717862136,193.44445834071536,15807
168.99326186681242,193.2513034147501,15808
169.1644088693572,193.05757502049815,15809
169.33640867553564,192.86327902277895,15810
169.50925707426677,192.6684213688731,15811
169.682949760324,192.47300808939227,15812
169.8574823329664,192.27704529913538,15813
170.03285029457786,192.08053919793164,15814
170.20904904931592,191.88349607146827,15815
170.38607390177125,191.68592229210293,15816
170.5639200556383,191.4878243196599,15817
170.74258261239845,191.28920870220915,15818
170.922056570017,191.09008207682768,15819
171.10233682165452,190.89045117034163,15820
171.28341815439404,190.69032280004936,15821
171.46529524798518,190.4897038744238,15822
171.64796267360612,190.28860139379356,15823
171.831414892645,190.08702245100173,15824
172.01564625550157,189.88497423204188,15825
172.20065100041003,189.68246401667028,15826
172.38642325228562,189.47949917899223,15827
172.57295702159377,189.27608718802455,15828
172.76024620324625,189.0722356082295,15829
172.9482845755223,188.86795210002242,15830
173.1370657990184,188.6632444202505,15831
173.32658341562694,188.4581204226422,15832
173.51683084754575,188.25258805822614,15833
173.7078013963181,188.0466553757199,15834
173.89948824190728,187.8403305218849,15835
174.09188444180458,187.63362174184985,15836
174.28498293017324,187.4265373793995,15837
174.47877651702973,187.2190858772285,15838
174.673257887463,187.01127577716028,15839
174.86841960089401,186.8031157203276,15840
175.0642540903756,186.59461444731778,15841
175.26075366193623,186.38578079827758,15842
175.45791049396593,186.17662371297948,15843
175.6557166366484,185.96715223084828,15844
175.85416401143985,185.7573754909452,15845
176.05324441059537,185.54730273191183,15846
176.25294949674355,185.33694329186986,15847
176.45327080251363,185.12630660827844,15848
176.65419973021335,184.91540221774568,15849
176.8557275515591,184.7042397557966,15850
177.0578454074622,184.4928289565942,15851
177.2605443078702,184.28117965261413,15852
177.46381513166403,184.06930177427176,15853
177.66764862661543,183.85720534950124,15854
177.87203540940038,183.64490050328624,15855
178.07696596567789,183.43239745714058,15856
178.28243065022446,183.21970652853886,15857
178.4884196871371,183.0068381302969,15858
178.69492317009576,182.79380276990108,15859
178.90193106269226,182.5806110487847,15860
179.10943319882534,182.36727366155372,15861
179.31741928316208,182.153801395159,15862
179.52587889166895,181.94020512801438,15863
179.734801472204,181.7264958290635,15864
179.9441763451986,181.51268455679107,15865
180.15399270434565,181.29878245818048,15866
180.36423961750594,181.0848007676155,15867
180.57490602748362,180.8707508057314,15868
180.78598075303566,180.6566439782047,15869
180.99745248987966,180.4424917744936,15870
181.20930981179802,180.22830576652362,15871
181.4215411718019,180.0140976073021,15872
181.6341349033839,179.7998790295254,15873
181.8470792218335,179.58566184404663,15874
182.06036222563287,179.37145793837854,15875
182.27397189792504,179.1572792750835,15876
182.48789610805906,178.94313789013322,15877
182.70212261320842,178.72904589120103,15878
182.91663906006394,178.5150154559141,15879
183.13143298660378,178.30105883003705,15880
183.34649182393483,178.08718832561405,15881
183.56180289821057,177.8734163190516,15882
183.77735343262276,177.65975524915117,15883
183.9931305494649,177.4462176150903,15884
184.20912127227018,177.2328159743514,15885
184.42531252802198,177.01956294060116,15886
184.64169114943485,176.80647118152075,15887
184.85824387730702,176.59355341658573,15888
185.07495736294365,176.3808224147991,15889
185.29181817064799,176.1682909923771,15890
185.50881278028197,175.9559720103894,15891
185.72592758989305,175.74387837235398,15892
185.94314891840781,175.53202302178727,15893
186.16046300838835,175.32041893971402,15894
186.3778560288552,175.10907914213246,15895
186.59531407816897,174.8980166774425,15896
186.81282318697444,174.6872446238325,15897
187.03036932120278,174.47677608662968,15898
187.24793838513105,174.26662419561458,15899
187.46551622449712,174.0568021023,15900
187.68308862966862,173.84732297717787,15901
187.90064133886347,173.63820000693383,15902
188.11816004141986,173.42944639163213,15903
188.3356303811151,173.22107534187228,15904
188.55303795952892,173.01310007591934,15905
188.77036833945152,172.80553381680872,15906
188.98760704833234,172.59838978942898,15907
189.20473958176794,172.3916812175825,15908
189.42175140702707,172.18542132102692,15909
189.63862796660982,171.97962331250005,15910
189.85535468183824,171.77430039472773,15911
190.07191695647765,171.5694657574193,15912
190.28830018038335,171.3651325742512,15913
190.50448973317262,171.1613139998403,15914
190.7204709879181,170.95802316671072,15915
190.93622931486016,170.7552731822539,15916
191.15175008513532,170.55307712568663,15917
191.36701867451893,170.3514480450061,15918
191.58202046717776,170.15039895394685,15919
191.79674085943162,169.9499428289402,15920
192.0111652635194,169.7500926060779,15921
192.2252791113678,169.55086117808395,15922
192.43906785836026,169.35226139129432,15923
192.6525169871014,169.15430604264924,15924
192.86561201117703,168.95700787669725,15925
193.0783384789037,168.7603795826159,15926
193.2906819770678,168.5644337912496,15927
193.5026281346492,168.36918307216692,15928
193.71416262652832,168.1746399307394,15929
193.92527117717256,167.98081680524479,15930
194.13593956429992,167.78772606399508,15931
194.34615362251722,167.59538000249287,15932
194.55589924692964,167.40379084061718,15933
194.7651623967196,167.212970719841,15934
194.9739290986914,167.0229317004824,15935
195.18218545078022,166.8336857589909,15936
195.38991762552152,166.64524478527147,15937
195.59711187347983,166.45762058004718,15938
195.80375452663282,166.2708248522633,15939
196.0098320017099,166.08486921653312,15940
196.21533080348144,165.89976519062907,15941
196.42023752799764,165.715524193019,15942
196.6245388657736,165.53215754045004,15943
196.82822160491963,165.349676445582,15944
197.03127263421345,165.16809201467035,15945
197.23367894611323,164.98741524530226,15946
197.4354276397092,164.8076570241849,15947
197.63650592361134,164.62882812498898,15948
197.83690111877257,164.45093920624817,15949
198.03660066124422,164.27400080931505,15950
198.2355921048636,164.09802335637607,15951
198.43386312387076,163.9230171485249,15952
198.63140151545392,163.7489923638969,15953
198.8281952022219,163.57595905586425,15954
199.02423223460153,163.4039271512937,15955
199.2195007931603,163.2329064488665,15956
199.41398919085137,163.0629066174628,15957
199.6076858751813,162.89393719461017,15958
199.8005794302987,162.7260075849966,15959
199.9926585790032,162.55912705905007,15960
200.18391218467386,162.3933047515831,15961
200.37432925311668,162.22854966050429,15962
200.56389893433,162.06487064559656,15963
200.75261052418753,161.90227642736258,15964
200.94045346603912,161.74077558593712,15965
201.12741735222784,161.58037656006726,15966
201.31349192552386,161.4210876461599,15967
201.4986670804753,161.26291699739696,15968
201.68293286467457,161.1058726229179,15969
201.86627947994197,160.94996238706995,15970
202.04869728342535,160.79519400872528,15971
202.2301767886162,160.64157506066556,15972
202.41070866628328,160.48911296903282,15973
202.59028374532272,160.33781501284716,15974
202.76889301352637,160.18768832359027,15975
202.9465276182677,160.03873988485427,15976
203.12317886710693,159.89097653205607,15977
203.29883822831476,159.74440495221597,15978
203.47349733131665,159.59903168380004,15979
203.64714796705758,159.45486311662563,15980
203.81978208828806,159.31190549183,15981
203.99139180977323,159.17016490189968,15982
204.16196940842468,159.02964729076183,15983
204.3315073233571,158.8903584539348,15984
204.49999815586997,158.75230403873846,15985
204.6674346693563,158.61548954456268,15986
204.83380978913868,158.47992032319274,15987
204.9991166022343,158.3456015791919,15988
205.16334835705044,158.21253837033828,15989
205.32649846301112,158.08073560811667,15990
205.4885604901168,157.95019805826317,15991
205.6495281684381,157.82093034136182,15992
205.8093953875454,157.69293693349223,15993
205.9681561958752,157.56622216692668,15994
206.12580480003527,157.4407902308759,15995
206.28233556404982,157.316645172282,15996
206.43774300854597,157.1937908966574,15997
206.5920218098839,157.07223116896873,15998
206.74516679923116,156.9519696145639,15999
206.8971729615836,156.83300972014166,16000
207.04803543473403,156.71535483476205,16001
207.1977495081906,156.59900817089633,16002
207.34631062204627,156.48397280551538,16003
207.49371436580077,156.3702516812151,16004
207.6399564771375,156.25784760737724,16005
207.78503284065627,156.146763261365,16006
207.9289394865637,156.0370011897511,16007
208.07167258932304,155.9285638095781,16008
208.21322846626535,155.82145340964865,16009
208.3536035761629,155.71567215184498,16010
208.49279451776715,155.61122207247627,16011
208.6307980283128,155.5081050836518,16012
208.76761098198912,155.40632297468008,16013
208.90323038838082,155.305877413491,16014
209.0376533908794,155.20676994808096,16015
209.17087726506725,155.10900200797903,16016
209.3028994170753,155.01257490573312,16017
209.43371738191667,154.91748983841484,16018
209.56332882179686,154.82374788914177,16019
209.6917315244029,154.7313500286162,16020
209.81892340117264,154.6402971166785,16021
209.94490248554501,154.5505899038747,16022
210.06966693119406,154.4622290330365,16023
210.1932150102469,154.37521504087272,16024
210.31554511148758,154.28954835957146,16025
210.43665573854855,154.20522931841106,16026
210.55654550809015,154.12225814537928,16027
210.67521314797045,154.04063496880002,16028
210.79265749540613,153.96035981896503,16029
210.9088774951258,153.88143262977175,16030
211.02387219751728,153.80385324036396,16031
211.13764075676954,153.72762139677639,16032
211.25018242901106,153.65273675358043,16033
211.36149657044524,153.5791988755314,16034
211.47158263548454,153.50700723921574,16035
211.5804401748838,153.43616123469735,16036
211.68806883387438,153.3666601671624,16037
211.79446835029995,153.29850325856134,16038
211.89963855275488,153.23168964924776,16039
212.00357935872614,153.16621839961306,16040
212.10629077273987,153.1020884917161,16041
212.20777288451364,153.03929883090706,16042
212.30802586711445,152.97784824744502,16043
212.40704997512478,152.91773549810836,16044
212.5048455428161,152.85895926779702,16045
212.60141298233128,152.8015181711268,16046
212.696752781877,152.745410754014,16047
212.79086550392597,152.6906354952506,16048
212.88375178343068,152.637190808069,16049
212.9754123260484,152.58507504169583,16050
213.06584790637908,152.53428648289432,16051
213.15505936621582,152.48482335749463,16052
213.24304761280905,152.43668383191195,16053
213.32981361714502,152.38986601465112,16054
213.41535841223876,152.34436795779854,16055
213.49968309144234,152.30018765849942,16056
213.58278880676883,152.25732306042147,16057
213.6646767672324,152.21577205520364,16058
213.74534823720498,152.17553248388964,16059
213.8248045347897,152.1366021383464,16060
213.90304703021232,152.09897876266675,16061
213.9800771442295,152.0626600545559,16062
214.055896346556,152.02764366670164,16063
214.13050615430964,151.99392720812827,16064
214.20390813047527,151.9615082455331,16065
214.27610388238753,151.93038430460655,16066
214.34709506023287,151.900552871334,16067
214.4168833555711,151.87201139328135,16068
214.4854704998763,151.84475728086156,16069
214.55285826309785,151.81878790858445,16070
214.61904845224126,151.7941006162876,16071
214.68404290996918,151.77069271034958,16072
214.74784351322288,151.7485614648846,16073
214.81045217186383,151.727704122919,16074
214.87187082733598,151.70811789754893,16075
214.93210145134873,151.68979997307952,16076
214.99114604458006,151.6727475061455,16077
215.04900663540113,151.65695762681295,16078
215.105685278621,151.64242743966224,16079
215.16118405425237,151.6291540248522,16080
215.21550506629825,151.6171344391654,16081
215.268650441559,151.60636571703463,16082
215.3206223284608,151.5968448715506,16083
215.371422895904,151.5885688954502,16084
215.42105433213325,151.581534762087,16085
215.46951884362727,151.57573942638174,16086
215.51681865400997,151.57117982575485,16087
215.56295600298168,151.56785288104,16088
215.60793314527112,151.56575549737875,16089
215.65175234960765,151.56488456509678,16090
215.6944158977137,151.5652369605616,16091
215.73592608331768,151.56680954702173,16092
215.77628521118655,151.5695991754271,16093
215.8154955961788,151.57360268523192,16094
215.85355956231686,151.5788169051784,16095
215.8904794418796,151.585238654063,16096
215.9262575745139,151.5928647414846,16097
215.9608963063662,151.60169196857413,16098
215.994397989233,151.6117171287074,16099
216.02676497973033,151.62293700819927,16100
216.05799963848273,151.6353483869809,16101
216.08810432933032,151.64894803925935,16102
216.11708141855507,151.6637327341599,16103
216.1449332741253,151.67969923635113,16104
216.17166226495846,151.696844306653,16105
216.197270760202,151.71516470262827,16106
216.22176112853236,151.73465717915687,16107
216.2451357374714,151.75531848899368,16108
216.26739695272067,151.7771453833101,16109
216.28854713751275,151.80013461221935,16110
216.30858865198036,151.82428292528493,16111
216.32752385254162,151.84958707201432,16112
216.3453550913028,151.87604380233563,16113
216.36208471547755,151.90364986705922,16114
216.37771506682222,151.93240201832384,16115
216.39224848108785,151.96229701002693,16116
216.40568728748784,151.99333159824027,16117
216.41803380818166,152.02550254161022,16118
216.42929035777416,152.05880660174324,16119
216.4394592428304,152.09324054357643,16120
216.44854276140552,152.12880113573408,16121
216.45654320258987,152.1654851508692,16122
216.46346284606906,152.20328936599097,16123
216.46930396169842,152.2422105627784,16124
216.4740688090922,152.28224552788006,16125
216.4777596372271,152.32339105319917,16126
216.48037868405967,152.36564393616644,16127
216.48192817615777,152.40900097999855,16128
216.4824103283459,152.45345899394346,16129
216.4818273433639,152.4990147935129,16130
216.48018141153898,152.54566520070176,16131
216.47747471047128,152.5934070441943,16132
216.47370940473215,152.6422371595582,16133
216.4688876455752,152.6921523894258,16134
216.46301157066037,152.7431495836631,16135
216.45608330379022,152.7952255995265,16136
216.44810495465865,152.8483773018073,16137
216.43907861861175,152.90260156296455,16138
216.4290063764206,152.95789526324597,16139
216.4178902940661,153.01425529079728,16140
216.4057324225353,153.07167854175984,16141
216.39253479762914,153.13016192035735,16142
216.37829943978196,153.1897023389708,16143
216.3630283538918,153.25029671820272,16144
216.34672352916195,153.31194198693044,16145
216.32938693895352,153.37463508234828,16146
216.3110205406486,153.43837294999923,16147
216.29162627552412,153.5031525437962,16148
216.27120606863633,153.5689708260325,16149
216.24976182871535,153.63582476738225,16150
216.22729544807044,153.70371134689051,16151
216.20380880250485,153.77262755195343,16152
216.17930375124095,153.84257037828843,16153
216.15378213685523,153.91353682989424,16154
216.127245785223,153.98552391900174,16155
216.09969650547262,154.0585286660148,16156
216.07113608994925,154.13254809944186,16157
216.04156631418832,154.20757925581782,16158
216.01098893689777,154.28361917961712,16159
215.97940569995004,154.36066492315715,16160
215.94681832838253,154.43871354649286,16161
215.91322853040785,154.51776211730248,16162
215.87863799743215,154.5978077107639,16163
215.84304840408288,154.67884740942307,16164
215.8064614082449,154.76087830305283,16165
215.7688786511054,154.84389748850396,16166
215.73030175720746,154.92790206954695,16167
215.69073233451178,155.01288915670622,16168
215.65017197446704,155.09885586708532,16169
215.60862225208882,155.18579932418413,16170
215.56608472604606,155.27371665770823,16171
215.52256093875653,155.36260500336962,16172
215.47805241648996,155.45246150268002,16173
215.43256066947927,155.54328330273597,16174
215.38608719203995,155.63506755599622,16175
215.33863346269735,155.72781142005118,16176
215.29020094432178,155.82151205738515,16177
215.24079108427168,155.91616663513048,16178
215.1904053145443,156.0117723248145,16179
215.1390450519344,156.10832630209902,16180
215.08671169820047,156.20582574651215,16181
215.03340664023895,156.30426784117333,16182
214.97913125026568,156.40364977251062,16183
214.92388688600525,156.50396872997115,16184
214.86767489088797,156.60522190572436,16185
214.81049659425403,156.70740649435825,16186
214.75235331156594,156.81051969256845,16187
214.6932463446274,156.91455869884092,16188
214.63317698181066,157.0195207131271,16189
214.57214649829103,157.1254029365127,16190
214.51015615628847,157.23220257088002,16191
214.44720720531723,157.33991681856284,16192
214.3833008824423,157.44854288199542,16193
214.31843841254417,157.55807796335475,16194
214.25262100858987,157.66851926419616,16195
214.1858498719125,157.7798639850827,16196
214.1181261924973,157.89210932520805,16197
214.04945114927602,158.00525248201305,16198
213.9798259104279,158.11929065079644,16199
213.90925163368848,158.2342210243187,16200
213.83772946666588,158.3500407924003,16201
213.76526054716433,158.46674714151357,16202
213.69184600351525,158.58433725436888,16203
213.61748695491593,158.7028083094945,16204
213.5421845117753,158.82215748081077,16205
213.46593977606773,158.9423819371983,16206
213.38875384169378,159.06347884206056,16207
213.31062779484898,159.18544535288066,16208
213.23156271439973,159.30827862077226,16209
213.1515596722672,159.43197579002515,16210
213.07061973381826,159.55653399764532,16211
212.98874395826482,159.68195037288908,16212
212.90593339906988,159.80822203679242,16213
212.8221891043621,159.93534610169434,16214
212.73751211735748,160.06331967075556,16215
212.65190347678904,160.19213983747122,16216
212.56536421734418,160.32180368517908,16217
212.47789537010985,160.45230828656236,16218
212.38949796302552,160.58365070314747,16219
212.300173021344,160.71582798479682,16220
212.20992156810013,160.84883716919674,16221
212.11874462458738,160.98267528134056,16222
212.0266432108425,161.11733933300718,16223
211.9336183461379,161.2528263222343,16224
211.83967104948226,161.389133232788,16225
211.7448023401292,161.5262570336269,16226
211.64901323809394,161.66419467836232,16227
211.55230476467796,161.8029431047141,16228
211.45467794300205,161.94249923396197,16229
211.3561337985474,162.08285997039286,16230
211.25667335970493,162.224022200744,16231
211.15629765833296,162.365982793642,16232
211.0550077303229,162.5087385990381,16233
210.9528046161734,162.65228644763954,16234
210.8496893615732,162.79662315033715,16235
210.74566301799157,162.94174549762943,16236
210.64072664327784,163.0876502590428,16237
210.53488130226899,163.23433418254885,16238
210.4281280674059,163.381793993978,16239
210.32046801935797,163.53002639642978,16240
210.21190224765607,163.6790280696806,16241
210.1024318513345,163.82879566958772,16242
209.99205793958086,163.97932582749107,16243
209.88078163239499,164.13061514961203,16244
209.76860406125627,164.28266021644936,16245
209.65552636979945,164.43545758217311,16246
209.5415497144993,164.5890037740159,16247
209.4266752653635,164.74329529166184,16248
209.31090420663458,164.89832860663356,16249
209.19423773750012,165.05410016167735,16250
209.0766770728118,165.21060637014617,16251
208.95822344381287,165.36784361538162,16252
208.83887809887437,165.52580825009335,16253
208.7186423042399,165.68449659573835,16254
208.59751734477896,165.84390494189816,16255
208.47550452474886,166.00402954565521,16256
208.35260516856513,166.1648666309687,16257
208.22882062158058,166.32641238804936,16258
208.10415225087266,166.48866297273378,16259
207.97860144603945,166.65161450585842,16260
207.85216962000385,166.81526307263354,16261
207.7248582098265,166.979604722017,16262
207.59666867752657,167.14463546608837,16263
207.46760251091106,167.31035127942334,16264
207.33766122441253,167.47674809846893,16265
207.20684635993433,167.64382182091921,16266
207.0751594877046,167.8115683050921,16267
206.9426022071379,167.97998336930777,16268
206.80917614770465,168.14906279126782,16269
206.6748829698087,168.31880230743664,16270
206.5397243656724,168.4891976124243,16271
206.40370206022948,168.6602443583717,16272
206.266817812025,168.8319381543381,16273
206.1290734141233,169.00427456569102,16274
205.99047069502285,169.17724911349887,16275
205.85101151957815,169.35085727392718,16276
205.710697789929,169.52509447763717,16277
205.5695314464361,169.6999561091888,16278
205.42751446862385,169.87543750644704,16279
205.28464887612938,170.0515339599923,16280
205.14093672965797,170.22824071253535,16281
204.99638013194445,170.4055529583364,16282
204.8509812287212,170.58346584262966,16283
204.70474220969095,170.76197446105235,16284
204.55766530950612,170.94107385907964,16285
204.40975280875267,171.12075903146484,16286
204.2610070349398,171.301024921686,16287
204.1114303634938,171.4818664213983,16288
203.96102521875707,171.66327836989353,16289
203.80979407499103,171.84525555356586,16290
203.65773945738368,172.02779270538494,16291
203.50486394306046,172.21088450437702,16292
203.35117016209853,172.39452557511265,16293
203.19666079854503,172.5787104872038,16294
203.0413385914371,172.76343375480806,16295
202.88520633582544,172.94868983614253,16296
202.72826688379942,173.13447313300674,16297
202.57052314551441,173.32077799031347,16298
202.41197809022037,173.5075986956315,16299
202.25263474729175,173.69492947873644,16300
202.09249620725797,173.8827645111727,16301
201.93156562283426,174.07109790582612,16302
201.76984620995253,174.25992371650761,16303
201.6073412487916,174.4492359375476,16304
201.44405408480625,174.639028503403,16305
201.27998812975548,174.82929528827543,16306
201.1151468627283,175.0200301057419,16307
200.9495338311674,175.21122670839898,16308
200.78315265189016,175.40287878751855,16309
200.61600701210588,175.59497997271845,16310
200.4481006704295,175.78752383164561,16311
200.27943745789094,175.9805038696743,16312
200.11002127893926,176.17391352961798,16313
199.93985611244145,176.36774619145584,16314
199.76894601267537,176.5619951720761,16315
199.5972951103155,176.75665372503198,16316
199.42490761341233,176.95171504031626,16317
199.2517878083628,177.1471722441495,16318
199.07794006087332,177.3430183987877,16319
198.90336881691294,177.5392465023434,16320
198.72807860365745,177.73584948862674,16321
198.5520740304223,177.93282022700282,16322
198.37535978958502,178.13015152226646,16323
198.19794065749593,178.32783611453746,16324
198.01982149537596,178.52586667917097,16325
197.8410072502019,178.7242358266891,16326
197.66150295557694,178.9229361027321,16327
197.4813137325879,179.12195998802696,16328
197.30044479064594,179.32129989837904,16329
197.1189014283117,179.52094818467887,16330
196.9366890341039,179.72089713293633,16331
196.75381308728987,179.9211389643235,16332
196.57027915865788,180.12166583526212,16333
196.38609291127048,180.32246983751355,16334
196.20126010119787,180.52354299827013,16335
196.0157865782304,180.7248772803271,16336
195.82967828656976,180.92646458222293,16337
195.64294126549748,181.12829673842893,16338
195.45558165002092,181.33036551954996,16339
195.2676056714945,181.53266263255597,16340
195.07901965821694,181.73517972103332,16341
194.889830036002,181.93790836546037,16342
194.70004332872384,182.14084008350716,16343
194.509666158834,182.34396633035868,16344
194.31870524785106,182.54727849906354,16345
194.12716741682107,182.75076792090678,16346
193.9350595867481,182.9544258658066,16347
193.7423887789944,183.15824354273792,16348
193.54916211564887,183.36221210017956,16349
193.35538681986347,183.56632262658832,16350
193.16107021615642,183.7705661508966,16351
192.96621973068167,183.97493364303827,16352
192.77084289146302,184.17941601449837,16353
192.57494732859365,184.38400411889003,16354
192.37854077439872,184.58868875255754,16355
192.18163106356099,184.79346065520488,16356
191.98422613320807,184.9983105105516,16357
191.7863340229621,185.20322894701482,16358
191.58796287494894,185.40820653841766,16359
191.3891209337677,185.61323380472504,16360
191.18981654641928,185.81830121280507,16361
190.99005816219307,186.02339917721804,16362
190.789854332512,186.22851806103236,16363
190.5892137107338,186.43364817666657,16364
190.38814505190896,186.6387797867583,16365
190.1866572124948,186.8439031050604,16366
189.9847591500239,187.0490082973642,16367
189.78245992272755,187.25408548244755,16368
189.57976868911308,187.4591247330521,16369
189.3766947074944,187.66411607688514,16370
189.17324733547574,187.86904949764866,16371
188.96943602938725,188.07391493609487,16372
188.76527034367325,188.2787022911073,16373
188.56075993023126,188.48340142080897,16374
188.3559145377027,188.68800214369512,16375
188.15074401071394,188.8924942397926,16376
187.94525828906808,189.09686745184456,16377
187.7394674068865,189.30111148652009,16378
187.53338149170065,189.50521601564927,16379
187.3270107634926,189.70917067748246,16380
187.12036553368677,189.9129650779747,16381
186.9134562040887,190.11658879209364,16382
186.70629326577472,190.320031365152,16383
186.49888729793005,190.52328231416277,16384
186.29124896663618,190.72633112921844,16385
186.08338902360703,190.9291672748922,16386
185.87531830487447,191.1317801916619,16387
185.66704772942342,191.33415929735622,16388
185.45858829777595,191.53629398862176,16389
185.24995109052514,191.73817364241197,16390
185.04114726681908,191.9397876174957,16391
184.83218806279436,192.141125255987,16392
184.62308478996098,192.3421758848936,16393
184.4138488335372,192.54292881768475,16394
184.2044916507364,192.74337335587748,16395
183.9950247690059,192.94349879064154,16396
183.78545978421707,193.14329440442012,16397
183.5758083588098,193.34274947256873,16398
183.36608221988925,193.5418532650096,16399
183.15629315727753,193.74059504790128,16400
182.94645302152063,193.93896408532373,16401
182.73657372185014,194.13694964097667,16402
182.52666722410228,194.33454097989187,16403
182.3167455485954,194.53172737015817,16404
182.10682076796292,194.7284980846579,16405
181.89690500494802,194.92484240281496,16406
181.68701043016011,195.12074961235334,16407
181.47714925978764,195.3162090110647,16408
181.26733375327996,195.51120990858573,16409
181.05757621098644,195.70574162818232,16410
180.84788897176682,195.8997935085423,16411
180.63828441056296,196.09335490557314,16412
180.42877493594145,196.2864151942063,16413
180.21937298759966,196.4789637702056,16414
180.01009103386852,196.67099005197917,16415
179.80094156908285,196.8624834823951,16416
179.59193711115108,197.05343353059789,16417
179.38309019882237,197.24382969382717,16418
179.17441338911894,197.43366149923546,16419
178.96591925468604,197.622918505706,16420
178.757620381117,197.81159030566832,16421
178.54952936427074,197.99966652691137,16422
178.3416588075682,198.18713683439313,16423
178.13402131926827,198.37399093204527,16424
177.92662950973843,198.56021856457303,16425
177.7194959887062,198.74580951924796,16426
177.51263336250176,198.9307536276933,16427
177.30605423129344,199.1150407676617,16428
177.09977118631426,199.29866086480268,16429
176.89379680708336,199.4816038944205,16430
176.68814365862525,199.66385988322034,16431
176.48282428868634,199.84541891104263,16432
176.27785122495118,200.02627111258406,16433
176.0732369722623,200.2064066791044,16434
175.8689940098427,200.38581586011864,16435
175.66513478852414,200.56448896507302,16436
175.4616717279838,200.74241636500383,16437
175.2586172139889,200.9195884941792,16438
175.05598359565423,201.09599585172145,16439
174.85378318271148,201.27162900321008,16440
174.65202824279348,201.44647858226472,16441
174.45073099873582,201.62053529210613,16442
174.24990362589656,201.79378990709534,16443
174.0495582494957,201.96623327424982,16444
173.84970694197725,202.13785631473533,16445
173.6503617203948,202.30865002533386,16446
173.4515345438223,202.47860547988543,16447
173.25323731079249,202.64771383070388,16448
173.05548185676318,202.8159663099659,16449
172.85827995161475,202.98335423107187,16450
172.6616432971793,203.14986898997884,16451
172.46558352480332,203.31550206650374,16452
172.27011219294553,203.48024502559727,16453
172.07524078481143,203.64408951858712,16454
171.88098070602513,203.80702728439013,16455
171.68734328234189,203.96905015069282,16456
171.49433975740067,204.1301500350995,16457
171.3019812905185,204.29031894624768,16458
171.11027895452924,204.44954898489044,16459
170.91924373366638,204.60783234494417,16460
170.72888652149183,204.76516131450293,16461
170.53921811887193,204.92152827681724,16462
170.3502492320012,205.07692571123835,16463
170.16199047047573,205.23134619412647,16464
169.97445234541635,205.3847823997232,16465
169.78764526764314,205.53722710098802,16466
169.60157954590179,205.6886731703977,16467
169.41626538514296,205.83911358070915,16468
169.2317128848551,205.98854140568525,16469
169.04793203745166,206.13694982078326,16470
168.86493272671342,206.28433210380555,16471
168.68272472628647,206.43068163551334,16472
168.5013176982361,206.57599190020161,16473
168.3207211916578,206.72025648623745,16474
168.14094464134524,206.86346908655912,16475
167.96199736651576,207.00562349913818,16476
167.78388856959407,207.14671362740324,16477
167.60662733505336,207.2867334806254,16478
167.43022262831622,207.42567717426644,16479
167.25468329471238,207.56353893028862,16480
167.08001805849693,207.70031307742704,16481
166.90623552192596,207.8359940514241,16482
166.73334416439195,207.9705763952269,16483
166.56135234161724,208.10405475914695,16484
166.39026828490668,208.2364239009831,16485
166.22010010045858,208.36767868610755,16486
166.05085576873412,208.49781408751528,16487
165.88254314388467,208.62682518583722,16488
165.71516995323748,208.75470716931758,16489
165.54874379683815,208.88145533375535,16490
165.38327214705077,209.00706508241072,16491
165.21876234821457,209.1315319258764,16492
165.05522161635693,209.25485148191478,16493
164.89265703896183,209.37701947526074,16494
164.73107557479395,209.49803173739102,16495
164.57048405377705,209.61788420626038,16496
164.41088917692616,209.73657292600518,16497
164.25229751633384,209.85409404661462,16498
164.09471551520804,209.97044382357063,16499
163.93814948796265,210.08561861745642,16500
163.78260562035896,210.19961489353452,16501
163.62808996969704,210.31242922129496,16502
163.47460846505743,210.4240582739741,16503
163.32216690759068,210.53449882804424,16504
163.1707709708552,210.64374776267564,16505
163.02042620120173,210.7518020591706,16506
162.87113801820394,210.8586588003705,16507
162.72291171513402,210.964315170037,16508
162.5757524594819,211.0687684522072,16509
162.42966529351818,211.1720160305238,16510
162.28465513489866,211.27405538754132,16511
162.14072677731,211.37488410400837,16512
161.9978848911553,211.47449985812693,16513
161.85613402427896,211.5729004247896,16514
161.71547860272884,211.67008367479508,16515
161.57592293155574,211.76604757404277,16516
161.43747119564833,211.86079018270752,16517
161.3001274606029,211.95430965439434,16518
161.16389567362657,212.0466042352748,16519
161.02877966447292,212.1376722632051,16520
160.89478314640914,212.22751216682713,16521
160.76190971721314,212.31612246465227,16522
160.6301628602003,212.40350176412983,16523
160.4995459452776,212.48964876070013,16524
160.37006223002538,212.57456223683255,16525
160.24171486080456,212.6582410610506,16526
160.11450687388862,212.74068418694284,16527
159.98844119661936,212.82189065216227,16528
159.86352064858517,212.90185957741343,16529
159.73974794282094,212.98059016542837,16530
159.61712568702814,213.0580816999325,16531
159.49565638481445,213.13433354460068,16532
159.3753424369517,213.20934514200383,16533
159.25618614265105,213.28311601254765,16534
159.13818970085435,213.35564575340314,16535
159.02135521154077,213.4269340374305,16536
158.90568467704767,213.49698061209585,16537
158.79118000340466,213.56578529838282,16538
158.6778430016798,213.63334798969822,16539
158.56567538933734,213.6996686507736,16540
158.45467879160546,213.76474731656245,16541
158.3448547428535,213.82858409113408,16542
158.2362046879778,213.89117914656458,16543
158.12872998379478,213.95253272182552,16544
158.02243190044115,214.01264512167083,16545
157.91731162277947,214.07151671552242,16546
157.81337025180886,214.12914793635534,16547
157.7106088060799,214.18553927958266,16548
157.60902822311255,214.24069130194064,16549
157.50862936081697,214.29460462037483,16550
157.4094129989157,214.3472799109277,16551
157.311379840367,214.3987179076279,16552
157.2145305127883,214.44891940138172,16553
157.11886556987918,214.49788523886778,16554
157.02438549284332,214.5456163214343,16555
156.9310906918081,214.5921136040006,16556
156.83898150724215,214.63737809396207,16557
156.74805821136943,214.68141085010018,16558
156.65832100957937,214.7242129814969,16559
156.569770041833,214.76578564645456,16560
156.4824053840634,214.8061300514212,16561
156.3962270495713,214.84524744992217,16562
156.31123499041388,214.88313914149754,16563
156.22742909878724,214.91980647064682,16564
156.14480920840165,214.9552508257799,16565
156.063375095849,214.989473638176,16566
155.98312648196213,215.02247638094988,16567
155.90406303316567,215.05426056802554,16568
155.8261843628175,215.0848277531191,16569
155.74949003254113,215.1141795287289,16570
155.673979553548,215.14231752513518,16571
155.59965238794936,215.16924340940838,16572
155.52650795005772,215.19495888442648,16573
155.45454560767726,215.21946568790193,16574
155.38376468338285,215.24276559141805,16575
155.31416445578762,215.26486039947525,16576
155.2457441607981,215.28575194854741,16577
155.17850299285766,215.30544210614823,16578
155.11244010617736,215.32393276990805,16579
155.04755461595343,215.34122586666115,16580
154.98384559957256,215.35732335154376,16581
154.9213120978034,215.37222720710284,16582
154.85995311597478,215.38593944241606,16583
154.79976762514042,215.39846209222233,16584
154.74075456322936,215.40979721606425,16585
154.6829128361829,215.41994689744132,16586
154.62624131907705,215.42891324297466,16587
154.57073885723062,215.43669838158374,16588
154.51640426729912,215.44330446367394,16589
154.4632363383537,215.44873366033653,16590
154.41123383294575,215.4529881625598,16591
154.3603954881565,215.45607018045254,16592
154.31072001663182,215.4579819424791,16593
154.2622061076018,215.4587256947065,16594
154.2148524278857,215.45830370006325,16595
154.16865762288157,215.45671823761094,16596
154.12362031754068,215.4539716018269,16597
154.07973911732668,215.45006610189978,16598
154.03701260915994,215.44500406103668,16599
153.99543936234616,215.43878781578275,16600
153.95501792948988,215.43141971535283,16601
153.915746847393,215.42290212097504,16602
153.87762463793743,215.41323740524703,16603
153.84064980895303,215.4024279515036,16604
153.80482085507006,215.39047615319726,16605
153.77013625855625,215.37738441329032,16606
153.73659449013897,215.3631551436594,16607
153.704194009812,215.3477907645121,16608
153.6729332676271,215.33129370381516,16609
153.64281070447092,215.3136663967354,16610
153.61382475282616,215.2949112850924,16611
153.58597383751837,215.2750308168228,16612
153.55925637644737,215.25402744545707,16613
153.53367078130424,215.23190362960779,16614
153.50921545827302,215.20866183247003,16615
153.48588880871793,215.18430452133336,16616
153.46368922985604,215.15883416710577,16617
153.44261511541507,215.1322532438491,16618
153.42266485627678,215.1045642283265,16619
153.40383684110623,215.07576959956089,16620
153.38612945696627,215.04587183840573,16621
153.369541089918,215.01487342712662,16622
153.35407012560705,214.9827768489946,16623
153.33971494983595,214.949584587891,16624
153.3264739491222,214.91529912792333,16625
153.31434551124286,214.87992295305241,16626
153.30332802576493,214.84345854673106,16627
153.29341988456267,214.80590839155323,16628
153.28461948232066,214.76727496891502,16629
153.27692521702394,214.7275607586861,16630
153.27033549043446,214.6867682388921,16631
153.26484870855452,214.64489988540825,16632
153.2604632820767,214.6019581716632,16633
153.2571776268213,214.55794556835423,16634
153.25499016416018,214.51286454317264,16635
153.25389932142826,214.46671756053976,16636
153.253903532322,214.41950708135388,16637
153.25500123728546,214.37123556274707,16638
153.25719088388357,214.32190545785278,16639
153.26047092716323,214.27151921558362,16640
153.26483983000182,214.2200792804194,16641
153.27029606344385,214.16758809220545,16642
153.27683810702504,214.11404808596077,16643
153.28446444908477,214.0594616916966,16644
153.2931735870663,214.0038313342448,16645
153.3029640278054,213.94715943309606,16646
153.31383428780714,213.8894484022482,16647
153.3257828935109,213.8307006500642,16648
153.3388083815441,213.7709185791396,16649
153.3529092989645,213.71010458618034,16650
153.3680842034906,213.6482610618895,16651
153.38433166372135,213.585390390864,16652
153.40165025934456,213.52149495150059,16653
153.42003858133404,213.45657711591156,16654
153.4394952321357,213.3906392498495,16655
153.4600188258427,213.32368371264175,16656
153.48160798836014,213.25571285713386,16657
153.5042613575583,213.1867290296424,16658
153.5279775834157,213.1167345699171,16659
153.5527553281512,213.04573181111178,16660
153.57859326634562,212.97372307976488,16661
153.60549008505288,212.90071069578846,16662
153.63344448390066,212.82669697246683,16663
153.66245517518072,212.75168421646356,16664
153.6925208839287,212.67567472783776,16665
153.72364034799392,212.59867080006921,16666
153.7558123180988,212.52067472009233,16667
153.78903555788818,212.44168876833896,16668
153.82330884396825,212.36171521878964,16669
153.85863096593607,212.28075633903433,16670
153.89500072639814,212.19881439034094,16671
153.9324169409799,212.1158916277335,16672
153.97087843832452,212.03199030007812,16673
154.0103840600822,211.9471126501782,16674
154.05093266088963,211.86126091487793,16675
154.09252310833912,211.77443732517446,16676
154.13515428293846,211.6866441063388,16677
154.17882507806067,211.5978834780449,16678
154.22353439988393,211.5081576545077,16679
154.26928116732194,211.41746884462924,16680
154.31606431194422,211.32581925215356,16681
154.3638827778871,211.23321107583013,16682
154.4127355217545,211.1396465095855,16683
154.46262151250934,211.04512774270367,16684
154.513539731355,210.94965696001458,16685
154.56548917160708,210.8532363420915,16686
154.61846883855574,210.75586806545635,16687
154.67247774931766,210.65755430279404,16688
154.72751493267896,210.55829722317466,16689
154.7835794289279,210.45809899228433,16690
154.840670289678,210.3569617726648,16691
154.89878657768122,210.25488772396085,16692
154.9579273666317,210.15187900317673,16693
155.0180917409591,210.0479377649407,16694
155.07927879561257,209.94306616177798,16695
155.1414876358347,209.83726634439236,16696
155.20471737692534,209.73054046195617,16697
155.26896714399598,209.6228906624087,16698
155.3342360717134,209.51431909276312,16699
155.4005233040342,209.4048278994218,16700
155.46782799392838,209.29441922850037,16701
155.5361493030935,209.18309522615988,16702
155.6054864016584,209.07085803894793,16703
155.67583846787662,208.9577098141481,16704
155.74720468780987,208.843652700138,16705
155.81958425500096,208.72868884675557,16706
155.8929763701365,208.6128204056748,16707
155.96738024069907,208.49604953078892,16708
156.042795080609,208.37837837860323,16709
156.1192201098558,208.25980910863598,16710
156.19665455411865,208.1403438838279,16711
156.27509764437636,208.0199848709609,16712
156.3545486165067,207.89873424108487,16713
156.435006710875,207.7765941699535,16714
156.51647117191163,207.65356683846886,16715
156.59894124767865,207.5296544331345,16716
156.68241618942574,207.40485914651762,16717
156.7668952511344,207.2791831777198,16718
156.85237768905176,207.15262873285658,16719
156.93886276121268,207.0251980255459,16720
157.02634972695046,206.8968932774055,16721
157.11483784639668,206.76771671855872,16722
157.20432637996896,206.6376705881498,16723
157.2948145878477,206.50675713486763,16724
157.38630172944062,206.3749786174786,16725
157.47878706283626,206.2423373053681,16726
157.5722698442451,206.10883547909137,16727
157.66674932742936,205.9744754309328,16728
157.76222476311992,205.83925946547478,16729
157.8586953984225,205.70318990017466,16730
157.95616047621067,205.56626906595162,16731
158.05461923450713,205.42849930778164,16732
158.15407090585248,205.28988298530209,16733
158.25451471666196,205.15042247342498,16734
158.35594988656942,205.01012016295897,16735
158.45837562775893,204.8689784612409,16736
158.56179114428375,204.7269997927757,16737
158.66619563137272,204.58418659988558,16738
158.77158827472374,204.44054134336793,16739
158.87796824978471,204.29606650316242,16740
158.98533472102116,204.1507645790267,16741
159.09368684117152,204.00463809122104,16742
159.20302375048874,203.85768958120187,16743
159.31334457596938,203.7099216123242,16744
159.42464843056922,203.56133677055263,16745
159.5369344124058,203.41193766518123,16746
159.65020160394772,203.26172692956212,16747
159.7644490711907,203.11070722184257,16748
159.87967586282016,202.95888122571105,16749
159.99588100936066,202.80625165115134,16750
160.11306352231168,202.65282123520532,16751
160.23122239326992,202.49859274274468,16752
160.3503565930387,202.34356896725004,16753
160.4704650707231,202.18775273159898,16754
160.59154675281204,202.0311468888624,16755
160.71360054224687,201.87375432310836,16756
160.83662531747626,201.7155779502144,16757
160.96061993149755,201.55662071868764,16758
161.0855832108849,201.39688561049297,16759
161.2115139548037,201.236375641888,16760
161.33841093401162,201.075093864267,16761
161.46627288984624,200.91304336501068,16762
161.59509853319895,200.75022726834501,16763
161.7248865434764,200.58664873620543,16764
161.85563556754775,200.42231096910945,16765
161.98734421867906,200.25721720703535,16766
162.12001107545478,200.0913707303078,16767
162.25363468068585,199.92477486048995,16768
162.38821354030514,199.75743296128184,16769
162.52374612224972,199.58934843942492,16770
162.6602308553309,199.42052474561248,16771
162.79766612809124,199.25096537540588,16772
162.9360502876493,199.0806738701558,16773
163.0753816385322,198.90965381792975,16774
163.2156584414961,198.73790885444333,16775
163.3568789123342,198.56544266399706,16776
163.499041220674,198.3922589804175,16777
163.64214348876217,198.21836158800267,16778
163.78618379023843,198.04375432247096,16779
163.9311601488984,197.86844107191416,16780
164.0770705374457,197.69242577775373,16781
164.22391287623336,197.51571243569964,16782
164.37168503199496,197.3383050967125,16783
164.520384816566,197.16020786796747,16784
164.67000998559536,196.98142491382043,16785
164.8205582372478,196.80196045677562,16786
164.97202721089724,196.62181877845464,16787
165.12441448581157,196.4410042205659,16788
165.2777175798291,196.25952118587506,16789
165.43193394802762,196.07737413917476,16790
165.58706098138566,195.89456760825456,16791
165.743096005437,195.7111061848695,16792
165.9000362789188,195.5269945257076,16793
166.05787899241386,195.34223735335533,16794
166.2166212669869,195.15683945726093,16795
166.3762601528166,194.97080569469497,16796
166.53679262782276,194.78414099170712,16797
166.69821559628997,194.59685034407966,16798
166.86052588748754,194.4089388182764,16799
167.02372025428735,194.22041155238628,16800
167.1877953717795,194.03127375706205,16801
167.35274783588648,193.8415307164523,16802
167.51857416197709,193.65118778912725,16803
167.68527078347952,193.4602504089967,16804
167.85283405049648,193.26872408622063,16805
168.0212602284206,193.07661440811077,16806
168.19054549655286,192.8839270400232,16807
168.36068594672375,192.69066772624086,16808
168.5316775819185,192.49684229084556,16809
168.70351631490675,192.302456638579,16810
168.87619796687795,192.10751675569134,16811
169.04971826608335,191.91202871077732,16812
169.2240728464848,191.71599865559946,16813
169.39925724641273,191.51943282589582,16814
169.57526690723225,191.3223375421744,16815
169.7520971720204,191.124719210491,16816
169.929743284254,190.92658432321034,16817
170.10820038650988,190.72793945975124,16818
170.28746351917835,190.52879128731206,16819
170.46752761919112,190.32914656157897,16820
170.6483875187642,190.1290121274133,16821
170.83003794415748,189.9283949195193,16822
171.01247351445218,189.72730196309004,16823
171.19568874034624,189.52574037443156,16824
171.37967802297067,189.32371736156358,16825
171.5644356527258,189.12124022479716,16826
171.7499558081408,188.91831635728664,16827
171.93623255475558,188.7149532455569,16828
172.12325984402847,188.51115847000383,16829
172.31103151226895,188.30693970536723,16830
172.49954127959788,188.10230472117624,16831
172.6887827489361,187.89726138216503,16832
172.8787494050226,187.69181764865857,16833
173.06943461346418,187.48598157692845,16834
173.2608316198162,187.27976131951604,16835
173.45293354869833,187.07316512552325,16836
173.64573340294424,186.8662013408701,16837
173.83922406278765,186.65887840851818,16838
174.03339828508626,186.4512048686583,16839
174.2282487025841,186.2431893588624,16840
174.4237678232141,186.03484061419863,16841
174.61994802944278,185.8261674673085,16842
174.81678157765646,185.61717884844563,16843
175.0142605975931,185.4078837854749,16844
175.21237709181884,185.19829140383123,16845
175.41112293525086,184.98841092643744,16846
175.61048987472944,184.7782516735808,16847
175.81046952863898,184.56782306274565,16848
176.0110533865785,184.35713460840384,16849
176.21223280908583,184.14619592176075,16850
176.4139990274149,183.93501671045553,16851
176.61634314336513,183.72360677821737,16852
176.81925612916913,183.51197602447402,16853
177.0227288274364,183.30013444391443,16854
177.2267519511542,183.08809212600323,16855
177.4313160837486,182.87585925444654,16856
177.6364116792049,182.66344610661142,16857
177.8420290622507,182.45086305289226,16858
178.04815842859983,182.23812055603014,16859
178.25478984526043,182.02522917038206,16860
178.46191325090868,181.81219954113564,16861
178.6695184563245,181.59904240347817,16862
178.87759514489832,181.38576858170907,16863
179.0861328731989,181.17238898830365,16864
179.2951210716177,180.95891462292133,16865
179.50454904507114,180.7453565713652,16866
179.71440597378117,180.53172600448445,16867
179.9246809141286,180.31803417702875,16868
180.13536279954354,180.10429242644602,16869
180.34644044154783,179.89051217161884,16870
180.557902530764,179.67670491157386,16871
180.76973763807732,179.46288222409748,16872
180.9819342158317,179.24905576434253,16873
181.1944805991127,179.03523726334245,16874
181.40736500710085,178.82143852649722,16875
181.6205755444954,178.60767143199584,16876
181.83410020301415,178.393947929189,16877
182.04792686296554,178.1802800369073,16878
182.26204329489758,177.9666798417293,16879
182.47643716131606,177.75315949619477,16880
182.69109601847765,177.53973121697015,16881
182.90600731825788,177.3264072829587,16882
183.1211584100888,177.11320003336346,16883
183.33653654297103,176.90012186569865,16884
183.5521288675564,176.68718523375244,16885
183.76792243830437,176.47440264549974,16886
183.98390421570548,176.2617866609699,16887
184.20006106857764,176.04934989006404,16888
184.41637977643097,175.8371049903279,16889
184.63284703189998,175.62506466468002,16890
184.84944944324437,175.41324165909356,16891
185.0661735369153,175.2016487602363,16892
185.28300576018717,174.99029879306858,16893
185.49993248385408,174.7792046183983,16894
185.71694000498758,174.56837913039806,16895
185.93401454975722,174.35783525408237,16896
186.15114227631025,174.1475859427476,16897
186.36830927771013,173.93764417537582,16898
186.58550158493185,173.72802295400388,16899
186.80270516991223,173.5187353010598,16900
187.01990594865396,173.30979425666575,16901
187.23708978438125,173.1012128759126,16902
187.45424249074486,172.89300422610435,16903
187.67134983507563,172.68518138397576,16904
187.8883975416834,172.477757432885,16905
188.10537129519926,172.27074545998153,16906
188.32225674396068,172.0641585533526,16907
188.53903950343403,171.8580097991492,16908
188.75570515967607,171.65231227869333,16909
188.97223927282923,171.44707906556906,16910
189.18862738064928,171.24232322269773,16911
189.40485500206324,171.03805779940126,16912
189.62090764075515,170.83429582845366,16913
189.83677078877554,170.631050323124,16914
190.052429930175,170.42833427421152,16915
190.2678705446563,170.2261606470761,16916
190.48307811124403,170.02454237866527,16917
190.69803811196934,169.82349237454025,16918
190.91273603556573,169.62302350590232,16919
191.1271573811743,169.4231486066228,16920
191.34128766205563,169.223880470277,16921
191.5551124093051,169.02523184718586,16922
191.76861717556872,168.8272154414663,16923
191.98178753875797,168.62984390809225,16924
192.19460910575913,168.43312984996922,16925
192.40706751613556,168.2370858150236,16926
192.6191484458198,168.041724293309,16927
192.83083761079249,167.847057714132,16928
193.04212077074584,167.65309844319884,16929
193.25298373272827,167.45985877978492,16930
193.46341235476825,167.26735095392937,16931
193.67339254947356,167.07558712365727,16932
193.882910287605,166.8845793722295,16933
194.0919516016198,166.69433970542437,16934
194.30050258918382,166.5048800488517,16935
194.50854941664895,166.31621224530048,16936
194.71607832249398,166.1283480521239,16937
194.92307562072557,165.9412991386615,16938
195.12952770423735,165.75507708370162,16939
195.3354210481249,165.5696933729846,16940
195.54074221295386,165.3851593967494,16941
195.74547784797926,165.2014864473246,16942
195.94961469431348,165.01868571676553,16943
196.15313958804074,164.8367682945392,16944
196.35603946327663,164.6557451652578,16945
196.5583013551694,164.47562720646334,16946
196.7599124028424,164.296425186463,16947
196.96085985227475,164.11814976221896,16948
197.16113105911887,163.94081147729108,16949
197.36071349145337,163.76442075983596,16950
197.55959473246875,163.5889879206621,16951
197.7577624830854,163.41452315134296,16952
197.95520456450168,163.2410365223882,16953
198.15190892067065,163.06853798147498,16954
198.3478636207048,162.89703735173902,16955
198.54305686120657,162.7265443301273,16956
198.73747696852416,162.55706848581244,16957
198.9311124009312,162.38861925867005,16958
199.1239517507296,162.22120595781843,16959
199.31598374627438,162.05483776022317,16960
199.50719725391963,161.88952370936494,16961
199.69758127988524,161.72527271397269,16962
199.8871249720434,161.5620935468213,16963
200.075817621624,161.39999484359492,16964
200.26364866483976,161.23898510181562,16965
200.4506076844289,161.0790726798377,16966
200.6366844111164,160.92026579590808,16967
200.82186872499315,160.76257252729195,16968
201.0061506568129,160.60600080946486,16969
201.18952038920676,160.45055843536997,16970
201.37196825781572,160.29625305474136,16971
201.55348475234092,160.1430921734922,16972
201.73406051751198,159.99108315316843,16973
201.91368635397401,159.84023321046718,16974
202.09235321909273,159.6905494168191,16975
202.27005222767923,159.54203869803573,16976
202.44677465263425,159.39470783401907,16977
202.62251192551244,159.24856345853533,16978
202.7972556370077,159.10361205905025,16979
202.97099753735986,158.9598599766266,16980
203.14372953668388,158.81731340588266,16981
203.3154437052218,158.6759783950111,16982
203.48613227351933,158.53586084585737,16983
203.65578763252677,158.3969665140571,16984
203.82440233362624,158.25930100923125,16985
203.9919690885859,158.12286979523836,16986
204.1584807694425,157.98767819048305,16987
204.3239304083127,157.8537313682796,16988
204.48831119713557,157.72103435726982,16989
204.65161648734644,157.5895920418939,16990
204.8138397894837,157.45940916291372,16991
204.9749747727306,157.33049031798666,16992
205.13501526439205,157.20283996228997,16993
205.29395524930896,157.07646240919337,16994
205.45178886921113,156.95136183097972,16995
205.60851042201023,156.82754225961185,16996
205.76411436103402,156.70500758754474,16997
205.91859529420384,156.58376156858196,16998
206.0719479831567,156.46380781877463,16999
206.22416734231336,156.34514981736217,17000
206.37524843789402,156.2277909077533,17001
206.52518648688337,156.11173429854634,17002
206.67397685594656,155.99698306458683,17003
206.82161506029746,155.88354014806217,17004
206.96809676252107,155.77140835963135,17005
207.1134177713516,155.66059037958843,17006
207.2575740404078,155.551088759059,17007
207.4005616668874,155.4429059212279,17008
207.5423768902218,155.33604416259678,17009
207.68301609069292,155.230505654271,17010
207.8224757880144,155.1262924432735,17011
207.9607526398773,155.0234064538852,17012
208.09784344046338,154.9218494890104,17013
208.23374511892695,154.82162323156555,17014
208.36845473784646,154.7227292458909,17015
208.50196949164825,154.62516897918312,17016
208.6342867050033,154.52894376294776,17017
208.76540383119897,154.43405481447073,17018
208.89531845048703,154.34050323830692,17019
209.02402826840927,154.24829002778574,17020
209.151531114103,154.1574160665309,17021
209.27782493858675,154.06788212999516,17022
209.40290781302863,153.97968888700703,17023
209.526777926998,153.8928369013299,17024
209.64943358670266,153.80732663323084,17025
209.77087321321187,153.72315844106,17026
209.89109534066773,153.64033258283735,17027
210.01009861448532,153.5588492178472,17028
210.12788178954327,153.4787084082392,17029
210.2444437283662,153.3999101206342,17030
210.35978339929989,153.32245422773448,17031
210.47389987468057,153.24634050993754,17032
210.58679232899973,153.1715686569519,17033
210.69846003706536,153.0981382694144,17034
210.8089023721605,153.0260488605081,17035
210.9181188042009,152.95529985757958,17036
211.0261088978924,152.88589060375523,17037
211.13287231088896,152.81782035955501,17038
211.2384087919525,152.75108830450395,17039
211.342718179116,152.68569353873934,17040
211.44580039784975,152.6216350846135,17041
211.54765545923283,152.55891188829173,17042
211.6482834581299,152.4975228213438,17043
211.7476845713745,152.43746668232905,17044
211.84585905595964,152.37874219837408,17045
211.94280724723666,152.32134802674233,17046
212.03852955712244,152.2652827563953,17047
212.13302647231694,152.21054490954413,17048
212.22629855253047,152.15713294319175,17049
212.3183464287223,152.10504525066423,17050
212.4091708013508,152.0542801631316,17051
212.49877243863594,152.00483595111686,17052
212.58715217483464,151.95671082599324,17053
212.67431090852986,151.90990294146894,17054
212.7602496009332,151.86441039505897,17055
212.84496927420264,151.82023122954368,17056
212.92847100977494,151.77736343441364,17057
213.0107559467137,151.73580494730018,17058
213.09182528007344,151.69555365539156,17059
213.17168025927998,151.6566073968344,17060
213.2503221865277,151.61896396211955,17061
213.32775241519386,151.58262109545277,17062
213.40397234827049,151.54757649610954,17063
213.4789834368142,151.51382781977372,17064
213.55278717841395,151.4813726798598,17065
213.62538511567752,151.45020864881872,17066
213.6967788347364,151.42033325942677,17067
213.76696996376975,151.39174400605742,17068
213.8359601715476,151.36443834593607,17069
213.90375116599324,151.33841370037726,17070
213.9703446927653,151.31366745600445,17071
214.0357425338594,151.29019696595182,17072
214.09994650622997,151.2679995510486,17073
214.16295846043153,151.2470725009853,17074
214.22478027928068,151.2274130754615,17075
214.2854138765378,151.20901850531615,17076
214.3448611956094,151.19188599363915,17077
214.40312420827058,151.1760127168647,17078
214.46020491340795,151.1613958258464,17079
214.51610533578307,151.14803244691387,17080
214.57082752481634,151.13591968291104,17081
214.62437355339122,151.12505461421568,17082
214.67674551667923,151.115434299741,17083
214.727945530985,151.10705577791816,17084
214.7779757326123,151.09991606766079,17085
214.82683827674978,151.09401216931087,17086
214.87453533637768,151.08934106556626,17087
214.92106910119475,151.08589972238968,17088
214.96644177656486,151.08368508989977,17089
215.01065558248447,151.08269410324337,17090
215.0537127525699,151.08292368344996,17091
215.09561553306432,151.08437073826764,17092
215.13636618186504,151.08703216298142,17093
215.1759669675703,151.09090484121322,17094
215.21442016854584,151.09598564570368,17095
215.25172807201093,151.10227143907716,17096
215.28789297314384,151.10975907458774,17097
215.32291717420654,151.11844539684853,17098
215.3568029836886,151.12832724254292,17099
215.3895527154701,151.13940144111902,17100
215.42116868800312,151.15166481546595,17101
215.45165322351218,151.16511418257397,17102
215.48100864721326,151.17974635417664,17103
215.50923728655079,151.19555813737682,17104
215.53634147045315,151.21254633525535,17105
215.56232352860616,151.23070774746336,17106
215.58718579074426,151.25003917079817,17107
215.6109305859595,151.2705373997624,17108
215.63356024202807,151.29219922710726,17109
215.6550770847538,151.3150214443597,17110
215.67548343732923,151.33900084233343,17111
215.69478161971347,151.3641342116242,17112
215.71297394802647,151.3904183430897,17113
215.73006273396055,151.4178500283136,17114
215.74605028420766,151.44642606005468,17115
215.7609388999032,151.47614323268016,17116
215.77473087608575,151.50699834258464,17117
215.78742850117266,151.53898818859395,17118
215.79903405645112,151.572109572354,17119
215.80954981558483,151.60635929870548,17120
215.81897804413595,151.64173417604388,17121
215.82732099910183,151.6782310166654,17122
215.83458092846712,151.7158466370986,17123
215.84076007076987,151.75457785842235,17124
215.84586065468287,151.7944215065698,17125
215.84988489860868,151.83537441261862,17126
215.8528350102893,151.87743341306822,17127
215.85471318642936,151.92059535010299,17128
215.85552161233332,151.964857071843,17129
215.85526246155624,152.010215432581,17130
215.85393789556775,152.05666729300745,17131
215.8515500634298,152.1042095204218,17132
215.84810110148652,152.15283898893193,17133
215.84359313306797,152.20255257964104,17134
215.83802826820593,152.25334718082175,17135
215.8314086033626,152.30521968807886,17136
215.82373622117126,152.3581670044995,17137
215.81501319018975,152.41218604079162,17138
215.8052415646654,152.46727371541087,17139
215.79442338431215,152.52342695467564,17140
215.78256067409947,152.58064269287107,17141
215.76965544405266,152.63891787234127,17142
215.75570968906462,152.69824944357077,17143
215.74072538871906,152.75863436525466,17144
215.72470450712467,152.82006960435803,17145
215.7076489927603,152.88255213616438,17146
215.68956077833099,152.94607894431374,17147
215.67044178063483,153.01064702082985,17148
215.65029390044032,153.07625336613714,17149
215.62911902237397,153.14289498906757,17150
215.6069190148186,153.21056890685688,17151
215.58369572982156,153.2792721451312,17152
215.5594510030129,153.34900173788355,17153
215.534186653534,153.41975472744045,17154
215.50790448397535,153.49152816441904,17155
215.48060628032457,153.5643191076743,17156
215.45229381192385,153.63812462423687,17157
215.4229688314367,153.7129417892418,17158
215.39263307482446,153.78876768584735,17159
215.36128826133168,153.86559940514542,17160
215.3289360934811,153.943434046062,17161
215.29557825707747,154.02226871524962,17162
215.2612164212203,154.10210052696976,17163
215.2258522383257,154.1829266029676,17164
215.18948734415713,154.26474407233724,17165
215.1521233578646,154.34755007137866,17166
215.1137618820326,154.4313417434462,17167
215.07440450273688,154.51611623878824,17168
215.03405278960935,154.60187071437903,17169
214.99270829591174,154.68860233374173,17170
214.95037255861752,154.77630826676366,17171
214.90704709850195,154.86498568950336,17172
214.86273342024066,154.95463178398913,17173
214.81743301251623,155.04524373801053,17174
214.77114734813293,155.13681874490112,17175
214.72387788413963,155.22935400331394,17176
214.67562606196043,155.3228467169889,17177
214.62639330753385,155.41729409451276,17178
214.57618103145916,155.5126933490715,17179
214.52499062915135,155.60904169819491,17180
214.47282348100347,155.70633636349407,17181
214.41968095255703,155.80457457039094,17182
214.36556439468,155.90375354784132,17183
214.31047514375268,156.00387052804987,17184
214.25441452186126,156.10492274617837,17185
214.19738383699914,156.20690744004645,17186
214.1393843832757,156.30982184982574,17187
214.08041744113308,156.41366321772648,17188
214.02048427757026,156.51842878767746,17189
213.9595861463749,156.62411580499906,17190
213.8977242883629,156.73072151606908,17191
213.8348999316253,156.8382431679825,17192
213.771114291783,156.94667800820358,17193
213.706368572249,157.05602328421196,17194
213.64066396449806,157.16627624314202,17195
213.5740016483442,157.2774341314152,17196
213.50638279222562,157.38949419436648,17197
213.43780855349718,157.50245367586388,17198
213.3682800787307,157.61630981792166,17199
213.2977985040223,157.73105986030743,17200
213.22636495530827,157.84670104014222,17201
213.15398054868749,157.96323059149546,17202
213.0806463907524,158.0806457449724,17203
213.00636357892685,158.19894372729658,17204
212.93113320181237,158.3181217608852,17205
212.8549563395414,158.43817706341915,17206
212.77783406413866,158.5591068474068,17207
212.6997674398902,158.68090831974163,17208
212.62075752372002,158.80357868125424,17209
212.54080536557456,158.92711512625857,17210
212.4599120088151,159.05151484209182,17211
212.37807849061772,159.17677500864943,17212
212.2953058423813,159.30289279791376,17213
212.21159509014345,159.42986537347733,17214
212.12694725500407,159.5576898900607,17215
212.0413633535573,159.68636349302434,17216
211.9548443983309,159.81588331787592,17217
211.8673913982342,159.9462464897711,17218
211.77900535901355,160.07745012301004,17219
211.68968728371638,160.20949132052797,17220
211.59943817316298,160.34236717338086,17221
211.50825902642654,160.47607476022588,17222
211.41615084132144,160.61061114679694,17223
211.32311461489977,160.74597338537478,17224
211.22915134395598,160.882158514253,17225
211.1342620255401,161.01916355719806,17226
211.03844765747883,161.15698552290576,17227
210.94170923890562,161.29562140445205,17228
210.8440477707985,161.43506817873964,17229
210.745464256527,161.5753228059401,17230
210.64595970240708,161.7163822289313,17231
210.54553511826472,161.8582433727306,17232
210.44419151800827,162.00090314392364,17233
210.34192992020897,162.1443584300892,17234
210.23875134869058,162.28860609921955,17235
210.13465683312742,162.43364299913708,17236
210.02964740965086,162.57946595690674,17237
209.92372412146503,162.72607177824514,17238
209.81688801947115,162.87345724692517,17239
209.70914016290013,163.0216191241778,17240
209.6004816199547,163.17055414808974,17241
209.49091346846004,163.32025903299817,17242
209.380436796523,163.47073046888175,17243
209.26905270320097,163.6219651207487,17244
209.15676229917855,163.77395962802186,17245
209.0435667074541,163.92671060392084,17246
208.92946706403478,164.08021463484093,17247
208.8144645186405,164.23446827973,17248
208.69856023541706,164.3894680694623,17249
208.58175539365772,164.54521050621028,17250
208.46405118853448,164.70169206281378,17251
208.34544883183767,164.85890918214713,17252
208.22594955272487,165.01685827648475,17253
208.10555459847836,165.17553572686424,17254
207.98426523527215,165.33493788244826,17255
207.86208274894713,165.4950610598847,17256
207.73900844579572,165.65590154266562,17257
207.61504365335526,165.81745558048496,17258
207.49018972120987,165.97971938859496,17259
207.3644480218017,166.14268914716254,17260
207.23781995125051,166.3063610006239,17261
207.11030693018205,166.4707310570396,17262
206.9819104045653,166.6357953874488,17263
206.85263184655813,166.80155002522395,17264
206.72247275536157,166.96799096542458,17265
206.59143465808265,167.13511416415275,17266
206.45951911060573,167.3029155379078,17267
206.3267276984718,167.4713909629426,17268
206.19306203776645,167.64053627462016,17269
206.05852377601582,167.81034726677223,17270
205.9231145930907,167.98081969105814,17271
205.78683620211854,168.15194925632616,17272
205.64969035040315,168.32373162797637,17273
205.5116788203525,168.49616242732552,17274
205.3728034304139,168.66923723097432,17275
205.2330660360166,168.8429515701775,17276
205.0924685305217,169.01730093021595,17277
204.95101284617942,169.19228074977303,17278
204.8087009550933,169.36788642031323,17279
204.66553487019087,169.5441132854649,17280
204.52151664620172,169.72095664040688,17281
204.37664838064126,169.8984117312591,17282
204.23093221480133,170.07647375447743,17283
204.08437033474632,170.25513785625367,17284
203.93696497231585,170.43439913192054,17285
203.7887184061322,170.61425262536102,17286
203.6396329626137,170.79469332842464,17287
203.48971101699328,170.97571618034848,17288
203.33895499434144,171.1573160671852,17289
203.1873673705939,171.33948782123716,17290
203.03495067358418,171.52222622049683,17291
202.88170748407916,171.70552598809556,17292
202.72764043681923,171.88938179175884,17293
202.57275222156125,172.07378824326932,17294
202.41704558412482,172.2587398979387,17295
202.26052332744132,172.444231254087,17296
202.103188312605,172.63025675253135,17297
201.94504345992644,172.8168107760838,17298
201.78609174998715,173.0038876490581,17299
201.626336224696,173.1914816367871,17300
201.4657799883458,173.37958694514873,17301
201.3044262086706,173.56819772010527,17302
201.1422781179032,173.75730804724995,17303
200.9793390138315,173.94691195136733,17304
200.81561226085455,174.13700339600487,17305
200.65110129103672,174.32757628305507,17306
200.4858096051603,174.5186244523517,17307
200.31974077377564,174.710141681277,17308
200.1528984382478,174.9021216843838,17309
199.98528631180082,175.0945581130287,17310
199.81690818055705,175.2874445550216,17311
199.64776790457245,175.48077453428724,17312
199.47786941886648,175.67454151054233,17313
199.30721673444663,175.86873887898741,17314
199.13581393932637,176.06335997001406,17315
198.96366519953625,176.25839804892743,17316
198.7907747601279,176.45384631568535,17317
198.6171469461691,176.64969790465287,17318
198.4427861637307,176.84594588437508,17319
198.26769690086385,177.04258325736555,17320
198.09188372856713,177.23960295991398,17321
197.91535130174282,177.4369978619089,17322
197.73810436014162,177.63476076668243,17323
197.56014772929518,177.83288441087208,17324
197.3814863214358,178.0313614642994,17325
197.20212513640217,178.23018452987117,17326
197.02206926253092,178.4293461434992,17327
196.84132387753272,178.62883877404,17328
196.6598942493527,178.82865482325514,17329
196.477785737014,179.02878662579317,17330
196.2950037914436,179.22922644919043,17331
196.11155395628018,179.42996649389755,17332
195.92744186866256,179.63099889332298,17333
195.74267325999827,179.8323157139029,17334
195.5572539567113,180.03390895519073,17335
195.3711898809685,180.2357705499576,17336
195.18448705138303,180.4378923643762,17337
194.99715158369506,180.64026619811813,17338
194.80918969142775,180.84288378457768,17339
194.62060768651907,181.0457367910708,17340
194.43141197992676,181.2488168190658,17341
194.24160908220736,181.45211540444464,17342
194.0512056040673,181.65562401778254,17343
193.86020825688564,181.85933406465912,17344
193.66862385320732,182.0632368859892,17345
193.47645930720674,182.26732375838372,17346
193.28372163511943,182.47158589453537,17347
193.0904179556429,182.67601444363027,17348
192.89655549030354,182.88060049178654,17349
192.70214156379095,183.0853350625192,17350
192.50718360425702,183.29020911723356,17351
192.31168914358008,183.49521355574308,17352
192.11566581759274,183.7003392168177,17353
191.91912136627275,183.90557687875705,17354
191.72206363389574,184.11091725999367,17355
191.52450056915018,184.31635101972148,17356
191.32644022521143,184.52186875855514,17357
191.12789075977713,184.72746101921516,17358
190.92886043506036,184.93311828724205,17359
190.72935761774156,185.13883099173955,17360
190.52939077887783,185.34458950614456,17361
190.328968493769,185.5503841490272,17362
190.12809944177943,185.7562051849179,17363
189.9267924061155,185.9620428251641,17364
189.7250562735577,186.1678872288152,17365
189.52290003414615,186.37372850353498,17366
189.32033278082073,186.5795567065444,17367
189.11736370901227,186.78536184559076,17368
188.9140021161877,186.99113387994737,17369
188.71025740134536,187.19686272143957,17370
188.5061390644626,187.4025382355004,17371
188.30165670589318,187.60815024225334,17372
188.09682002571532,187.81368851762394,17373
187.89163882302913,188.01914279447843,17374
187.686122995204,188.224502763791,17375
187.48028253707415,188.42975807583707,17376
187.27412754008353,188.6348983414152,17377
187.06766819137906,188.83991313309556,17378
186.86091477285115,189.04479198649452,17379
186.6538776601236,189.24952440157662,17380
186.44656732149008,189.45409984398245,17381
186.23899431679877,189.65850774638207,17382
186.03116929628416,189.86273750985438,17383
185.82310299934713,190.0667785052915,17384
185.61480625328133,190.2706200748278,17385
185.40628997194864,190.4742515332937,17386
185.1975651544012,190.67766216969315,17387
184.98864288345098,190.88084124870466,17388
184.779534324189,191.08377801220544,17389
184.57025072245057,191.28646168081806,17390
184.3608034032308,191.48888145547954,17391
184.15120376904858,191.69102651903108,17392
183.9414632982583,191.8928860378298,17393
183.73159354331472,192.09444916338032,17394
183.5216061289832,192.29570503398585,17395
183.31151275050547,192.49664277641938,17396
183.1013251717128,192.69725150761244,17397
182.8910552230942,192.89752033636233,17398
182.68071479981472,193.09743836505643,17399
182.47031585968952,193.2969946914128,17400
182.25987042110893,193.49617841023698,17401
182.0493905609227,193.69497861519324,17402
181.8388884122764,193.8933844005908,17403
181.6283761624066,194.091384863183,17404
181.4178660503949,194.28896910397953,17405
181.20737036487677,194.48612623007008,17406
180.9969014417165,194.68284535645995,17407
180.78647166163705,194.8791156079148,17408
180.5760934478173,195.07492612081555,17409
180.36577926345086,195.27026604502143,17410
180.155541609268,195.4651245457407,17411
179.94539302103334,195.6594908054078,17412
179.73534606697572,195.85335402556674,17413
179.52541334526092,196.0467034287588,17414
179.31560748135408,196.23952826041452,17415
179.10594112539556,196.43181779074828,17416
178.89642694954944,196.6235613166548,17417
178.6870776453151,196.81474816360716,17418
178.4779059208261,197.0053676875541,17419
178.26892449812047,197.19540927681655,17420
178.0601461103943,197.38486235398238,17421
177.85158349923478,197.57371637779787,17422
177.6432494118398,197.76196084505514,17423
177.4351565982187,197.9495852924746,17424
177.2273178083846,198.13657929858144,17425
177.01974578953184,198.32293248557457,17426
176.81245328320503,198.50863452118813,17427
176.6054530224623,198.6936751205432,17428
176.39875772902985,198.87804404798968,17429
176.19238011045536,199.06173111893693,17430
175.98633285725765,199.24472620167208,17431
175.78062864007728,199.42701921916537,17432
175.57528010682918,199.60860015086075,17433
175.3702998798575,199.78945903445194,17434
175.16570055309825,199.96958596764154,17435
174.96149468924733,200.1489711098835,17436
174.75769481694044,200.3276046841069,17437
174.55431342794168,200.5054769784209,17438
174.35136297434738,200.6825783477995,17439
174.14885586580468,200.85889921574505,17440
173.94680446674573,201.03443007592983,17441
173.74522109364273,201.2091614938148,17442
173.54411801228218,201.38308410824453,17443
173.3435074350623,201.55618863301717,17444
173.14340151831425,201.72846585842916,17445
172.94381235965002,201.89990665279333,17446
172.7447519953373,202.0705019639298,17447
172.54623239770416,202.24024282062882,17448
172.3482654725759,202.40912033408463,17449
172.15086305674248,202.57712569930013,17450
171.95403691546275,202.74425019646046,17451
171.75779874000338,202.91048519227616,17452
171.56216014521542,203.07582214129445,17453
171.36713266715077,203.24025258717748,17454
171.17272776071772,203.40376816394854,17455
170.97895679738042,203.56636059720358,17456
170.78583106289966,203.72802170528888,17457
170.59336175511962,203.88874340044399,17458
170.40155998180037,204.0485176899089,17459
170.21043675849705,204.20733667699574,17460
170.0200030064877,204.36519256212378,17461
169.83026955075104,204.52207764381774,17462
169.6412471179938,204.67798431966892,17463
169.45294633473068,204.83290508725858,17464
169.26537772541602,204.98683254504354,17465
169.07855171062977,205.13975939320326,17466
168.8924786053171,205.29167843444847,17467
168.70716861708357,205.4425825747911,17468
168.52263184454586,205.59246482427457,17469
168.33887827573975,205.74131829766557,17470
168.15591778658433,205.88913621510582,17471
167.97376013940496,206.03591190272442,17472
167.79241498151413,206.18163879321057,17473
167.61189184385088,206.32631042634648,17474
167.4322001396798,206.46992044950062,17475
167.2533491633495,206.61246261808063,17476
167.07534808911075,206.7539307959473,17477
166.8982059699945,206.89431895578812,17478
166.72193173675092,207.03362117945127,17479
166.54653419684774,207.17183165824034,17480
166.37202203352967,207.3089446931696,17481
166.19840380493818,207.44495469517946,17482
166.0256879432915,207.5798561853138,17483
165.8538827541248,207.7136437948577,17484
165.68299641559102,207.8463122654371,17485
165.5130369778211,207.97785644907987,17486
165.34401236234385,208.10827130823895,17487
165.17593036156578,208.23755191577817,17488
165.00879863830951,208.3656934549202,17489
164.8426247254108,208.49269121915808,17490
164.6774160253738,208.6185406121301,17491
164.51317981008444,208.74323714745844,17492
164.34992322058014,208.8667764485526,17493
164.18765326687713,208.9891542483769,17494
164.02637682785274,209.1103663891845,17495
163.86610065118384,209.23040882221596,17496
163.70683135333962,209.34927760736528,17497
163.54857541962804,209.46696891281238,17498
163.39133920429578,209.5834790146228,17499
163.23512893068067,209.6988042963163,17500
163.079950691415,209.81294124840338,17501
162.9258104486804,209.92588646789162,17502
162.7727140345117,210.0376366577616,17503
162.6206671511503,210.14818862641368,17504
162.469675371445,210.25753928708585,17505
162.3197441393002,210.36568565724366,17506
162.17087877017002,210.4726248579426,17507
162.02308445159704,210.5783541131636,17508
161.87636624379564,210.682870749123,17509
161.7307290802778,210.78617219355667,17510
161.58617776852097,210.88825597497987,17511
161.4427169906767,210.98911972192298,17512
161.3003513043191,211.0887611621443,17513
161.15908514323164,211.1871781218203,17514
161.01892281823194,211.284368524714,17515
160.87986851803237,211.38033039132281,17516
160.7419263101366,211.47506183800573,17517
160.60510014176964,211.5685610760913,17518
160.46939384084155,211.6608264109666,17519
160.3348111169424,211.75185624114872,17520
160.2013555623685,211.8416490573383,17521
160.06903065317795,211.93020344145717,17522
159.93783975027475,212.0175180656699,17523
159.80778610052045,212.10359169139022,17524
159.67887283787138,212.18842316827346,17525
159.55110298454187,212.27201143319522,17526
159.42447945219072,212.35435550921719,17527
159.29900504313053,212.4354545045408,17528
159.1746824515593,212.51530761144963,17529
159.05151426481234,212.59391410524094,17530
158.9295029646332,212.67127334314736,17531
158.80865092846417,212.74738476324893,17532
158.6889604307531,212.82224788337714,17533
158.5704336442772,212.89586230001032,17534
158.4530726414817,212.9682276871622,17535
158.3368793958331,213.03934379526393,17536
158.22185578318556,213.10921045003965,17537
158.10800358315893,213.17782755137748,17538
157.99532448052926,213.24519507219495,17539
157.8838200666281,213.31131305730133,17540
157.77349184075206,213.37618162225561,17541
157.6643412115805,213.43980095222255,17542
157.55636949860045,213.50217130082547,17543
157.4495779335382,213.56329298899843,17544
157.3439676617964,213.62316640383636,17545
157.23953974389622,213.6817919974455,17546
157.1362951569229,213.73917028579297,17547
157.03423479597487,213.7953018475577,17548
156.9333594756147,213.85018732298204,17549
156.83366993132194,213.90382741272452,17550
156.73516682094615,213.95622287671566,17551
156.63785072616028,214.0073745330153,17552
156.54172215391296,214.05728325667374,17553
156.4467815378796,214.1059499785958,17554
156.3530292399105,214.15337568440904,17555
156.2604655514774,214.1995614133364,17556
156.1690906951148,214.24450825707342,17557
156.0789048258585,214.2882173586708,17558
155.98990803267856,214.33068991142244,17559
155.90210033990712,214.37192715775953,17560
155.81548170866014,214.4119303881508,17561
155.73005203825264,214.4507009400097,17562
155.6458111676068,214.4882401966084,17563
155.5627588766525,214.5245495859991,17564
155.48089488771984,214.55963057994353,17565
155.4002188669228,214.5934846928498,17566
155.32073042553432,214.62611348071778,17567
155.2424291213513,214.6575185400932,17568
155.1653144600503,214.68770150703062,17569
155.0893858965323,214.71666405606516,17570
155.0146428362574,214.74440789919387,17571
154.94108463656787,214.77093478486682,17572
154.868710608,214.7962464969877,17573
154.79752001558444,214.82034485392455,17574
154.72751208013386,214.8432317075312,17575
154.65868597951874,214.86490894217835,17576
154.5910408499302,214.8853784737959,17577
154.5245757871301,214.90464224892602,17578
154.45928984768742,214.92270224378692,17579
154.395182050202,214.93956046334804,17580
154.3322513765138,214.95521894041642,17581
154.27049677289887,214.96967973473446,17582
154.20991715125072,214.98294493208925,17583
154.15051139024794,214.99501664343356,17584
154.09227833650692,215.00589700401875,17585
154.0352168057203,215.01558817253917,17586
153.97932558378037,215.02409233028916,17587
153.92460342788797,215.03141168033147,17588
153.87104906764606,215.03754844667824,17589
153.81866120613827,215.04250487348406,17590
153.76743852099244,215.04628322425117,17591
153.71737966542864,215.04888578104732,17592
153.6684832692918,215.05031484373566,17593
153.62074794006926,215.05057272921727,17594
153.57417226389242,215.04966177068604,17595
153.5287548065231,215.0475843168962,17596
153.48449411432415,215.04434273144213,17597
153.44138871521494,215.03993939205074,17598
153.3994371196104,215.03437668988678,17599
153.35863782134547,215.02765702886998,17600
153.3189892985829,215.01978282500548,17601
153.2804900147062,215.01075650572633,17602
153.24313841919673,215.0005805092487,17603
153.20693294849502,214.98925728393962,17604
153.1718720268468,214.9767892876971,17605
153.13795406713348,214.96317898734313,17606
153.1051774716868,214.94842885802848,17607
153.07354063308856,214.93254138265058,17608
153.0430419349546,214.9155190512835,17609
153.01367975270355,214.89736436062023,17610
152.98545245431035,214.87807981342746,17611
152.95835840104428,214.85766791801257,17612
152.9323959481924,214.8361311877029,17613
152.90756344576744,214.81347214033707,17614
152.8838592392008,214.7896932977686,17615
152.86128167002076,214.7647971853815,17616
152.83982907651577,214.7387863316181,17617
152.81949979438315,214.7116632675184,17618
152.8002921573628,214.68343052627188,17619
152.7822044978569,214.65409064278086,17620
152.7652351475345,214.6236461532356,17621
152.7493824379224,214.59209959470115,17622
152.7346447009812,214.55945350471612,17623
152.72102026966763,214.5257104209027,17624
152.70850747848263,214.49087288058826,17625
152.69710466400542,214.45494342043864,17626
152.6868101654139,214.41792457610256,17627
152.67762232499126,214.37981888186732,17628
152.66953948861882,214.340628870326,17629
152.6625600062556,214.30035707205553,17630
152.6566822324042,214.25900601530606,17631
152.65190452656378,214.21657822570123,17632
152.64822525366932,214.1730762259494,17633
152.64564278451846,214.12850253556567,17634
152.64415549618465,214.08285967060502,17635
152.6437617724181,214.03615014340573,17636
152.64446000403348,213.98837646234367,17637
152.6462485892854,213.9395411315972,17638
152.64912593423108,213.88964665092251,17639
152.65309045308064,213.83869551543947,17640
152.65814056853532,213.78669021542743,17641
152.664274712113,213.73363323613205,17642
152.67149132446235,213.67952705758174,17643
152.6797888556641,213.62437415441434,17644
152.68916576552127,213.56817699571417,17645
152.69962052383713,213.5109380448588,17646
152.71115161068133,213.45265975937562,17647
152.7237575166451,213.39334459080885,17648
152.73743674308415,213.33299498459587,17649
152.7521878023507,213.27161337995332,17650
152.76800921801424,213.2092022097731,17651
152.7848995250705,213.14576390052792,17652
152.80285727014,213.08130087218623,17653
152.82188101165525,213.01581553813685,17654
152.84196932003672,212.94931030512296,17655
152.8631207778585,212.8817875731854,17656
152.88533398000283,212.81324973561547,17657
152.90860753380386,212.74369917891676,17658
152.932940059181,212.67313828277648,17659
152.95833018876152,212.6015694200457,17660
152.98477656799295,212.52899495672878,17661
153.01227785524458,212.45541725198206,17662
153.04083272189902,212.38083865812104,17663
153.07043985243337,212.30526152063737,17664
153.10109794449005,212.22868817822396,17665
153.1328057089376,212.15112096280942,17666
153.16556186992116,212.07256219960112,17667
153.1993651649033,211.9930142071374,17668
153.23421434469424,211.9124792973482,17669
153.27010817347266,211.83095977562436,17670
153.3070454287964,211.74845794089617,17671
153.34502490160295,211.66497608571996,17672
153.38404539620083,211.58051649637366,17673
153.42410573025037,211.49508145296096,17674
153.46520473473538,211.40867322952377,17675
153.5073412539246,211.3212940941637,17676
153.55051414532375,211.2329463091718,17677
153.59472227961786,211.14363213116653,17678
153.63996454060353,211.05335381124084,17679
153.6862398251124,210.96211359511713,17680
153.7335470429241,210.86991372331113,17681
153.78188511667005,210.7767564313038,17682
153.83125298172766,210.68264394972192,17683
153.88164958610477,210.58757850452687,17684
153.93307389031463,210.49156231721219,17685
153.9855248672412,210.3945976050089,17686
154.03900150199487,210.29668658109978,17687
154.09350279175874,210.19783145484172,17688
154.14902774562506,210.0980344319964,17689
154.20557538442222,209.99729771496956,17690
154.26314474053203,209.89562350305823,17691
154.32173485769744,209.79301399270673,17692
154.3813447908207,209.68947137777073,17693
154.44197360575131,209.5849978497899,17694
154.50362037906518,209.4795955982683,17695
154.56628419783317,209.37326681096428,17696
154.6299641593805,209.26601367418743,17697
154.69465937103587,209.1578383731047,17698
154.7603689498713,209.04874309205474,17699
154.82709202243174,208.93873001487052,17700
154.89482772445464,208.82780132521032,17701
154.96357520058024,208.715959206897,17702
155.0333336040511,208.60320584426626,17703
155.10410209640222,208.4895434225223,17704
155.17587984714052,208.37497412810293,17705
155.24866603341482,208.2595001490524,17706
155.3224598396751,208.14312367540302,17707
155.39726045732183,208.02584689956507,17708
155.47306708434496,207.90767201672537,17709
155.54987892495234,207.78860122525407,17710
155.62769518918813,207.66863672712026,17711
155.70651509254031,207.54778072831573,17712
155.78633785553805,207.42603543928755,17713
155.86716270333812,207.30340307537912,17714
155.9489888653008,207.1798858572797,17715
156.03181557455514,207.05548601148246,17716
156.1156420675533,206.93020577075134,17717
156.20046758361372,206.8040473745964,17718
156.286291364454,206.67701306975755,17719
156.3731126537121,206.54910511069727,17720
156.46093069645687,206.42032576010175,17721
156.54974473868702,206.2906772893908,17722
156.63955402681913,206.16016197923614,17723
156.73035780716427,206.02878212008878,17724
156.82215532539306,205.89654001271484,17725
156.9149458259892,205.76343796873985,17726
157.00872855169192,205.6294783112022,17727
157.10350274292594,205.49466337511495,17728
157.19926763722037,205.35899550803646,17729
157.29602246861563,205.22247707064957,17730
157.39376646705827,205.0851104373498,17731
157.49249885778394,204.946897996842,17732
157.5922188606886,204.8078421527456,17733
157.69292568968697,204.6679453242088,17734
157.7946185520594,204.52720994653143,17735
157.89729664778602,204.38563847179623,17736
158.00095916886892,204.24323336950903,17737
158.10560529864145,204.09999712724746,17738
158.2112342110655,203.9559322513184,17739
158.31784507001572,203.81104126742363,17740
158.4254370285517,203.66532672133488,17741
158.5340092281768,203.51879117957648,17742
158.64356079808485,203.37143723011707,17743
158.75409085439327,203.22326748306986,17744
158.8655984993643,203.07428457140082,17745
158.97808282061234,202.92449115164595,17746
159.09154289029902,202.7738899046362,17747
159.2059777643147,202.6224835362314,17748
159.32138648144738,202.4702747780617,17749
159.43776806253805,202.31726638827791,17750
159.55512150962343,202.16346115230914,17751
159.67344580506492,202.0088618836295,17752
159.79273991066484,201.85347142453165,17753
159.9130027667693,201.6972926469093,17754
160.03423329135768,201.54032845304644,17755
160.1564303791192,201.38258177641532,17756
160.27959290051604,201.22405558248124,17757
160.40371970083308,201.06475286951513,17758
160.52880959921487,200.90467666941367,17759
160.65486138768887,200.74383004852623,17760
160.7818738301761,200.58221610848955,17761
160.90984566148788,200.41983798706877,17762
161.0387755863104,200.2566988590059,17763
161.16866227817528,200.0928019368745,17764
161.29950437841808,199.92815047194128,17765
161.43130049512294,199.7627477550339,17766
161.56404920205532,199.59659711741523,17767
161.69774903758102,199.429701931663,17768
161.83239850357364,199.26206561255637,17769
161.96799606430824,199.09369161796704,17770
162.10454014534355,198.92458344975645,17771
162.24202913239168,198.7547446546781,17772
162.3804613701752,198.58417882528468,17773
162.51983516127257,198.41288960084026,17774
162.660148764952,198.2408806682366,17775
162.80140039599297,198.06815576291413,17776
162.9435882234968,197.89471866978653,17777
163.0867103696859,197.72057322416939,17778
163.23076490869173,197.545723312712,17779
163.37574986533218,197.37017287433238,17780
163.52166321387824,197.19392590115527,17781
163.6685028768106,197.01698643945235,17782
163.81626672356586,196.83935859058465,17783
163.96495256927335,196.66104651194726,17784
164.1145581734824,196.4820544179146,17785
164.2650812388806,196.30238658078775,17786
164.4165194100032,196.1220473317418,17787
164.56887027193423,195.9410410617739,17788
164.72213134899957,195.75937222265105,17789
164.8763001034526,195.57704532785743,17790
165.03137393415236,195.39406495354095,17791
165.18735017523525,195.21043573945806,17792
165.3442260947802,195.02616238991732,17793
165.50199889346845,194.84124967471996,17794
165.66066570323747,194.65570243009842,17795
165.8202235859304,194.4695255596509,17796
165.9806695319411,194.28272403527282,17797
166.1420004588559,194.09530289808342,17798
166.30421321009118,193.90726725934792,17799
166.46730455352986,193.71862230139408,17800
166.63127118015447,193.52937327852283,17801
166.79610970268035,193.33952551791273,17802
166.96181665418703,193.1490844205169,17803
167.12838848675042,192.95805546195248,17804
167.29582157007556,192.76644419338183,17805
167.46411219013072,192.57425624238456,17806
167.63325654778404,192.3814973138206,17807
167.80325075744287,192.18817319068214,17808
167.97409084569716,191.99428973493562,17809
168.1457727499676,191.7998528883516,17810
168.31829231715855,191.60486867332241,17811
168.49164530231832,191.40934319366747,17812
168.66582736730587,191.21328263542415,17813
168.84083407946574,191.0166932676248,17814
169.0166609103125,190.81958144305858,17815
169.19330323422497,190.6219535990175,17816
169.3707563271507,190.42381625802565,17817
169.5490153653236,190.22517602855143,17818
169.72807542399386,190.02603960570153,17819
169.9079314761718,189.8264137718955,17820
170.08857839138705,189.626305397522,17821
170.27001093446393,189.42572144157293,17822
170.4522237643137,189.22466895225733,17823
170.63521143274528,189.0231550675928,17824
170.81896838329575,188.8211870159742,17825
171.00348895008105,188.61877211671833,17826
171.18876735666842,188.41591778058458,17827
171.37479771497226,188.21263151026926,17828
171.56157402417384,188.00892090087464,17829
171.74909016966598,187.80479364035017,17830
171.93733992202522,187.6002575099066,17831
172.126316936011,187.39532038440018,17832
172.3160147495939,187.18999023268853,17833
172.5064267830152,186.98427511795484,17834
172.69754633787647,186.7781831980017,17835
172.8893665962636,186.57172272551222,17836
173.08188061990342,186.36490204827848,17837
173.27508134935746,186.1577296093959,17838
173.4689616032506,185.95021394742292,17839
173.66351407753945,185.74236369650563,17840
173.85873134481872,185.53418758646544,17841
174.05460585366913,185.32569444285048,17842
174.2511299280463,185.11689318694792,17843
174.44829576671455,184.90779283575864,17844
174.64609544272275,184.69840250193167,17845
174.84452090292797,184.48873139365955,17846
175.04356396756575,184.27878881453051,17847
175.24321632986783,184.0685841633406,17848
175.443469555731,183.85812693386382,17849
175.64431508343506,183.64742671457662,17850
175.84574422341393,183.43649318834133,17851
176.04774815808054,183.22533613204243,17852
176.25031794170476,183.01396541618027,17853
176.45344450034787,182.8023910044162,17854
176.65711863185422,182.59062295307385,17855
176.86133100589907,182.37867141059192,17856
177.06607216409884,182.1665466169282,17857
177.27133252017677,181.95425890291887,17858
177.47710236019512,181.7418186895862,17859
177.68337184284348,181.52923648739863,17860
177.8901309997972,181.316522895481,17861
178.09736973613235,181.10368860077466,17862
178.3050778308129,180.8907443771478,17863
178.5132449372379,180.6777010844527,17864
178.72186058385807,180.46456966753863,17865
178.9309141748609,180.25136115520556,17866
179.14039499092075,180.03808665911882,17867
179.35029219002072,179.82475737263297,17868
179.5605948083407,179.61138456964272,17869
179.77129176121787,179.3979796032968,17870
179.98237184418244,179.18455390471354,17871
180.19382373404068,178.97111898161697,17872
180.4056359900823,178.75768641694026,17873
180.61779705528772,178.5442678673692,17874
180.8302952576649,178.33087506182892,17875
181.04311881163275,178.11751979992883,17876
181.25625581948285,177.90421395034764,17877
181.46969427291125,177.69096944917533,17878
181.68342205462415,177.47779829819768,17879
181.89742694001626,177.26471256313417,17880
182.1116965989197,177.05172437182537,17881
182.32621859742574,176.83884591237052,17882
182.54098039977907,176.62608943121543,17883
182.75596937034092,176.41346723119463,17884
182.9711727756253,176.20099166952272,17885
183.18657778640454,175.98867515574065,17886
183.4021714798846,175.77653014961516,17887
183.6179408419496,175.56456915899295,17888
183.8338727694741,175.3528047376096,17889
184.0499540727038,175.14124948285513,17890
184.26617147770145,174.92991603349685,17891
184.48251162886018,174.71881706736036,17892
184.69896109147916,174.5079652989689,17893
184.91550635440404,174.29737347714473,17894
185.132133832729,174.08705438256956,17895
185.34882987056,173.87702082531044,17896
185.56558074383693,173.66728564230664,17897
185.78237266321335,173.45786169482435,17898
185.99919177699465,173.2487618658757,17899
186.21602417412828,173.03999905760722,17900
186.43285588724933,172.8315861886567,17901
186.64967289577635,172.62353619148135,17902
186.86646112905726,172.41586200965807,17903
187.0832064695625,172.2085765951577,17904
187.2998947561244,172.00169290559487,17905
187.5165117872202,171.79522390145414,17906
187.73304332429598,171.58918254329603,17907
187.94947509513128,171.3835817889432,17908
188.1657927972401,171.1784345906483,17909
188.38198210130693,170.97375389224624,17910
188.59802865465608,170.76955262629252,17911
188.8139180847509,170.5658437111886,17912
189.0296360027211,170.36264004829704,17913
189.24516800691535,170.1599545190478,17914
189.46049968647728,169.95779998203835,17915
189.6756166249416,169.7561892701278,17916
189.89050440384827,169.55513518752937,17917
190.10514860637196,169.35465050690075,17918
190.319534820964,169.1547479664362,17919
190.53364864500475,168.9554402669613,17920
190.74747568846274,168.75674006903247,17921
190.96100157755913,168.55865999004354,17922
191.17421195843355,168.36121260134104,17923
191.38709250080956,168.1644104253503,17924
191.59962890165633,167.96826593271453,17925
191.81180688884442,167.77279153944824,17926
192.0236122247923,167.57799960410782,17927
192.23503071010148,167.38390242498045,17928
192.44604818717715,167.1905122372935,17929
192.65665054383172,166.99784121044704,17930
192.8668237168688,166.80590144526968,17931
193.07655369564466,166.61470497130156,17932
193.28582652560436,166.42426374410547,17933
193.49462831179096,166.23458964260686,17934
193.70294522232354,166.04569446646713,17935
193.91076349184326,165.85758993348884,17936
194.11806942492368,165.67028767705742,17937
194.32484939944337,165.48379924361922,17938
194.53108986991842,165.2981360901982,17939
194.7367773707923,165.11330958195282,17940
194.94189851968088,164.9293309897751,17941
195.14644002057003,164.74621148793238,17942
195.3503886669644,164.56396215175485,17943
195.55373134498396,164.38259395536826,17944
195.75645503640737,164.20211776947534,17945
195.9585468216596,164.02254435918553,17946
196.15999388274156,163.84388438189575,17947
196.36078350610072,163.66614838522213,17948
196.56090308544,163.48934680498482,17949
196.7603401244636,163.31348996324695,17950
196.95908223955811,163.13858806640812,17951
197.15711716240736,162.9646512033545,17952
197.35443274253893,162.79168934366547,17953
197.55101694980178,162.61971233587835,17954
197.746857876773,162.448729905812,17955
197.94194374109236,162.27875165494999,17956
198.13626288772417,162.10978705888377,17957
198.3298037911442,161.94184546581698,17958
198.5225550574519,161.7749360951316,17959
198.71450542640608,161.60906803601554,17960
198.9056437733835,161.44425024615344,17961
199.0959591112594,161.2804915504801,17962
199.28544059221008,161.11780063999728,17963
199.47407750943557,160.95618607065438,17964
199.6618592988033,160.79565626229265,17965
199.84877554041108,160.6362194976538,17966
200.03481596007018,160.47788392145227,17967
200.21997043070746,160.32065753951244,17968
200.40422897368666,160.16454821796916,17969
200.5875817600488,160.00956368253333,17970
200.7700191116716,159.85571151782034,17971
200.9515315023479,159.70299916674375,17972
201.1321095587837,159.55143392997113,17973
201.3117440615151,159.40102296544404,17974
201.4904259457457,159.25177328796093,17975
201.6681463021035,159.10369176882202,17976
201.844896377319,158.95678513553688,17977
202.0206675748239,158.81105997159304,17978
202.19545145527204,158.66652271628607,17979
202.36923973698217,158.52317966460996,17980
202.54202429630428,158.381036967207,17981
202.7137971679096,158.24010063037713,17982
202.88455054500508,158.1003765161454,17983
203.05427677947392,157.96187034238727,17984
203.2229683819424,157.8245876830103,17985
203.3906180217743,157.68853396819205,17986
203.55721852699398,157.55371448467307,17987
203.7227628841394,157.4201343761037,17988
203.88724423804558,157.2877986434443,17989
204.05065589156075,157.15671214541754,17990
204.21299130519532,157.0268795990118,17991
204.37424409670575,156.89830558003493,17992
204.5344080406147,156.77099452371655,17993
204.69347706766752,156.64495072535902,17994
204.85144526422852,156.52017834103444,17995
205.00830687161672,156.39668138832818,17996
205.1640562853832,156.27446374712608,17997
205.31868805453175,156.15352916044597,17998
205.4721968806837,156.0338812353104,17999
205.62457761718892,155.91552344366121,18000
205.7758252681845,155.79845912331342,18001
205.9259349876022,155.6826914789475,18002
206.07490207812683,155.56822358313954,18003
206.2227219901068,155.45505837742698,18004
206.36939032041826,155.34319867340926,18005
206.51490281128486,155.23264715388228,18006
206.65925534905423,155.12340637400493,18007
206.8024439629334,155.0154787624968,18008
206.94446482368406,154.90886662286565,18009
207.0853142422794,154.80357213466345,18010
207.2249886685248,154.69959735476985,18011
207.36348468964295,154.5969442187015,18012
207.50079902882567,154.49561454194625,18013
207.63692854375387,154.39561002132112,18014
207.7718702250868,154.2969322363524,18015
207.9056211949228,154.199582650677,18016
208.0381787052327,154.10356261346357,18017
208.1695401362671,154.00887336085287,18018
208.29970299494002,153.91551601741486,18019
208.42866491318887,153.82349159762296,18020
208.55642364631407,153.732801007343,18021
208.68297707129818,153.64344504533662,18022
208.8083231851066,153.5554244047773,18023
208.9324601029717,153.46873967477836,18024
209.0553860566609,153.38339134193185,18025
209.17709939273058,153.2993797918569,18026
209.29759857076724,153.21670531075662,18027
209.41688216161683,153.13536808698288,18028
209.53494884560385,153.0553682126073,18029
209.65179741074158,152.97670568499805,18030
209.76742675093416,152.89938040840087,18031
209.8818358641724,152.82339219552415,18032
209.995023850724,152.74874076912624,18033
210.10698991131966,152.6754257636047,18034
210.21773334533586,152.60344672658647,18035
210.3272535489759,152.53280312051785,18036
210.43555001344976,152.46349432425365,18037
210.54262232315426,152.39551963464467,18038
210.64847015385425,152.32887826812265,18039
210.75309327086578,152.26356936228183,18040
210.85649152724255,152.19959197745658,18041
210.9586648619662,152.1369450982941,18042
211.05961329814176,152.07562763532158,18043
211.15933694119815,152.01563842650742,18044
211.2578359770963,151.956976238815,18045
211.35511067054375,151.89963976974943,18046
211.45116136321798,151.84362764889607,18047
211.54598847199844,151.78893843944977,18048
211.63959248720843,151.7355706397354,18049
211.7319739708671,151.68352268471807,18050
211.82313355495276,151.63279294750296,18051
211.9130719396774,151.5833797408243,18052
212.0017898917742,151.53528131852258,18053
212.08928824279724,151.48849587701025,18054
212.17556788743488,151.44302155672452,18055
212.26062978183728,151.3988564435676,18056
212.3444749419581,151.3559985703338,18057
212.42710444191135,151.31444591812266,18058
212.50851941234345,151.27419641773815,18059
212.58872103882143,151.23524795107386,18060
212.66771056023708,151.19759835248274,18061
212.74548926722775,151.16124541013258,18062
212.82205850061456,151.12618686734567,18063
212.89741964985737,151.09242042392293,18064
212.97157415152762,151.05994373745227,18065
213.0445234877995,151.02875442460086,18066
213.11626918495853,150.99885006239083,18067
213.18681281192949,150.97022818945848,18068
213.25615597882248,150.94288630729687,18069
213.32430033549807,150.91682188148133,18070
213.3912475701516,150.89203234287785,18071
213.45699940791687,150.86851508883424,18072
213.521557609489,150.8462674843538,18073
213.58492396976717,150.82528686325173,18074
213.64710031651703,150.8055705292934,18075
213.70808850905274,150.78711575731526,18076
213.76789043693918,150.76991979432805,18077
213.82650801871426,150.7539798606016,18078
213.8839432006307,150.7392931507321,18079
213.94019795541877,150.72585683469126,18080
213.9952742810684,150.71366805885725,18081
214.0491741996321,150.70272394702792,18082
214.10189975604757,150.69302160141552,18083
214.15345301698082,150.6845581036236,18084
214.20383606968926,150.67733051560586,18085
214.25305102090513,150.67133588060653,18086
214.30109999573867,150.6665712240832,18087
214.34798513660184,150.66303355461122,18088
214.39370860215155,150.66071986477044,18089
214.4382725662532,150.65962713201364,18090
214.48167921696398,150.65975231951737,18091
214.52393075553562,150.66109237701477,18092
214.5650293954373,150.66364424161083,18093
214.60497736139806,150.66740483857967,18094
214.6437768884681,150.67237108214434,18095
214.6814302211004,150.67853987623928,18096
214.71793961225075,150.68590811525513,18097
214.75330732249728,150.69447268476597,18098
214.78753561917893,150.70423046224002,18099
214.82062677555282,150.7151783177325,18100
214.85258306997005,150.72731311456175,18101
214.8834067850703,150.7406317099686,18102
214.91310020699493,150.75513095575857,18103
214.94166562461783,150.77080769892794,18104
214.96910532879497,150.78765878227242,18105
214.9954216116314,150.8056810449806,18106
215.0206167657663,150.82487132320986,18107
215.04469308367536,150.84522645064712,18108
215.06765285699078,150.86674325905307,18109
215.08949837583833,150.88941857879053,18110
215.11023192819184,150.91324923933723,18111
215.12985579924393,150.93823206978308,18112
215.14837227079394,150.96436389931165,18113
215.16578362065238,150.99164155766675,18114
215.1820921220615,151.02006187560352,18115
215.19730004313195,151.0496216853247,18116
215.2114096462957,151.080317820902,18117
215.22442318777473,151.11214711868263,18118
215.23634291706483,151.14510641768157,18119
215.24717107643554,151.1791925599592,18120
215.25690990044475,151.21440239098442,18121
215.2655616154686,151.2507327599844,18122
215.2731284392463,151.28818052027958,18123
215.2796125804393,151.3267425296053,18124
215.2850162382054,151.36641565041958,18125
215.2893416017869,151.40719675019767,18126
215.29259085011287,151.44908270171277,18127
215.2947661514156,151.49207038330397,18128
215.29586966286035,151.53615667913095,18129
215.29590353018946,151.58133847941556,18130
215.2948698873791,151.62761268067118,18131
215.2927708563098,151.67497618591872,18132
215.28960854644978,151.72342590489077,18133
215.2853850545513,151.77295875422303,18134
215.28010246435977,151.82357165763366,18135
215.27376284633533,151.8752615460908,18136
215.26636825738697,151.9280253579674,18137
215.2579207406188,151.98186003918542,18138
215.2484223250884,152.03676254334727,18139
215.2378750255772,152.09272983185664,18140
215.22628084237263,152.1497588740272,18141
215.21364176106167,152.20784664718062,18142
215.19995975233627,152.26699013673303,18143
215.18523677180968,152.32718633627093,18144
215.16947475984432,152.38843224761578,18145
215.15267564139043,152.4507248808783,18146
215.13484132583574,152.5140612545018,18147
215.11597370686607,152.578438395295,18148
215.09607466233612,152.64385333845485,18149
215.0751460541512,152.7103031275788,18150
215.05318972815908,152.77778481466677,18151
215.03020751405248,152.8462954601136,18152
215.00620122528085,152.91583213269092,18153
214.9811726589733,152.9863919095198,18154
214.95512359587042,153.05797187603343,18155
214.92805580026652,153.13056912593007,18156
214.8999710199612,153.2041807611168,18157
214.87087098622078,153.27880389164366,18158
214.8407574137488,153.3544356356286,18159
214.80963200066626,153.43107311917328,18160
214.77749642850108,153.5087134762694,18161
214.74435236218648,153.5873538486968,18162
214.7102014500685,153.66699138591167,18163
214.67504532392297,153.74762324492684,18164
214.63888559898072,153.8292465901827,18165
214.60172387396213,153.91185859340976,18166
214.56356173112,153.99545643348267,18167
214.52440073629154,154.08003729626563,18168
214.48424243895872,154.16559837444956,18169
214.44308837231705,154.25213686738059,18170
214.40094005335314,154.33964998088103,18171
214.3577989829303,154.42813492706134,18172
214.31366664588268,154.51758892412462,18173
214.26854451111785,154.60800919616284,18174
214.2224340317272,154.69939297294516,18175
214.17533664510484,154.7917374896983,18176
214.12725377307447,154.88503998687938,18177
214.07818682202455,154.97929770994077,18178
214.02813718305117,155.0745079090872,18179
213.9771062321092,155.17066783902564,18180
213.9250953301713,155.26777475870733,18181
213.87210582339483,155.36582593106232,18182
213.81813904329664,155.46481862272677,18183
213.76319630693592,155.56475010376295,18184
213.70727891710456,155.66561764737145,18185
213.65038816252564,155.76741852959697,18186
213.59252531805956,155.87015002902595,18187
213.5336916449179,155.97380942647803,18188
213.47388839088518,156.07839400468964,18189
213.41311679054834,156.18390104799116,18190
213.35137806553385,156.29032784197662,18191
213.28867342475255,156.39767167316703,18192
213.22500406465244,156.5059298286662,18193
213.16037116947896,156.61509959581036,18194
213.09477591154302,156.72517826181053,18195
213.02821945149685,156.83616311338858,18196
212.96070293861743,156.94805143640625,18197
212.89222751109781,157.0608405154877,18198
212.82279429634613,157.17452763363585,18199
212.75240441129208,157.28911007184152,18200
212.68105896270177,157.40458510868652,18201
212.60875904749963,157.52095001994033,18202
212.5355057530986,157.63820207815021,18203
212.461300157738,157.7563385522253,18204
212.38614333082913,157.8753567070138,18205
212.3100363333087,157.99525380287474,18206
212.23298021800034,158.11602709524306,18207
212.15497602998386,158.23767383418843,18208
212.07602480697224,158.36019126396846,18209
211.996127579697,158.48357662257558,18210
211.91528537230107,158.60782714127768,18211
211.8334992027401,158.73294004415357,18212
211.75077008319136,158.85891254762157,18213
211.66709902047117,158.9857418599631,18214
211.58248701646005,159.11342518084007,18215
211.4969350685361,159.24195970080652,18216
211.4104441700168,159.37134260081476,18217
211.32301531060878,159.5015710517158,18218
211.2346494768656,159.63264221375425,18219
211.1453476526545,159.76455323605742,18220
211.05511081963073,159.8973012561197,18221
210.96393995772078,160.03088339928067,18222
210.87183604561372,160.16529677819852,18223
210.7788000612611,160.30053849231783,18224
210.68483298238522,160.43660562733243,18225
210.58993578699608,160.5734952546429,18226
210.49410945391674,160.7112044308092,18227
210.3973549633175,160.84973019699802,18228
210.2996732972584,160.98906957842573,18229
210.2010654402408,161.1292195837957,18230
210.10153237976706,161.27017720473174,18231
210.00107510690998,161.4119394152061,18232
209.89969461688997,161.55450317096324,18233
209.7973919096617,161.6978654089391,18234
209.6941679905096,161.84202304667562,18235
209.59002387065195,161.98697298173138,18236
209.48496056785416,162.13271209108728,18237
209.37897910705112,162.279237230549,18238
209.2720805209783,162.42654523414424,18239
209.16426585081203,162.57463291351723,18240
209.05553614681892,162.72349705731833,18241
208.94589246901424,162.8731344305902,18242
208.83533588782953,163.02354177415074,18243
208.7238674847895,163.1747158039718,18244
208.6114883531976,163.32665321055487,18245
208.49819959883138,163.47935065830342,18246
208.38400234064684,163.63280478489185,18247
208.26889771149166,163.78701220063158,18248
208.15288685882834,163.94196948783426,18249
208.03597094546598,164.09767320017158,18250
207.91815115030158,164.25411986203343,18251
207.79942866907058,164.41130596788267,18252
207.6798047151065,164.5692279816076,18253
207.55928052011024,164.72788233587295,18254
207.43785733492766,164.88726543146768,18255
207.3155364303378,165.0473736366516,18256
207.1923190978489,165.20820328650004,18257
207.06820665050444,165.36975068224697,18258
206.94320042369802,165.53201209062632,18259
206.8173017759975,165.69498374321253,18260
206.69051208997803,165.8586618357598,18261
206.56283277306423,166.02304252754018,18262
206.43426525838132,166.1881219406816,18263
206.30481100561522,166.3538961595046,18264
206.1744715018815,166.52036122985928,18265
206.04324826260307,166.6875131584617,18266
205.91114283239665,166.85534791223108,18267
205.77815678596795,167.02386141762614,18268
205.64429172901524,167.1930495599832,18269
205.5095492991417,167.36290818285397,18270
205.37393116677566,167.53343308734483,18271
205.2374390360997,167.70462003145735,18272
205.10007464598726,167.8764647294297,18273
204.96183977094796,168.04896285108023,18274
204.82273622207998,168.22211002115296,18275
204.68276584803118,168.39590181866447,18276
204.5419305359669,168.57033377625444,18277
204.40023221254586,168.74540137953738,18278
204.25767284490286,168.9211000664587,18279
204.114254441639,169.09742522665292,18280
203.96997905381852,169.27437220080594,18281
203.82484877597258,169.45193628002073,18282
203.67886574710926,169.63011270518732,18283
203.53203215173022,169.8088966663568,18284
203.38435022085318,169.9882833021206,18285
203.2358222330403,170.1682676989934,18286
203.0864505154323,170.34884489080287,18287
202.9362374447875,170.53000985808362,18288
202.78518544852665,170.7117575274778,18289
202.63329700578163,170.89408277114165,18290
202.4805746484493,171.0769804061581,18291
202.32702096224943,171.26044519395694,18292
202.17263858778628,171.44447183974174,18293
202.01743022161384,171.62905499192408,18294
201.86139861730427,171.8141892415659,18295
201.70454658651917,171.9998691218303,18296
201.5468770000833,172.18608910744004,18297
201.38839278906033,172.37284361414555,18298
201.2290969458306,172.56012699820218,18299
201.06899252516953,172.7479335558568,18300
200.90808264532757,172.9362575228446,18301
200.74637048911018,173.12509307389593,18302
200.58385930495797,173.3144343222542,18303
200.42055240802628,173.50427531920454,18304
200.25645318126362,173.69461005361435,18305
200.09156507648925,173.88543245148514,18306
199.925891615468,174.07673637551733,18307
199.75943639098335,174.26851562468687,18308
199.5922030679069,174.4607639338357,18309
199.42419538426486,174.6534749732745,18310
199.25541715230008,174.84664234840102,18311
199.08587225952925,175.0402595993306,18312
198.91556466979523,175.2343202005426,18313
198.7444984243133,175.42881756054194,18314
198.5726776427108,175.6237450215348,18315
198.40010652405982,175.81909585912146,18316
198.22678934790204,176.01486328200477,18317
198.05273047526504,176.21104043171513,18318
197.87793434966974,176.40762038235283,18319
197.7024054981278,176.60459614034775,18320
197.52614853212847,176.80196064423671,18321
197.34916814861458,176.9997067644589,18322
197.1714691309463,177.19782730317073,18323
196.9930563498523,177.39631499407886,18324
196.8139347643673,177.59516250229365,18325
196.63410942275587,177.79436242420053,18326
196.4535854634207,177.99390728735466,18327
196.27236811579562,178.19378955039326,18328
196.09046270122167,178.39400160297043,18329
195.907874633806,178.5945357657138,18330
195.72460942126264,178.79538429020198,18331
195.54067266573406,178.99653935896387,18332
195.35607006459296,179.1979930855023,18333
195.17080741122354,179.3997375143402,18334
194.98489059578097,179.60176462108743,18335
194.79832560592843,179.80406631253533,18336
194.6111185275513,180.0066344267604,18337
194.4232755454465,180.2094607333186,18338
194.23480294398743,180.41253693331134,18339
194.04570710776267,180.61585465967187,18340
193.85599452218787,180.8194054773359,18341
193.66567177409,181.0231808834895,18342
193.47474555226304,181.22717230784113,18343
193.28322264799436,181.43137111291378,18344
193.09110995555986,181.63576859436503,18345
192.89841447268915,181.84035598133678,18346
192.7051433009974,182.04512443682864,18347
192.5113036463849,182.25006505810205,18348
192.3169028194019,182.4551688771084,18349
192.12194823557942,182.66042686094988,18350
191.9264474157237,182.8658299123639,18351
191.73040798617433,183.07136887023833,18352
191.53383767902483,183.2770345101555,18353
191.33674433230513,183.48281754496466,18354
191.13913589012415,183.68870862538304,18355
190.9410204027736,183.8946983406263,18356
190.74240602678955,184.1007772190691,18357
190.5433010249732,184.30693572893375,18358
190.3437137663693,184.51316427901025,18359
190.14365272620063,184.71945321940393,18360
189.9431264857592,184.9257928423155,18361
189.742143732252,185.13217338284818,18362
189.54071325860227,185.3385850198474,18363
189.33884396320337,185.5450178767686,18364
189.13654484962674,185.75146202257562,18365
188.9338250262821,185.95790747267023,18366
188.7306937060289,186.16434418984957,18367
188.52716020574016,186.37076208529575,18368
188.3232339458158,186.57715101959352,18369
188.11892444964695,186.78350080377973,18370
187.91424134302903,186.98980120042023,18371
187.70919435352488,187.19604192471914,18372
187.5037933097755,187.40221264565497,18373
187.29804814075996,187.60830298714862,18374
187.0919688750024,187.8143025292587,18375
186.8855656397267,188.02020080940662,18376
186.67884865995882,188.22598732363082,18377
186.47182825757503,188.43165152786872,18378
186.26451485029764,188.63718283926795,18379
186.05691895063734,188.84257063752483,18380
185.84905116478035,189.04780426625058,18381
185.64092219142395,189.25287303436573,18382
185.43254282055662,189.45776621752063,18383
185.22392393218428,189.66247305954278,18384
185.0150764950038,189.86698277391105,18385
184.8060115650224,190.0712845452549,18386
184.5967402841217,190.27536753087935,18387
184.3872738785714,190.47922086231503,18388
184.17762365748686,190.68283364689216,18389
183.96780101123548,190.8861949693389,18390
183.75781740979033,191.08929389340278,18391
183.54768440102967,191.2921194634948,18392
183.3374136089875,191.49466070635614,18393
183.12701673205103,191.69690663274596,18394
182.91650554110723,191.89884623915052,18395
182.70589187763994,192.10046850951215,18396
182.49518765177731,192.3017624169786,18397
182.2844048402899,192.5027169256702,18398
182.07355548454086,192.70332099246608,18399
181.8626516883892,192.90356356880753,18400
181.65170561604603,193.1034336025179,18401
181.4407294898858,193.30292003963842,18402
181.22973558821207,193.50201182627922,18403
181.01873624298017,193.70069791048428,18404
180.80774383747973,193.8989672441102,18405
180.59677080396918,194.09680878471707,18406
180.38582962127833,194.29421149747114,18407
180.17493281236622,194.49116435705818,18408
179.9640929418418,194.68765634960673,18409
179.75332261346546,194.88367647461982,18410
179.5426344675564,195.0792137469154,18411
179.33204117845685,195.27425719857274,18412
179.1215554518951,195.46879588088558,18413
178.911190022339,195.66281886631967,18414
178.70095765032445,195.85631525047467,18415
178.49087111974902,196.04927415404867,18416
178.28094323514415,196.241684724805,18417
178.0711868189231,196.4335361395392,18418
177.86161470860145,196.6248176060468,18419
177.6522397540019,196.81551836508882,18420
177.44307481443815,197.00562769235577,18421
177.23413275587828,197.19513490042783,18422
177.02542644809827,197.38402934073042,18423
176.81696876181584,197.572300405485,18424
176.60877256581648,197.75993752965226,18425
176.4008507240675,197.94693019286825,18426
176.19321609282326,198.13326792137164,18427
175.98588151772614,198.31894028992085,18428
175.77885983090104,198.50393692370054,18429
175.57216384804906,198.68824750021574,18430
175.36580636553967,198.8718617511731,18431
175.1598001575039,199.05476946434808,18432
174.9541579729328,199.23696048543633,18433
174.74889253277868,199.41842471988957,18434
174.54401652706616,199.59915213473343,18435
174.33954261201066,199.77913276036716,18436
174.1354834071488,199.9583566923441,18437
173.931851492482,200.13681409313133,18438
173.72865940563509,200.31449519384833,18439
173.52591963903177,200.49139029598268,18440
173.3236446370891,200.66748977308302,18441
173.12184679343318,200.8427840724268,18442
172.92053844813617,201.01726371666388,18443
172.7197318849798,201.1909193054325,18444
172.51943932874377,201.36374151694946,18445
172.3196729425222,201.5357211095715,18446
172.12044482507125,201.70684892332798,18447
171.92176700818706,201.87711588142398,18448
171.72365145411788,202.0465129917128,18449
171.5261100530105,202.21503134813716,18450
171.32915462039415,202.38266213213836,18451
171.13279689470173,202.5493966140326,18452
170.93704853483177,202.7152261543537,18453
170.7419211177508,202.88014220516183,18454
170.5474261361391,203.04413631131723,18455
170.3535749960802,203.20720011171818,18456
170.16037901479643,203.36932534050345,18457
169.9678494184308,203.53050382821766,18458
169.77599733987734,203.6907275029395,18459
169.58483381666068,203.84998839137225,18460
169.3943697888665,204.00827861989634,18461
169.20461609712282,204.1655904155829,18462
169.0155834806351,204.32191610716842,18463
168.82728257527407,204.47724812599012,18464
168.63972391171893,204.63157900688137,18465
168.45291791365543,204.78490138902717,18466
168.266874896031,204.93720801677912,18467
168.08160506336662,205.0884917404297,18468
167.89711850812668,205.238745516946,18469
167.71342520914726,205.38796241066237,18470
167.53053503012376,205.53613559393145,18471
167.34845771815793,205.6832583477347,18472
167.1672029023652,205.82932406225078,18473
166.9867800925426,205.97432623738325,18474
166.80719867789725,206.11825848324625,18475
166.62846792583653,206.26111452060903,18476
166.4505969808194,206.40288818129915,18477
166.2735948632695,206.54357340856438,18478
166.09747046854986,206.6831642573933,18479
165.92223256599945,206.82165489479496,18480
165.74788979803196,206.95903960003784,18481
165.57445067929552,207.09531276484785,18482
165.40192359589523,207.23046889356615,18483
165.2303168046761,207.36450260326683,18484
165.05963843256828,207.49740862383442,18485
164.8898964759926,207.62918179800232,18486
164.7210988003275,207.75981708135157,18487
164.55325313943595,207.88930954227126,18488
164.38636709525247,208.01765436188,18489
164.2204481374297,208.14484683390978,18490
164.0555036030442,208.27088236455225,18491
163.89154069636035,208.39575647226755,18492
163.72856648865255,208.51946478755698,18493
163.5665879180844,208.64200305269938,18494
163.40561178964472,208.76336712145195,18495
163.24564477513923,208.88355295871614,18496
163.08669341323753,209.00255664016922,18497
162.92876410957442,209.1203743518618,18498
162.77186313690478,209.23700238978236,18499
162.615996635311,209.35243715938918,18500
162.46117061246252,209.4666751751101,18501
162.3073909439258,209.57971305981144,18502
162.15466337352493,209.69154754423587,18503
162.00299351375043,209.8021754664108,18504
161.8523868462168,209.911593771027,18505
161.70284872216678,210.01979950878942,18506
161.55438436302123,210.12678983573954,18507
161.40699886097457,210.2325620125512,18508
161.2606971796336,210.33711340379975,18509
161.1154841546994,210.44044147720567,18510
160.9713644946904,210.54254380285374,18511
160.8283427817066,210.64341805238752,18512
160.68642347223286,210.74306199818113,18513
160.54561089798037,210.84147351248805,18514
160.40590926676558,210.9386505665684,18515
160.26732266342486,211.03459122979515,18516
160.12985505076423,211.12929366874002,18517
159.9935102705422,211.22275614624016,18518
159.85829204448586,211.31497702044595,18519
159.72420397533782,211.40595474385088,18520
159.5912495479333,211.49568786230464,18521
159.4594321303063,211.5841750140093,18522
159.3287549748239,211.67141492850052,18523
159.1992212193466,211.75740642561342,18524
159.0708338884146,211.84214841443472,18525
158.94359589445835,211.92563989224135,18526
158.81751003903236,212.00787994342676,18527
158.6925790140708,212.08886773841525,18528
158.56880540316433,212.1686025325651,18529
158.44619168285675,212.24708366506178,18530
158.3247402239601,212.32431055780106,18531
158.2044532928876,212.40028271426354,18532
158.0853330530031,212.4749997183809,18533
157.96738156598576,212.5484612333946,18534
157.85060079320948,212.62066700070773,18535
157.73499259713537,212.69161683873116,18536
157.62055874271672,212.76131064172336,18537
157.50730089881512,212.82974837862648,18538
157.39522063962713,212.89693009189736,18539
157.28431944611984,212.9628558963356,18540
157.17459870747544,213.02752597790854,18541
157.06605972254252,213.09094059257393,18542
156.95870370129444,213.15310006510097,18543
156.8525317662928,213.21400478789022,18544
156.74754495415593,213.27365521979323,18545
156.64374421703113,213.3320518849318,18546
156.54113042406965,213.38919537151824,18547
156.4397043629042,213.44508633067656,18548
156.3394667411275,213.49972547526542,18549
156.24041818777144,213.55311357870326,18550
156.14255925478597,213.60525147379607,18551
156.045890418517,213.6561400515684,18552
155.95041208118278,213.7057802600979,18553
155.8561245723475,213.7541731033541,18554
155.7630281503922,213.80131964004187,18555
155.67112300398117,213.8472209824493,18556
155.580409253525,213.8918782953018,18557
155.49088695263757,213.93529279462132,18558
155.40255608958782,213.97746574659223,18559
155.31541658874536,214.0183984664336,18560
155.22946831201895,214.05809231727835,18561
155.14471106028785,214.09654870906004,18562
155.06114457482505,214.13376909740703,18563
154.9787685387125,214.16975498254467,18564
154.89758257824684,214.204507908206,18565
154.8175862643365,214.23802946055082,18566
154.73877911388834,214.27032126709375,18567
154.66116059118426,214.3013849956416,18568
154.5847301092475,214.33122235324004,18569
154.50948703119732,214.35983508512996,18570
154.435430671593,214.38722497371393,18571
154.36256029776493,214.41339383753288,18572
154.29087513113487,214.4383435302529,18573
154.2203743485231,214.46207593966295,18574
154.15105708344262,214.48459298668342,18575
154.08292242738085,214.5058966243853,18576
154.0159694310677,214.52598883702115,18577
153.9501971057302,214.54487163906694,18578
153.88560442433322,214.56254707427553,18579
153.82219032280634,214.579017214742,18580
153.7599537012561,214.59428415998062,18581
153.6988934251644,214.6083500360136,18582
153.6390083265718,214.62121699447243,18583
153.58029720524604,214.63288721171077,18584
153.52275882983605,214.64336288792998,18585
153.46639193901026,214.65264624631683,18586
153.41119524258022,214.66073953219387,18587
153.35716742260848,214.66764501218213,18588
153.3043071345014,214.67336497337652,18589
153.2526130080861,214.67790172253373,18590
153.20208364867193,214.68125758527313,18591
153.15271763809614,214.68343490529023,18592
153.10451353575417,214.68443604358282,18593
153.05746987961345,214.68426337769034,18594
153.01158518721215,214.68291930094574,18595
152.96685795664126,214.68040622174024,18596
152.9232866675115,214.67672656280146,18597
152.88086978190364,214.67188276048367,18598
152.8396057453036,214.66587726407172,18599
152.79949298752078,214.65871253509738,18600
152.76052992359135,214.6503910466688,18601
152.72271495466495,214.64091528281278,18602
152.686046468876,214.63028773782997,18603
152.65052284219882,214.61851091566285,18604
152.61614243928722,214.6055873292766,18605
152.58290361429817,214.59151950005278,18606
152.5508047116997,214.5763099571958,18607
152.5198440670634,214.55996123715187,18608
152.4900200078411,214.54247588304108,18609
152.4613308541261,214.52385644410168,18610
152.43377491939893,214.5041054751472,18611
152.40735051125773,214.4832255360362,18612
152.3820559321334,214.4612191911541,18613
152.35788947998935,214.438089008908,18614
152.33484944900633,214.4138375612335,18615
152.31293413025205,214.38846742311375,18616
152.29214181233598,214.3619811721113,18617
152.2724707820491,214.33438138791146,18618
152.25391932498925,214.30567065187827,18619
152.23648572617128,214.27585154662233,18620
152.2201682706233,214.2449266555805,18621
152.20496524396793,214.21289856260788,18622
152.19087493298954,214.17976985158117,18623
152.1778956261872,214.14554310601423,18624
152.1660256143133,214.11022090868488,18625
152.15526319089855,214.07380584127375,18626
152.14560665276278,214.03630048401448,18627
152.137054300512,213.99770741535508,18628
152.12960443902207,213.9580292116314,18629
152.12325537790835,213.91726844675108,18630
152.1180054319823,213.87542769188934,18631
152.11385292169473,213.83250951519557,18632
152.11079617356572,213.78851648151115,18633
152.1088335206013,213.7434511520982,18634
152.10796330269773,213.6973160843792,18635
152.10818386703218,213.6501138316876,18636
152.1094935684414,213.60184694302893,18637
152.11189076978707,213.55251796285285,18638
152.11537384230934,213.50212943083548,18639
152.11994116596733,213.4506838816728,18640
152.12559112976777,213.3981838448835,18641
152.1323221320814,213.34463184462356,18642
152.140132580947,213.2900303995099,18643
152.1490208943639,213.2343820224548,18644
152.15898550057236,213.17768922051053,18645
152.1700248383222,213.1199544947237,18646
152.18213735713007,213.06118034000008,18647
152.19532151752466,213.00136924497892,18648
152.20957579128105,212.9405236919173,18649
152.22489866164332,212.8786461565842,18650
152.2412886235361,212.81573910816462,18651
152.2587441837647,212.75180500917276,18652
152.2772638612047,212.6868463153754,18653
152.29684618697993,212.6208654757243,18654
152.31748970463028,212.5538649322984,18655
152.33919297026787,212.48584712025544,18656
152.3619545527233,212.41681446779265,18657
152.38577303368066,212.3467693961169,18658
152.4106470078026,212.2757143194241,18659
152.43657508284426,212.20365164488783,18660
152.46355587975717,212.13058377265682,18661
152.49158803278283,212.05651309586196,18662
152.52067018953605,211.98144200063174,18663
152.55080101107765,211.9053728661173,18664
152.5819791719777,211.82830806452594,18665
152.6142033603682,211.7502499611636,18666
152.64747227798586,211.6712009144865,18667
152.68178464020505,211.591163276161,18668
152.71713917606064,211.5101393911328,18669
152.75353462826118,211.42813159770444,18670
152.79096975319194,211.34514222762166,18671
152.82944332090872,211.26117360616854,18672
152.86895411512126,211.17622805227072,18673
152.90950093316752,211.09030787860806,18674
152.95108258597807,211.00341539173485,18675
152.99369789803077,210.9155528922094,18676
153.0373457072959,210.82672267473168,18677
153.08202486517206,210.73692702828927,18678
153.1277342364118,210.6461682363125,18679
153.17447269903857,210.55444857683688,18680
153.22223914425345,210.46177032267502,18681
153.27103247633275,210.36813574159626,18682
153.32085161251618,210.27354709651496,18683
153.37169548288517,210.17800664568676,18684
153.42356303023226,210.0815166429139,18685
153.47645320992055,209.98407933775795,18686
153.5303649897339,209.88569697576162,18687
153.58529734971765,209.78637179867826,18688
153.64124928200985,209.68610604471027,18689
153.69821979066302,209.58490194875517,18690
153.75620789145637,209.48276174266022,18691
153.81521261169854,209.3796876554855,18692
153.87523299002086,209.2756819137749,18693
153.93626807616113,209.1707467418355,18694
153.99831693073736,209.06488436202542,18695
154.06137862501282,208.95809699504963,18696
154.12545224065056,208.85038686026394,18697
154.19053686945878,208.74175617598792,18698
154.25663161312647,208.63220715982507,18699
154.32373558294924,208.5217420289923,18700
154.3918478995454,208.41036300065667,18701
154.46096769256235,208.29807229228146,18702
154.5310941003729,208.18487212197957,18703
154.6022262697622,208.07076470887574,18704
154.67436335560404,207.95575227347712,18705
154.74750452052788,207.83983703805168,18706
154.82164893457534,207.72302122701552,18707
154.89679577484682,207.60530706732803,18708
154.97294422513806,207.4866967888957,18709
155.0500934755664,207.36719262498409,18710
155.12824272218666,207.2467968126381,18711
155.20739116659703,207.12551159311107,18712
155.28753801553427,207.00333921230146,18713
155.3686824804587,206.88028192119867,18714
155.45082377712856,206.75634197633684,18715
155.53396112516384,206.6315216402571,18716
155.61809374759935,206.5058231819784,18717
155.70322087042737,206.37924887747658,18718
155.78934172212922,206.25180101017204,18719
155.87645553319604,206.12348187142558,18720
155.9645615356387,205.99429376104305,18721
156.05365896248685,205.86423898778824,18722
156.14374704727655,205.73331986990416,18723
156.2348250235269,205.60153873564303,18724
156.32689212420567,205.46889792380452,18725
156.41994758118324,205.3353997842825,18726
156.5139906246754,205.20104667862057,18727
156.6090204826745,205.06584098057544,18728
156.70503638036948,204.92978507668946,18729
156.8020375395536,204.7928813668711,18730
156.90002317802117,204.65513226498427,18731
156.99899250895197,204.51654019944587,18732
157.09894474028425,204.37710761383187,18733
157.1998790740754,204.23683696749174,18734
157.30179470585105,204.09573073617156,18735
157.4046908239418,203.95379141264527,18736
157.50856660880785,203.8110215073543,18737
157.61342123235156,203.6674235490559,18738
157.7192538572175,203.52300008547942,18739
157.82606363608053,203.37775368399116,18740
157.93384971092098,203.23168693226734,18741
158.04261121228782,203.08480243897557,18742
158.15234725854899,202.93710283446435,18743
158.26305695512917,202.78859077146058,18744
158.37473939373518,202.63926892577564,18745
158.48739365156828,202.48913999701918,18746
158.6010187905241,202.3382067093212,18747
158.71561385637938,202.1864718120618,18748
158.8311778779663,202.0339380806091,18749
158.94770986633375,201.88060831706497,18750
159.06520881389557,201.72648535101834,18751
159.18367369356613,201.57157204030645,18752
159.30310345788277,201.4158712717836,18753
159.42349703811533,201.25938596209727,18754
159.54485334336277,201.10211905847208,18755
159.66717125963663,200.94407353950064,18756
159.7904496489318,200.78525241594173,18757
159.91468734828393,200.62565873152596,18758
160.0398831688143,200.46529556376785,18759
160.16603589476125,200.30416602478536,18760
160.2931442824993,200.14227326212554,18761
160.42120705954477,199.9796204595973,18762
160.550222923549,199.81621083811046,18763
160.68019054127856,199.6520476565212,18764
160.81110854758276,199.48713421248323,18765
160.94297554434868,199.3214738433054,18766
161.07579009944325,199.15506992681506,18767
161.20955074564327,198.98792588222688,18768
161.3442559795525,198.82004517101691,18769
161.4799042605072,198.6514312978025,18770
161.61649400946854,198.4820878112264,18771
161.75402360790386,198.31201830484622,18772
161.8924913966555,198.1412264180282,18773
162.03189567479802,197.96971583684552,18774
162.17223469848383,197.79749029498046,18775
162.31350667977742,197.62455357463028,18776
162.45570978547826,197.450909507417,18777
162.59884213593298,197.2765619753001,18778
162.74290180383633,197.1015149114925,18779
162.8878868130219,196.92577230137883,18780
163.03379513724224,196.74933818343646,18781
163.18062469893937,196.5722166501584,18782
163.32837336800486,196.3944118489777,18783
163.477038960531,196.2159279831938,18784
163.6266192375524,196.03676931289905,18785
163.7771119037788,195.85694015590676,18786
163.92851460631965,195.67644488867904,18787
164.08082493339992,195.4952879472543,18788
164.23404041306884,195.3134738281748,18789
164.38815851190049,195.1310070894131,18790
164.54317663368798,194.9478923512966,18791
164.69909211813084,194.76413429743104,18792
164.85590223951624,194.5797376756215,18793
165.01360420539453,194.3947072987903,18794
165.17219515524997,194.20904804589242,18795
165.33167215916615,194.02276486282642,18796
165.49203221648784,193.83586276334202,18797
165.65327225447913,193.64834682994254,18798
165.81538912697832,193.4602222147819,18799
165.97837961305044,193.27149414055663,18800
166.14224041563816,193.08216790139073,18801
166.30696816021148,192.89224886371426,18802
166.47255939341608,192.70174246713435,18803
166.63901058172326,192.51065422529805,18804
166.80631811007925,192.31898972674662,18805
166.97447828055678,192.12675463576073,18806
167.1434873110089,191.9339546931957,18807
167.3133413337254,191.74059571730615,18808
167.48403639409358,191.54668360455975,18809
167.655568449263,191.3522243304391,18810
167.82793336681624,191.1572239502307,18811
168.0011269234455,190.96168859980182,18812
168.1751448036361,190.76562449636228,18813
168.34998259835925,190.56903793921262,18814
168.52563580377176,190.37193531047666,18815
168.7020998199273,190.1743230758181,18816
168.87936994949757,189.97620778514047,18817
169.0574413965057,189.77759607326956,18818
169.236309265072,189.57849466061768,18819
169.41596855817355,189.3789103538292,18820
169.59641417641902,189.17885004640593,18821
169.77764091683886,188.97832071931245,18822
169.95964347169266,188.77732944155974,18823
170.14241642729434,188.5758833707672,18824
170.32595426285667,188.3739897537015,18825
170.51025134935588,188.1716559267918,18826
170.69530194841775,187.96888931662096,18827
170.8811002112261,187.7656974403905,18828
171.06764017745513,187.56208790636097,18829
171.25491577422645,187.35806841426376,18830
171.44292081509246,187.15364675568645,18831
171.63164899904683,186.94883081442958,18832
171.82109390956361,186.7436285668332,18833
172.01124901366603,186.53804808207406,18834
172.20210766102593,186.3320975224321,18835
172.39366308309653,186.12578514352396,18836
172.58590839227722,185.91911929450515,18837
172.7788365811143,185.71210841823856,18838
172.97244052153695,185.5047610514281,18839
173.16671296413142,185.29708582471835,18840
173.3616465374525,185.08909146275772,18841
173.557233747376,184.88078678422562,18842
173.753466976492,184.67218070182182,18843
173.95033848353992,184.4632822222181,18844
174.147840402888,184.25410044597126,18845
174.34596474405782,184.0446445673957,18846
174.5447033912938,183.83492387439708,18847
174.74404810318174,183.6249477482636,18848
174.9439905123142,183.41472566341704,18849
175.14452212500817,183.20426718712042,18850
175.34563432107086,182.9935819791426,18851
175.54731835362065,182.78267979137968,18852
175.74956534895927,182.57157046743305,18853
175.95236630650004,182.36026394214065,18854
176.15571209875097,182.14877024106426,18855
176.35959347135505,181.9370994799296,18856
176.56400104318897,181.72526186402243,18857
176.76892530651966,181.513267687534,18858
176.97435662722194,181.30112733286265,18859
177.1802852450565,181.08885126986422,18860
177.3867012740109,180.8764500550586,18861
177.59359470270152,180.6639343307796,18862
177.8009553948415,180.45131482428917,18863
178.00877308977158,180.23860234682533,18864
178.21703740305728,180.0258077926071,18865
178.4257378271526,179.8129421378388,18866
178.63486373212925,179.60001643950727,18867
178.84440436647634,179.38704183436118,18868
179.05434885796143,179.1740295376484,18869
179.26468621457198,178.96099084189106,18870
179.47540532551483,178.7479371155904,18871
179.68649496228966,178.53487980187836,18872
179.89794377983608,178.32183041712818,18873
180.10974031773353,178.10880054950698,18874
180.3218730015289,177.8958018574783,18875
180.5343301440291,177.68284606825972,18876
180.74709994677548,177.46994497622558,18877
180.96017050152685,177.25711044126385,18878
181.1735297918288,177.04435438708128,18879
181.38716569465498,176.83168879945978,18880
181.6010659821177,176.61912572446775,18881
181.81521832325322,176.40667726661934,18882
182.02961028587075,176.19435558698783,18883
182.2442293384793,175.9821729012736,18884
182.4590628522783,175.77014147782353,18885
182.67409810322062,175.558273635607,18886
182.88932227414375,175.34658174214456,18887
183.10472245696943,175.13507821139552,18888
183.3202856549688,174.9237755016001,18889
183.53599878509755,174.71268611307937,18890
183.75184868039264,174.50182258599543,18891
183.96782209243793,174.29119749806893,18892
184.18390569389027,174.0808234622584,18893
184.40008608107036,173.87071312440142,18894
184.61634977661382,173.6608791608171,18895
184.8326832321827,173.45133427587433,18896
185.04907283123686,173.24209119952334,18897
185.2655048918614,173.03316268479517,18898
185.48196566965086,172.82456150526744,18899
185.69844136064773,172.6163004525002,18900
185.91491810433365,172.4083923334418,18901
186.13138198667173,172.2008499678061,18902
186.34781904319826,171.99368618542385,18903
186.5642152621618,171.7869138235685,18904
186.78055658770847,171.58054572425797,18905
186.9968289231093,171.3745947315352,18906
187.21301813403116,171.16907368872754,18907
187.42911005184592,170.96399543568796,18908
187.64509047697743,170.75937280601843,18909
187.8609451822832,170.55521862427912,18910
188.07665991646996,170.3515457031825,18911
188.29222040753882,170.14836684077704,18912
188.50761236625925,169.94569481761954,18913
188.722821489669,169.74354239394037,18914
188.93783346459685,169.54192230680155,18915
189.1526339712071,169.3408472672506,18916
189.3672086865621,169.14032995747147,18917
189.58154328820066,168.9403830279351,18918
189.7956234577297,168.74101909455058,18919
190.0094348844275,168.54225073581972,18920
190.22296326885353,168.34409048999612,18921
190.43619432646557,168.14655085225164,18922
190.64911379123797,167.9496442718508,18923
190.86170741928132,167.75338314933657,18924
191.07396099245923,167.55777983372857,18925
191.28586032199973,167.362846619735,18926
191.49739125209888,167.1685957449822,18927
191.70853966351447,166.9750393872613,18928
191.9192914771455,166.78218966179554,18929
192.12963265759674,166.59005861852955,18930
192.3395492167245,166.3986582394425,18931
192.5490272171609,166.20800043588642,18932
192.75805277581526,166.0180970459526,18933
192.9666120673483,165.82895983186665,18934
193.17469132761855,165.64060047741492,18935
193.38227685709614,165.45303058540347,18936
193.5893550242443,165.26626167515107,18937
193.79591226886293,165.08030518001877,18938
194.00193510539503,164.89517244497674,18939
194.2074101261911,164.71087472421044,18940
194.41232400473066,164.5274231787674,18941
194.61666349879803,164.34482887424647,18942
194.82041545361042,164.16310277853066,18943
195.02356680489618,163.982255759565,18944
195.22610458192074,163.80229858318117,18945
195.42801591045875,163.6232419109696,18946
195.62928801571044,163.44509629820098,18947
195.82990822515941,163.26787219179784,18948
196.02986397137153,163.09157992835745,18949
196.2291427947319,162.91622973222786,18950
196.4277323461186,162.74183171363688,18951
196.62562038951233,162.56839586687624,18952
196.82279480453894,162.39593206854107,18953
197.01924358894485,162.22445007582576,18954
197.2149548610032,162.0539595248775,18955
197.40991686184964,161.88446992920757,18956
197.60411795774647,161.71599067816138,18957
197.79754664227426,161.54853103544843,18958
197.99019153844947,161.3821001377318,18959
198.18204140076753,161.21670699327845,18960
198.37308511717035,161.05236048067053,18961
198.56331171093728,160.88906934757836,18962
198.75271034249923,160.7268422095949,18963
198.94127031117475,160.5656875491326,18964
199.1289810568283,160.40561371438272,18965
199.31583216144932,160.24662891833654,18966
199.50181335065255,160.08874123787035,18967
199.68691449509882,159.93195861289203,18968
199.87112561183645,159.77628884555105,18969
200.0544368655627,159.621739599511,18970
200.2368385698055,159.46831839928433,18971
200.41832118802566,159.31603262963014,18972
200.59887533463913,159.1648895350134,18973
200.77849177596013,159.01489621912677,18974
200.95716143106492,158.8660596444733,18975
201.1348753725768,158.71838663201098,18976
201.31162482737267,158.5718838608574,18977
201.48740117721147,158.42655786805528,18978
201.6621959592855,158.28241504839733,18979
201.8360008666947,158.13946165431065,18980
202.0088077488448,157.99770379579928,18981
202.1806086117702,157.85714744044495,18982
202.35139561838216,157.7177984134651,18983
202.52116108864317,157.57966239782695,18984
202.6898974996687,157.44274493441793,18985
202.85759748575694,157.3070514222701,18986
203.02425383834753,157.17258711883952,18987
203.18985950591087,157.03935714033787,18988
203.35440759376843,156.90736646211684,18989
203.51789136384576,156.77661991910378,18990
203.680304234359,156.64712220628712,18991
203.84163977943655,156.51887787925148,18992
204.00189172867667,156.39189135476093,18993
204.16105396664278,156.26616691138946,18994
204.31912053229763,156.1417086901972,18995
204.47608561837765,156.01852069545217,18996
204.6319435707088,155.89660679539534,18997
204.78668888746583,155.775970723049,18998
204.94031621837573,155.6566160770661,18999
205.09282036386736,155.53854632262056,19000
205.24419627416856,155.42176479233635,19001
205.39443904835213,155.306274687255,19002
205.54354393333261,155.19207907783962,19003
205.6915063228147,155.07918090501488,19004
205.8383217561957,154.9675829812411,19005
205.9839859174228,154.85728799162192,19006
206.12849463380738,154.74829849504331,19007
206.271843874797,154.6406169253444,19008
206.41402975070832,154.5342455925167,19009
206.55504851142007,154.42918668393247,19010
206.6948965450301,154.3254422655997,19011
206.83357037647633,154.22301428344332,19012
206.97106666612413,154.12190456461093,19013
207.10738220832096,154.0221148188019,19014
207.24251392992073,153.92364663961882,19015
207.37645888877805,153.82650150594029,19016
207.5092142722158,153.7306807833131,19017
207.640777395465,153.6361857253634,19018
207.7711457000814,153.5430174752258,19019
207.90031675233766,153.45117706698812,19020
208.0282882415939,153.36066542715207,19021
208.15505797864824,153.2714833761078,19022
208.28062389406801,153.18363162962146,19023
208.40498403650304,153.09711080033514,19024
208.5281365709835,153.01192139927724,19025
208.6500797772023,152.92806383738267,19026
208.77081204778395,152.84553842702235,19027
208.89033188654147,152.76434538354,19028
209.00863790672233,152.6844848267957,19029
209.12572882924445,152.60595678271588,19030
209.24160348092397,152.528761184847,19031
209.35626079269582,152.45289787591432,19032
209.46969979782807,152.37836660938277,19033
209.58191963013152,152.3051670510201,19034
209.6929195221656,152.23329878046152,19035
209.80269880344136,152.16276129277412,19036
209.91125689862298,152.09355400002107,19037
210.018593325729,152.02567623282442,19038
210.12470769433347,151.95912724192564,19039
210.22959970376917,151.89390619974347,19040
210.33326914133275,151.83001220192767,19041
210.43571588049358,151.7674442689086,19042
210.53693987910654,151.7062013474421,19043
210.63694117763023,151.64628231214732,19044
210.73571989735086,151.58768596703962,19045
210.83327623861328,151.53041104705514,19046
210.92961047905908,151.47445621956822,19047
211.02472297187362,151.4198200859001,19048
211.11861414404157,151.36650118281918,19049
211.21128449461253,151.3144979840313,19050
211.30273459297703,151.26380890166027,19051
211.3929650771536,151.21443228771767,19052
211.48197665208755,151.16636643556186,19053
211.5697700879619,151.11960958134532,19054
211.65634621852155,151.07415990544993,19055
211.74170593941045,151.03001553391007,19056
211.825850206523,150.9871745398228,19057
211.90878003436976,150.9456349447448,19058
211.9904964944578,150.90539472007578,19059
212.0710007136871,150.86645178842784,19060
212.15029387276167,150.82880402498094,19061
212.22837720461774,150.792449258823,19062
212.30525199286797,150.75738527427617,19063
212.3809195702624,150.72360981220683,19064
212.4553813171673,150.69112057132088,19065
212.5286386600606,150.6599152094431,19066
212.6006930700458,150.62999134478056,19067
212.67154606138342,150.60134655716985,19068
212.74119919004127,150.57397838930802,19069
212.80965405226274,150.54788434796708,19070
212.87691228315413,150.52306190519153,19071
212.94297555529053,150.49950849947925,19072
213.00784557734147,150.47722153694534,19073
213.07152409271492,150.4561983924688,19074
213.13401287822134,150.4364364108219,19075
213.19531374275678,150.41793290778224,19076
213.25542852600591,150.40068517122745,19077
213.3143590971645,150.38469046221232,19078
213.37210735368168,150.36994601602814,19079
213.42867522002206,150.35644904324485,19080
213.48406464644762,150.34419673073484,19081
213.53827760781965,150.33318624267997,19082
213.59131610242042,150.32341472155974,19083
213.64318215079487,150.3148792891226,19084
213.69387779461195,150.30757704733907,19085
213.74340509554634,150.30150507933735,19086
213.7917661341796,150.29666045032076,19087
213.83896300892118,150.2930402084681,19088
213.88499783494956,150.29064138581575,19089
213.9298727431725,150.28946099912253,19090
213.97358987920748,150.2894960507168,19091
214.0161514023816,150.29074352932594,19092
214.05755948475073,150.29320041088852,19093
214.09781631013806,150.29686365934904,19094
214.13692407319246,150.30173022743523,19095
214.1748849784654,150.30779705741818,19096
214.2117012395072,150.31506108185516,19097
214.24737507798233,150.32351922431567,19098
214.28190872280348,150.33316840009007,19099
214.31530440928418,150.34400551688182,19100
214.34756437831024,150.35602747548242,19101
214.3786908755294,150.3692311704301,19102
214.40868615055925,150.3836134906518,19103
214.43755245621372,150.39917132008847,19104
214.4652920477468,150.41590153830452,19105
214.49190718211463,150.4338010210808,19106
214.5174001172552,150.45286664099123,19107
214.54177311138517,150.47309526796414,19108
214.56502842231464,150.4944837698272,19109
214.58716830677838,150.51702901283707,19110
214.60819501978455,150.54072786219305,19111
214.62811081398013,150.56557718253583,19112
214.6469179390327,150.59157383843075,19113
214.6646186410292,150.6187146948356,19114
214.68121516189038,150.64699661755418,19115
214.696709738802,150.67641647367424,19116
214.71110460366134,150.70697113199108,19117
214.7244019825398,150.73865746341673,19118
214.73660409516114,150.77147234137442,19119
214.7477131543948,150.80541264217877,19120
214.75773136576473,150.84047524540222,19121
214.76666092697295,150.87665703422712,19122
214.7745040274383,150.91395489578397,19123
214.78126284784952,150.95236572147653,19124
214.7869395597331,150.99188640729236,19125
214.7915363250351,151.03251385410113,19126
214.79505529571753,151.0742449679387,19127
214.79749861336833,151.11707666027888,19128
214.79886840882534,151.1610058482915,19129
214.79916680181364,151.20602945508818,19130
214.7983959005966,151.25214440995535,19131
214.7965578016401,151.29934764857435,19132
214.79365458928967,151.34763611322975,19133
214.78968833546082,151.39700675300475,19134
214.78466109934195,151.44745652396506,19135
214.7785749271099,151.49898238933037,19136
214.77143185165806,151.55158131963407,19137
214.76323389233644,151.6052502928714,19138
214.7539830547042,151.65998629463596,19139
214.74368133029418,151.71578631824448,19140
214.7323306963886,151.77264736485077,19141
214.7199331158074,151.83056644354818,19142
214.70649053670724,151.88954057146077,19143
214.69200489239242,151.94956677382416,19144
214.6764781011367,152.01064208405487,19145
214.65991206601643,152.07276354380946,19146
214.64230867475445,152.13592820303285,19147
214.62366979957497,152.20013311999622,19148
214.60399729706901,152.26537536132457,19149
214.58329300807046,152.33165200201412,19150
214.5615587575425,152.39896012543932,19151
214.53879635447456,152.4672968233503,19152
214.51500759178907,152.53665919586,19153
214.49019424625865,152.60704435142168,19154
214.46435807843304,152.67844940679683,19155
214.43750083257603,152.75087148701317,19156
214.40962423661202,152.82430772531362,19157
214.38073000208212,152.89875526309544,19158
214.35081982411015,152.97421124984038,19159
214.31989538137762,153.0506728430355,19160
214.28795833610832,153.12813720808487,19161
214.25501033406218,153.20660151821232,19162
214.22105300453802,153.28606295435537,19163
214.1860879603858,153.36651870504986,19164
214.15011679802734,153.4479659663066,19165
214.11314109748628,153.53040194147866,19166
214.075162422427,153.61382384112025,19167
214.03618232020182,153.6982288828374,19168
213.99620232190725,153.7836142911301,19169
213.9552239424488,153.8699772972255,19170
213.9132486806143,153.95731513890385,19171
213.87027801915553,154.04562506031553,19172
213.82631342487872,154.13490431179,19173
213.7813563487429,154.22515014963707,19174
213.73540822596692,154.31635983593983,19175
213.68847047614474,154.40853063833987,19176
213.64054450336857,154.50165982981443,19177
213.5916316963608,154.59574468844593,19178
213.54173342861333,154.69078249718385,19179
213.49085105853575,154.78677054359866,19180
213.43898592961094,154.8837061196284,19181
213.38613937055908,154.98158652131758,19182
213.33231269550956,155.08040904854883,19183
213.27750720418078,155.1801710047665,19184
213.22172418206813,155.28086969669366,19185
213.16496490063943,155.38250243404136,19186
213.10723061753885,155.48506652921066,19187
213.04852257679826,155.58855929698734,19188
212.98884200905673,155.69297805422974,19189
212.92819013178772,155.79832011954917,19190
212.86656814953423,155.90458281298353,19191
212.80397725415173,156.01176345566367,19192
212.74041862505902,156.11985936947286,19193
212.67589342949674,156.22886787669947,19194
212.61040282279393,156.33878629968257,19195
212.5439479486425,156.44961196045074,19196
212.47652993937908,156.5613421803543,19197
212.40814991627525,156.67397427969047,19198
212.3388089898355,156.7875055773221,19199
212.26850826010278,156.90193339028957,19200
212.1972488169723,157.01725503341635,19201
212.12503174051312,157.13346781890743,19202
212.05185810129757,157.25056905594204,19203
211.97772896073872,157.3685560502591,19204
211.90264537143568,157.48742610373685,19205
211.82660837752726,157.6071765139656,19206
211.74961901505304,157.7278045738146,19207
211.67167831232297,157.8493075709922,19208
211.59278729029498,157.9716827876,19209
211.51294696296034,158.09492749968064,19210
211.4321583377377,158.21903897675955,19211
211.35042241587468,158.34401448138064,19212
211.26774019285818,158.46985126863558,19213
211.18411265883265,158.59654658568743,19214
211.09954079902667,158.72409767128806,19215
211.0140255941878,158.85250175528975,19216
210.92756802102593,158.98175605815095,19217
210.8401690526648,159.11185779043578,19218
210.75182965910204,159.2428041523087,19219
210.66255080767775,159.3745923330224,19220
210.57233346355153,159.50721951040052,19221
210.4811785901878,159.640682850315,19222
210.38908714985024,159.77497950615725,19223
210.2960601041044,159.91010661830435,19224
210.20209841432916,160.04606131357963,19225
210.10720304223693,160.18284070470776,19226
210.01137495040248,160.32044188976477,19227
209.91461510280087,160.4588619516225,19228
209.8169244653538,160.59809795738815,19229
209.71830400648523,160.73814695783872,19230
209.6187546976856,160.87900598685013,19231
209.5182775140855,161.02067206082177,19232
209.41687343503776,161.16314217809563,19233
209.31454344470905,161.30641331837134,19234
209.21128853268044,161.4504824421157,19235
209.1071096945569,161.59534648996834,19236
209.00200793258648,161.7410023821419,19237
208.89598425628802,161.8874470178189,19238
208.7890396830886,162.03467727454304,19239
208.68117523897027,162.18269000760705,19240
208.57239195912572,162.33148204943612,19241
208.46269088862363,162.48105020896693,19242
208.35207308308327,162.63139127102335,19243
208.2405396093584,162.78250199568754,19244
208.12809154623088,162.9343791176678,19245
208.01472998511338,163.08701934566253,19246
207.9004560307616,163.24041936172097,19247
207.78527080199638,163.39457582059993,19248
207.66917543243466,163.54948534911784,19249
207.5521710712303,163.70514454550536,19250
207.43425888382453,163.8615499787529,19251
207.31544005270553,164.01869818795558,19252
207.19571577817777,164.17658568165507,19253
207.07508727914086,164.33520893717903,19254
206.95355579387768,164.49456439997797,19255
206.8311225808522,164.65464848296017,19256
206.7077889195167,164.81545756582386,19257
206.58355611112842,164.97698799438797,19258
206.4584254795755,165.13923607992075,19259
206.33239837221257,165.30219809846704,19260
206.2054761607054,165.46587029017348,19261
206.077660241885,165.63024885861338,19262
205.94895203861108,165.79532997010952,19263
205.8193530006443,165.96110975305672,19264
205.6888646055281,166.12758429724343,19265
205.55748835947938,166.29474965317272,19266
205.42522579828832,166.46260183138332,19267
205.2920784882268,166.63113680177005,19268
205.158048026966,166.80035049290493,19269
205.02313604450254,166.97023879135804,19270
204.8873442040933,167.1407975410195,19271
204.75067420319894,167.312022542422,19272
204.61312777443516,167.48390955206423,19273
204.4747066865333,167.65645428173576,19274
204.33541274530813,167.82965239784352,19275
204.19524779463416,168.0034995207398,19276
204.05421371742952,168.17799122405256,19277
203.91231243664785,168.35312303401776,19278
203.76954591627722,168.52889042881452,19279
203.62591616234704,168.70528883790283,19280
203.48142522394141,168.88231364136482,19281
203.3360751942199,169.05996016924894,19282
203.18986821144486,169.2382237009181,19283
203.0428064600154,169.41709946440187,19284
202.89489217150748,169.5965826357526,19285
202.74612762571994,169.77666833840678,19286
202.59651515172655,169.95735164255046,19287
202.44605712893383,170.13862756449092,19288
202.29475598814318,170.32049106603287,19289
202.14261421261892,170.50293705386125,19290
201.98963433916063,170.6859603789298,19291
201.83581895917945,170.8695558358566,19292
201.68117071977906,171.0537181623262,19293
201.52569232483975,171.23844203849904,19294
201.36938653610628,171.42372208642846,19295
201.2122561742781,171.60955286948584,19296
201.05430412010273,171.79592889179366,19297
200.89553331547089,171.98284459766808,19298
200.73594676451373,172.1702943710691,19299
200.5755475347009,172.35827253506213,19300
200.41433875794016,172.5467733512872,19301
200.25232363167706,172.73579101944046,19302
200.08950541999448,172.92531967676476,19303
199.92588745471224,173.11535339755176,19304
199.76147313648505,173.30588619265575,19305
199.59626593589962,173.49691200901822,19306
199.43026939456925,173.68842472920628,19307
199.26348712622624,173.8804181709618,19308
199.09592281781102,174.07288608676484,19309
198.9275802305576,174.26582216341043,19310
198.75846320107516,174.45922002159807,19311
198.58857564242416,174.65307321553675,19312
198.41792154518754,174.84737523256442,19313
198.24650497853568,175.04211949278192,19314
198.07433009128476,175.23729934870275,19315
197.90140111294753,175.43290808491915,19316
197.7277223547762,175.62893891778384,19317
197.55329821079667,175.82538499510957,19318
197.37813315883346,176.02223939588487,19319
197.20223176152413,176.2194951300077,19320
197.0255986673233,176.41714513803817,19321
196.8482386114949,176.6151822909679,19322
196.67015641709193,176.81359939001055,19323
196.49135699592358,177.01238916640997,19324
196.31184534950813,177.21154428126886,19325
196.13162657001124,177.4110573253973,19326
195.95070584116874,177.6109208191835,19327
195.7690884391936,177.81112721248235,19328
195.58677973366508,178.01166888452948,19329
195.40378518840043,178.2125381438739,19330
195.220110362308,178.41372722833515,19331
195.0357609102201,178.61522830498166,19332
194.85074258370568,178.81703347013348,19333
194.66506123186213,179.0191347493878,19334
194.47872280208395,179.2215240976694,19335
194.2917333408089,179.4241933993014,19336
194.10409899423996,179.62713446811148,19337
193.9158260090422,179.83033904754606,19338
193.72692073301428,180.0337988108288,19339
193.53738961573256,180.23750536112752,19340
193.34723920916792,180.4414502317617,19341
193.15647616827408,180.64562488642852,19342
192.96510725154627,180.85002071945965,19343
192.77313932154942,181.0546290560975,19344
192.58057934541503,181.25944115281152,19345
192.38743439530592,181.46444819763252,19346
192.19371164884745,181.66964131051836,19347
191.99941838952526,181.87501154374883,19348
191.80456200704737,182.08054988234989,19349
191.60914999767033,182.28624724454295,19350
191.4131899644892,182.49209448222868,19351
191.21668961768916,182.69808238149648,19352
191.01965677475863,182.90420166316522,19353
190.82209936066332,183.1104429833547,19354
190.6240254079792,183.31679693408535,19355
190.4254430569848,183.5232540439104,19356
190.22636055571127,183.72980477857732,19357
190.02678625994955,183.93643954172003,19358
189.82672863321363,184.14314867558252,19359
189.62619624665987,184.34992246177333,19360
189.42519777896035,184.5567511220512,19361
189.2237420161306,184.763624819141,19362
189.02183785131035,184.97053365758237,19363
188.819494284497,185.1774676846088,19364
188.61672042223094,185.38441689105866,19365
188.4135254772312,185.59137121231637,19366
188.20991876798288,185.7983205292866,19367
188.00590971827367,186.0052546693987,19368
187.80150785667973,186.212163407643,19369
187.5967228160004,186.41903646763814,19370
187.39156433264142,186.62586352272922,19371
187.1860422459454,186.83263419711793,19372
186.98016649746995,187.03933806702287,19373
186.77394713021226,187.24596466187054,19374
186.56739428778116,187.45250346551757,19375
186.36051821351393,187.6589439175028,19376
186.15332924953978,187.86527541433017,19377
185.94583783578946,188.07148731078024,19378
185.73805450894827,188.27756892125313,19379
185.52998990135714,188.48350952113947,19380
185.32165473985577,188.6892983482209,19381
185.11305984457314,188.89492460409915,19382
184.90421612766133,189.10037745565396,19383
184.69513459197557,189.30564603652797,19384
184.48582632969794,189.5107194486401,19385
184.27630252090734,189.71558676372504,19386
184.06657443209414,189.92023702490036,19387
183.85665341462044,190.12465924825906,19388
183.6465509031258,190.3288424244878,19389
183.4362784138799,190.53277552051034,19390
183.2258475430799,190.73644748115538,19391
183.01526996509673,190.93984723084807,19392
182.8045574306668,191.14296367532523,19393
182.5937217650329,191.3457857033727,19394
182.38277486603246,191.54830218858484,19395
182.17172870213574,191.75050199114537,19396
181.96059531043312,191.95237395962855,19397
181.7493867945731,192.1539069328201,19398
181.53811532265084,192.35508974155746,19399
181.3267931250514,192.555911210588,19400
181.11543249224167,192.7563601604445,19401
180.90404577252042,192.95642540933773,19402
180.69264536972207,193.15609577506413,19403
180.48124374087254,193.3553600769289,19404
180.26985339381167,193.5542071376826,19405
180.05848688475893,193.75262578547105,19406
179.84715681587858,193.95060485579745,19407
179.63587583270902,194.1481331934949,19408
179.42465662169522,194.34519965471014,19409
179.2135119075651,194.54179310889586,19410
179.00245445073324,194.7379024408111,19411
178.79149704464237,194.93351655252906,19412
178.58065251309435,195.1286243654511,19413
178.3699337075345,195.3232148223254,19414
178.159353504315,195.5172768892703,19415
177.94892480192883,195.71079955779956,19416
177.73866051821742,195.9037718468506,19417
177.52857358755648,196.09618280481246,19418
177.31867695801847,196.28802151155423,19419
177.10898358851378,196.4792770804514,19420
176.899506445916,196.66993866041017,19421
176.6902585021677,196.8599954378871,19422
176.48125273137347,197.04943663890532,19423
176.27250210687825,197.2382515310633,19424
176.06401959833673,197.4264294255376,19425
175.85581816877175,197.61395967907671,19426
175.64791077162653,197.80083169598572,19427
175.44031034781148,197.98703493010044,19428
175.2330298227478,198.17255888674987,19429
175.02608210341,198.357393124706,19430
174.81948007536923,198.54152725811917,19431
174.61323659983896,198.7249509584392,19432
174.40736451072584,198.9076539563195,19433
174.2018766116876,199.08962604350475,19434
173.9967856731993,199.27085707469936,19435
173.79210442963017,199.45133696941738,19436
173.5878455763343,199.63105571381124,19437
173.38402176675453,199.81000336247914,19438
173.18064560954483,199.98817004025,19439
172.97772966571017,200.1655459439445,19440
172.77528644576714,200.3421213441116,19441
172.57332840692766,200.51788658673956,19442
172.37186795030715,200.69283209494006,19443
172.17091741815798,200.8669483706049,19444
171.97048909113278,201.0402259960343,19445
171.77059518557635,201.2126556355358,19446
171.5712478508499,201.38422803699234,19447
171.37245916668886,201.5549340334001,19448
171.17424114059602,201.7247645443736,19449
170.97660570527142,201.8937105776183,19450
170.7795647160808,202.0617632303695,19451
170.58312994856445,202.22891369079707,19452
170.38731309598754,202.39515323937496,19453
170.19212576693383,202.56047325021476,19454
169.99757948294436,202.7248651923634,19455
169.80368567620158,202.88832063106315,19456
169.61045568726186,203.05083122897412,19457
169.4179007628359,203.21238874735874,19458
169.22603205361983,203.37298504722725,19459
169.03486061217768,203.53261209044362,19460
168.84439739087549,203.6912619407923,19461
168.65465323986987,203.84892676500417,19462
168.4656389051507,204.00559883374203,19463
168.27736502663907,204.16127052254527,19464
168.08984213634247,204.31593431273294,19465
167.90308065656663,204.46958279226521,19466
167.71709089818566,204.62220865656295,19467
167.53188305897132,204.7738047092851,19468
167.34746722198165,204.92436386306383,19469
167.1638533540097,205.07387914019694,19470
166.9810513040932,205.22234367329764,19471
166.79907080208534,205.36975070590177,19472
166.61792145728754,205.5160935930321,19473
166.4376127571435,205.66136580171954,19474
166.25815406599662,205.8055609114819,19475
166.07955462390953,205.9486726147596,19476
165.90182354554608,206.09069471730888,19477
165.72496981911726,206.231621138552,19478
165.54900230538942,206.37144591188544,19479
165.3739297367555,206.51016318494555,19480
165.19976071636995,206.64776721983208,19481
165.0265037173459,206.78425239328982,19482
164.8541670820155,206.91961319684896,19483
164.68275902125274,207.0538442369236,19484
164.5122876138584,207.18694023486995,19485
164.3427608060076,207.31889602700326,19486
164.17418641075807,207.4497065645749,19487
164.00657210762057,207.57936691370966,19488
163.8399254421896,207.70787225530322,19489
163.67425382583443,207.83521788488125,19490
163.50956453544998,207.96139921241942,19491
163.3458647132667,208.0864117621263,19492
163.18316136671902,208.21025117218778,19493
163.02146136837146,208.3329131944757,19494
162.86077145590212,208.4543936942195,19495
162.7010982321421,208.5746886496422,19496
162.5424481651706,208.69379415156178,19497
162.38482758846493,208.81170640295767,19498
162.22824270110388,208.92842171850347,19499
162.07269956802435,209.04393652406696,19500
161.91820412033005,209.15824735617696,19501
161.7647621556508,209.2713508614592,19502
161.6123793385523,209.38324379604063,19503
161.46106120099475,209.49392302492342,19504
161.3108131428395,209.60338552132984,19505
161.16164043240263,209.71162836601772,19506
161.0135482070546,209.81864874656824,19507
160.8665414738643,209.92444395664614,19508
160.72062511028713,210.0290113952337,19509
160.5758038648955,210.13234856583856,19510
160.43208235815064,210.23445307567675,19511
160.28946508321496,210.3353226348317,19512
160.147956406803,210.43495505538942,19513
160.00756057007086,210.53334825055174,19514
159.86828168954193,210.63050023372696,19515
159.73012375806866,210.7264091176001,19516
159.593090645828,210.82107311318268,19517
159.45718610135074,210.91449052884323,19518
159.3224137525824,211.00665976931927,19519
159.18877710797494,211.0975793347113,19520
159.0562795576083,211.18724781945983,19521
158.92492437434015,211.27566391130657,19522
158.79471471498277,211.3628263902397,19523
158.66565362150618,211.44873412742504,19524
158.53774402226594,211.533386084123,19525
158.41098873325484,211.61678131059261,19526
158.28539045937686,211.69891894498357,19527
158.16095179574253,211.7797982122162,19528
158.03767522898477,211.8594184228512,19529
157.91556313859328,211.93777897194917,19530
157.79461779826778,212.01487933792077,19531
157.67484137728687,212.09071908136863,19532
157.5562359418937,212.16529784392117,19533
157.43880345669587,212.2386153470596,19534
157.32254578607893,212.31067139093827,19535
157.20746469563244,212.38146585319961,19536
157.0935618535875,212.4509986877837,19537
156.9808388322651,212.5192699237341,19538
156.86929710953342,212.58627966399908,19539
156.7589380702741,212.65202808423086,19540
156.6497630078557,212.71651543158168,19541
156.54177312561413,212.77974202349841,19542
156.43496953833827,212.84170824651596,19543
156.32935327376074,212.90241455505017,19544
156.2249252740526,212.96186147019057,19545
156.12168639732033,213.0200495784939,19546
156.01963741910592,213.07697953077866,19547
155.91877903388766,213.1326520409214,19548
155.81911185658163,213.1870678846552,19549
155.72063642404277,213.24022789837093,19550
155.62335319656526,213.29213297792174,19551
155.52726255938072,213.34278407743113,19552
155.43236482415395,213.39218220810565,19553
155.33866023047588,213.44032843705168,19554
155.246148947352,213.4872238860978,19555
155.1548310746867,213.5328697306225,19556
155.0647066447623,213.57726719838794,19557
154.975775623712,213.6204175683799,19558
154.88803791298685,213.6623221696549,19559
154.80149335081543,213.70298238019404,19560
154.71614171365616,213.74239962576448,19561
154.63198271764128,213.78057537878908,19562
154.5490160200125,213.81751115722395,19563
154.46724122054746,213.85320852344444,19564
154.38665786297656,213.88766908314037,19565
154.30726543638988,213.92089448422013,19566
154.22906337663352,213.95288641572427,19567
154.15205106769503,213.9836466067488,19568
154.07622784307776,214.01317682537865,19569
154.00159298716343,214.04147887763102,19570
153.9281457365627,214.06855460640955,19571
153.85588528145308,214.0944058904689,19572
153.7848107669048,214.11903464339053,19573
153.71492129419295,214.14244281256939,19574
153.6462159220969,214.1646323782119,19575
153.57869366818576,214.18560535234576,19576
153.5123535100903,214.20536377784086,19577
153.44719438676032,214.22390972744265,19578
153.38321519970833,214.2412453028171,19579
153.32041481423846,214.25737263360773,19580
153.25879206066034,214.2722938765053,19581
153.1983457354885,214.28601121432945,19582
153.1390746026265,214.29852685512301,19583
153.08097739453586,214.3098430312591,19584
153.02405281338977,214.3199619985604,19585
152.96829953221092,214.32888603543182,19586
152.913716195994,214.33661744200555,19587
152.86030142281254,214.34315853929934,19588
152.80805380490975,214.34851166838746,19589
152.75697190977345,214.35267918958505,19590
152.70705428119518,214.35566348164525,19591
152.65829944031307,214.35746694096972,19592
152.6107058866389,214.35809198083214,19593
152.56427209906872,214.35754103061478,19594
152.51899653687767,214.35581653505886,19595
152.47487764069822,214.35292095352722,19596
152.43191383348267,214.34885675928106,19597
152.390103521449,214.34362643876938,19598
152.34944509501096,214.33723249093202,19599
152.3099369296917,214.32967742651545,19600
152.27157738702124,214.32096376740225,19601
152.2343648154182,214.3110940459534,19602
152.19829755105485,214.30007080436405,19603
152.16337391870667,214.2878965940321,19604
152.1295922325854,214.27457397494013,19605
152.0969507971567,214.26010551505013,19606
152.06544790794135,214.2444937897117,19607
152.035081852301,214.22774138108255,19608
152.00585091020812,214.20985087756264,19609
151.97775335500017,214.19082487324079,19610
151.95078745411803,214.17066596735404,19611
151.92495146982944,214.1493767637601,19612
151.90024365993634,214.12695987042216,19613
151.8766622784673,214.1034178989067,19614
151.8542055763547,214.07875346389363,19615
151.8328718020964,214.05296918269894,19616
151.81265920240278,214.02606767480987,19617
151.7935660228288,213.99805156143253,19618
151.77559050839065,213.96892346505166,19619
151.75873090416857,213.93868600900257,19620
151.7429854558943,213.90734181705565,19621
151.7283524105245,213.8748935130123,19622
151.7148300167994,213.84134372031332,19623
151.70241652578744,213.80669506165916,19624
151.6911101914157,213.7709501586419,19625
151.68090927098612,213.73411163138886,19626
151.67181202567818,213.69618209821817,19627
151.66381672103714,213.65716417530578,19628
151.65692162744935,213.61706047636395,19629
151.65112502060322,213.57587361233112,19630
151.64642518193756,213.53360619107326,19631
151.6428203990759,213.4902608170964,19632
151.6403089662478,213.44584009127038,19633
151.63888918469746,213.40034661056345,19634
151.63855936307877,213.35378296778816,19635
151.639317817838,213.30615175135816,19636
151.64116287358337,213.25745554505565,19637
151.64409286344247,213.20769692780956,19638
151.6481061294066,213.15687847348477,19639
151.65320102266344,213.1050027506815,19640
151.65937590391675,213.05207232254543,19641
151.66662914369442,212.99808974658814,19642
151.6749591226443,212.94305757451815,19643
151.68436423181825,212.88697835208183,19644
151.69484287294398,212.82985461891485,19645
151.70639345868568,212.77168890840358,19646
151.7190144128929,212.71248374755658,19647
151.7327041708377,212.6522416568862,19648
151.74746117944065,212.59096515029967,19649
151.76328389748554,212.5286567350006,19650
151.78017079582273,212.4653189113997,19651
151.7981203575616,212.40095417303547,19652
151.81713107825186,212.3355650065046,19653
151.83720146605404,212.26915389140143,19654
151.85833004189914,212.20172330026764,19655
151.88051533963747,212.13327569855082,19656
151.9037559061769,212.06381354457235,19657
151.92805030161068,211.9933392895052,19658
151.95339709933464,211.92185537736003,19659
151.97979488615385,211.8493642449816,19660
152.00724226237918,211.77586832205313,19661
152.03573784191377,211.70137003111074,19662
152.06528025232865,211.6258717875663,19663
152.09586813492896,211.54937599973945,19664
152.12750014480983,211.4718850688985,19665
152.16017495090207,211.39340138931038,19666
152.19389123600828,211.31392734829916,19667
152.228647696829,211.2334653263133,19668
152.26444304397862,211.15201769700224,19669
152.30127600199225,211.06958682730072,19670
152.33914530932225,210.9861750775227,19671
152.37804971832531,210.9017848014633,19672
152.41798799524005,210.81641834650952,19673
152.45895892015466,210.73007805375966,19674
152.5009612869653,210.64276625815074,19675
152.54399390332478,210.55448528859523,19676
152.5880555905819,210.46523746812537,19677
152.6331451837111,210.3750251140466,19678
152.67926153123292,210.2838505380989,19679
152.72640349512483,210.19171604662696,19680
152.7745699507227,210.09862394075813,19681
152.82375978661307,210.00457651658942,19682
152.87397190451566,209.90957606538205,19683
152.92520521915688,209.81362487376492,19684
152.97745865813386,209.71672522394599,19685
153.03073116176893,209.6188793939321,19686
153.08502168295507,209.52008965775693,19687
153.1403291869918,209.4203582857171,19688
153.1966526514118,209.31968754461693,19689
153.2539910657979,209.21807969802074,19690
153.31234343159122,209.11553700651402,19691
153.3717087618894,209.0120617279722,19692
153.43208608123564,208.9076561178382,19693
153.49347442539838,208.80232242940764,19694
153.55587284114137,208.6960629141224,19695
153.61928038598452,208.5888798218726,19696
153.6836961279549,208.48077540130637,19697
153.74911914532836,208.37175190014815,19698
153.81554852636202,208.26181156552477,19699
153.88298336901647,208.15095664430004,19700
153.95142278066854,208.03918938341738,19701
154.020865877815,207.9265120302507,19702
154.0913117857657,207.8129268329632,19703
154.1627596383275,207.69843604087475,19704
154.23520857747815,207.58304190483716,19705
154.3086577530307,207.46674667761778,19706
154.38310632228746,207.3495526142912,19707
154.45855344968442,207.23146197263932,19708
154.53499830642565,207.1124770135594,19709
154.61244007010748,206.99260000148047,19710
154.69087792433257,206.87183320478806,19711
154.77031105831418,206.75017889625687,19712
154.85073866646954,206.62763935349207,19713
154.93215994800372,206.50421685937832,19714
155.01457410648237,206.3799137025376,19715
155.09798034939462,206.25473217779492,19716
155.18237788770523,206.12867458665247,19717
155.26776593539614,206.0017432377719,19718
155.35414370899773,205.87394044746497,19719
155.44151042710868,205.74526854019243,19720
155.52986530990597,205.6157298490713,19721
155.61920757864317,205.4853267163903,19722
155.7095364551387,205.3540614941335,19723
155.8008511612521,205.2219365445124,19724
155.89315091835,205.08895424050638,19725
155.98643494676082,204.9551169664111,19726
156.08070246521783,204.8204271183956,19727
156.17595269029167,204.68488710506725,19728
156.27218483581046,204.54849934804528,19729
156.36939811226972,204.4112662825426,19730
156.4675917262296,204.27319035795549,19731
156.5667648797015,204.13427403846202,19732
156.66691676952215,203.9945198036283,19733
156.76804658671674,203.85393014902328,19734
156.87015351584972,203.71250758684147,19735
156.9732367343638,203.57025464653398,19736
157.07729541190741,203.42717387544758,19737
157.18232870964945,203.2832678394722,19738
157.28833577958258,203.1385391236961,19739
157.39531576381404,202.99299033306923,19740
157.50326779384434,202.84662409307512,19741
157.6121909898337,202.69944305040985,19742
157.72208445985603,202.55144987366972,19743
157.83294729914076,202.40264725404654,19744
157.94477858930222,202.25303790603064,19745
158.0575773975561,202.10262456812197,19746
158.17134277592385,201.9514100035488,19747
158.28607376042456,201.79939700099393,19748
158.4017693702537,201.6465883753288,19749
158.51842860694978,201.49298696835504,19750
158.63605045354805,201.3385956495533,19751
158.75463387372136,201.1834173168397,19752
158.87417781090863,201.02745489732948,19753
158.99468118743053,200.87071134810785,19754
159.11614290359205,200.7131896570079,19755
159.2385618367728,200.5548928433955,19756
159.3619368405041,200.39582395896136,19757
159.48626674353378,200.23598608851933,19758
159.61155034887784,200.07538235081188,19759
159.73778643285968,199.91401589932178,19760
159.86497374413648,199.75188992309032,19761
159.99311100271308,199.5890076475416,19762
160.12219689894295,199.42537233531314,19763
160.25223009251707,199.26098728709226,19764
160.38320921144,199.09585584245838,19765
160.51513285099355,198.9299813807306,19766
160.64799957268812,198.7633673218211,19767
160.78180790320184,198.5960171270936,19768
160.9165563333076,198.42793430022664,19769
161.05224331678767,198.2591223880822,19770
161.18886726933698,198.08958498157824,19771
161.32642656745398,197.91932571656642,19772
161.46491954732033,197.74834827471315,19773
161.60434450366856,197.57665638438547,19774
161.74469968863892,197.40425382153958,19775
161.8859833106246,197.23114441061372,19776
162.0281935331063,197.05733202542356,19777
162.17132847347574,196.88282059006082,19778
162.31538620184853,196.70761407979418,19779
162.4603647398673,196.53171652197253,19780
162.60626205949382,196.3551319969305,19781
162.75307608179205,196.17786463889507,19782
162.90080467570115,195.99991863689408,19783
163.04944565679938,195.82129823566507,19784
163.19899678605893,195.64200773656526,19785
163.3494557685922,195.46205149848174,19786
163.50082025238967,195.28143393874112,19787
163.65308782704977,195.10015953401893,19788
163.8062560225011,194.91823282124827,19789
163.96032230771758,194.73565839852682,19790
164.1152840894266,194.5524409260223,19791
164.27113871081113,194.36858512687581,19792
164.42788345020503,194.18409578810198,19793
164.58551551978397,193.99897776148717,19794
164.74403206425046,193.81323596448283,19795
164.9034301595149,193.62687538109572,19796
165.0637068113721,193.43990106277323,19797
165.22485895417475,193.25231812928382,19798
165.38688344950398,193.06413176959174,19799
165.5497770848373,192.87534724272567,19800
165.71353657221474,192.6859698786411,19801
165.87815854690442,192.4960050790752,19802
166.04363956606704,192.3054583183937,19803
166.2099761074207,192.11433514443044,19804
166.37716456790682,191.9226411793165,19805
166.54520126235712,191.7303821203015,19806
166.7140824221635,191.53756374056354,19807
166.88380419395034,191.34419189000874,19808
167.0543626382509,191.1502724960599,19809
167.22575372818835,190.95581156443248,19810
167.39797334816183,190.7608151798982,19811
167.57101729253893,190.56528950703554,19812
167.7448812643555,190.36924079096548,19813
167.91956087402278,190.17267535807358,19814
168.0950516380437,189.9755996167159,19815
168.27134897773908,189.77802005790932,19816
168.44844821798398,189.57994325600407,19817
168.62634458595616,189.38137586934056,19818
168.80503320989678,189.18232464088595,19819
168.98450911788487,188.98279639885314,19820
169.16476723662643,188.7827980572993,19821
169.34580239025894,188.5823366167042,19822
169.5276092991725,188.38141916452713,19823
169.71018257884933,188.1800528757421,19824
169.8935167387211,187.97824501334986,19825
170.07760618104703,187.77600292886655,19826
170.26244519981256,187.57333406278812,19827
170.44802797965053,187.37024594502955,19828
170.63434859478514,187.16674619533805,19829
170.82140100800123,186.96284252367965,19830
171.0091790696383,186.75854273059872,19831
171.19767651661215,186.55385470754837,19832
171.38688697146384,186.34878643719236,19833
171.57680394143875,186.14334599367763,19834
171.7674208175953,185.9375415428752,19835
171.95873087394594,185.7313813425902,19836
172.15072726663067,185.5248737427399,19837
172.3434030331251,185.31802718549832,19838
172.53675109148367,185.11085020540756,19839
172.73076423961942,184.90335142945446,19840
172.9254351546222,184.69553957711165,19841
173.1207563921156,184.4874234603436,19842
173.31672038565424,184.27901198357458,19843
173.5133194461628,184.0703141436203,19844
173.71054576141873,183.86133902958125,19845
173.90839139557747,183.6520958226959,19846
174.10684828874477,183.44259379615627,19847
174.3059082565944,183.232842314882,19848
174.50556299003426,183.02285083525348,19849
174.7058040549217,182.81262890480403,19850
174.90662289182796,182.60218616186924,19851
175.10801081585566,182.39153233519477,19852
175.30995901650726,182.18067724349885,19853
175.5124585576081,181.96963079499224,19854
175.71550037728412,181.7584029868541,19855
175.91907528799535,181.54700390466104,19856
176.12317397662582,181.3354437217713,19857
176.3277870046328,181.1237326986656,19858
176.53290480825325,180.9118811822379,19859
176.7385176987722,180.6998996050399,19860
176.94461586285075,180.4877984844812,19861
177.15118936291606,180.2755884219778,19862
177.35822813761374,180.06328010206437,19863
177.56572200232617,179.8508842914243,19864
177.7736606497511,179.6384118379214,19865
177.98203365054894,179.4258736695545,19866
178.19083045405415,179.21328079335208,19867
178.40004038905394,179.00064429424285,19868
178.60965266463228,178.78797533386137,19869
178.81965637108433,178.57528514931494,19870
179.03004048089744,178.36258505189068,19871
179.2407938498008,178.14988642572354,19872
179.4519052178821,177.93720072640602,19873
179.66336321078035,177.72453947955634,19874
179.87515634093884,177.5119142793339,19875
180.08727300893105,177.2993367869072,19876
180.29970150487966,177.08681872887226,19877
180.51243000988512,176.8743718956246,19878
180.72544659759876,176.66200813968206,19879
180.9387392358122,176.44973937396117,19880
181.152295788145,176.2375775700046,19881
181.36610401578676,176.0255347561649,19882
181.58015157931663,175.8136230157395,19883
181.79442604059113,175.60185448506203,19884
182.00891486469754,175.39024135154727,19885
182.22360542198007,175.17879585169362,19886
182.43848499013103,174.9675302690399,19887
182.65354075634946,174.75645693208185,19888
182.868759819568,174.54558821214417,19889
183.08412919274338,174.33493652121348,19890
183.29963580521388,174.1245143097298,19891
183.5152665051191,173.91433406433958,19892
183.73100806188387,173.70440830560966,19893
183.94684716876358,173.49474958570497,19894
184.16277044545149,173.28537048602922,19895
184.37876444074365,173.07628361483125,19896
184.59481563526379,172.86750160477717,19897
184.81091044424446,172.6590371104904,19898
185.02703522036416,172.45090280605976,19899
185.2431762566378,172.24311138251804,19900
185.45931978936034,172.0356755452919,19901
185.67545200110024,171.8286080116244,19902
185.89155902374364,171.62192150797168,19903
186.10762694158348,171.4156287673756,19904
186.32364179445594,171.20974252681313,19905
186.53958958091988,171.00427552452504,19906
186.7554562614773,170.79924049732415,19907
186.97122776183366,170.59465017788625,19908
187.18688997619577,170.39051729202396,19909
187.40242877060467,170.18685455594624,19910
187.61782998630153,169.98367467350454,19911
187.8330794431247,169.78099033342767,19912
188.0481629429345,169.5788142065473,19913
188.26306627306545,169.37715894301496,19914
188.47777520980094,169.17603716951393,19915
188.69227552186993,168.9754614864658,19916
188.90655297396273,168.77544446523555,19917
189.1205933302626,168.57599864533512,19918
189.33438235799196,168.37713653162922,19919
189.54790583096906,168.17887059154313,19920
189.76114953317438,167.981213252276,19921
189.97409926232248,167.7841768980212,19922
190.18674083343805,167.5877738671946,19923
190.3990600824323,167.392016449674,19924
190.61104286967822,167.19691688405038,19925
190.8226750835814,167.0024873548939,19926
191.03394264414376,166.80873999003552,19927
191.24483150651812,166.61568685786668,19928
191.45532766455014,166.42333996465874,19929
191.66541715430608,166.23171125190387,19930
191.8750860575824,166.04081259367936,19931
192.08432050539642,165.85065579403667,19932
192.29310668145334,165.66125258441767,19933
192.50143082558913,165.4726146210995,19934
192.70927923718517,165.28475348266917,19935
192.91663827855345,165.09768066753065,19936
193.1234943782883,164.91140759144525,19937
193.3298340345846,164.7259455851072,19938
193.53564381851712,164.5413058917561,19939
193.7409103772813,164.35749966482743,19940
193.94562043739185,164.17453796564308,19941
194.14976080783688,163.9924317611433,19942
194.353318383186,163.8111919216608,19943
194.55628014664995,163.63082921873925,19944
194.7586331730893,163.45135432299756,19945
194.96036463197117,163.2727778020399,19946
195.16146179027092,163.09511011841454,19947
195.36191201531778,162.91836162762132,19948
195.56170277758204,162.74254257616957,19949
195.76082165340247,162.56766309968737,19950
195.95925632765193,162.39373322108298,19951
196.1569945963399,162.2207628487599,19952
196.35402436914993,162.04876177488634,19953
196.55033367191143,161.8777396737192,19954
196.74591064900326,161.70770609998488,19955
196.9407435656885,161.53867048731638,19956
197.13482081037952,161.37064214674783,19957
197.3281308968313,161.20363026526735,19958
197.5206624662628,161.03764390442834,19959
197.71240428940442,160.8726919990204,19960
197.90334526847215,160.70878335579926,19961
198.09347443906583,160.54592665227779,19962
198.2827809719922,160.38413043557637,19963
198.4712541750115,160.2234031213351,19964
198.6588834945067,160.06375299268612,19965
198.8456585170759,159.9051881992877,19966
199.0315689710462,159.7477167564194,19967
199.2166047279103,159.59134654413867,19968
199.40075580368358,159.4360853064988,19969
199.58401236018355,159.28194065082832,19970
199.76636470623012,159.12892004707155,19971
199.9478032987675,158.97703082719025,19972
200.12831874390733,158.82628018462628,19973
200.3079017978934,158.67667517382472,19974
200.48654336798842,158.5282227098176,19975
200.66423451328237,158.38092956786727,19976
200.84096644542387,158.23480238316947,19977
201.01673052927407,158.08984765061567,19978
201.19151828348416,157.94607172461377,19979
201.36532138099656,157.8034808189669,19980
201.53813164947115,157.66208100680996,19981
201.7099410716362,157.52187822060245,19982
201.88074178556613,157.38287825217802,19983
202.0505260848854,157.24508675284926,19984
202.21928641890068,157.10850923356685,19985
202.38701539266137,156.9731510651332,19986
202.55370576694992,156.83901747846875,19987
202.71935045820283,156.70611356493058,19988
202.88394253836339,156.57444427668227,19989
203.0474752346671,156.4440144271145,19990
203.20994192936163,156.31482869131472,19991
203.37133615936133,156.18689160658533,19992
203.53165161583874,156.06020757300965,19993
203.6908821437537,155.93478085406397,19994
203.84902174132134,155.8106155772754,19995
204.00606455942082,155.6877157349235,19996
204.16200490094548,155.56608518478572,19997
204.31683722009643,155.44572765092474,19998
204.47055612162052,155.32664672451668,19999
