angle1,angle2,step
90.0,270.0,0
90.44385240912493,269.5788106588252,1
90.88582453089073,269.1596626053544,2
91.32584590549547,268.7426272585719,3
91.76384818602605,268.3277740499591,4
92.19976516422295,267.9151703930166,5
92.63353279158711,267.50488165707486,6
93.06508919592193,267.0969711453298,7
93.4943746934178,266.6915000770274,8
93.92133179639784,266.2885275737081,9
94.3459052168553,265.88811064941365,10
94.76804186592311,265.49030420474503,11
95.18769084942458,265.0951610246553,12
95.60480345966249,264.70273177984944,13
96.01933316361071,264.31306503165825,14
96.43123558767748,263.9262072402464,15
96.84046849921488,263.5422027760079,16
97.24699178495229,263.16109393400137,17
97.65076742653402,262.78292095126903,18
98.05175947334361,262.40772202688424,19
98.44993401279744,262.03553334456933,20
98.8452591382907,261.66638909772297,21
99.23770491497757,261.3003215166982,22
99.62724334356622,260.93736089817014,23
100.01384832230644,260.5775356364349,24
100.39749560734562,260.2208722564824,25
100.77816277162391,259.86739544868664,26
101.15582916247698,259.5171281049621,27
101.530475858109,259.1700913562354,28
101.9020856230941,258.8263046110859,29
102.27064286305925,258.48578559541437,30
102.63613357869563,258.14855039300045,31
102.99854531923992,257.81461348681546,32
103.35786713556078,257.48398780096346,33
103.71408953297954,257.15668474312463,34
104.0672044239474,256.8327142473855,35
104.41720508069574,256.5120848173407,36
104.76408608796837,256.19480356936003,37
105.10784329593956,255.8808762759193,38
105.44847377341367,255.57030740889724,39
105.78597576139667,255.26310018274953,40
106.12034862712304,254.95925659747348,41
106.4515928186155,254.65877748128486,42
106.7797098198484,254.36166253293177,43
107.10470210658035,254.06791036357777,44
107.42657310291456,253.77751853819072,45
107.74532713864131,253.4904836163787,46
108.06096940740979,253.2068011926197,47
108.3735059257726,252.92646593583794,48
108.68294349314024,252.6494716282813,49
108.9892896526784,252.37581120366275,50
109.29255265317643,252.1054767845295,51
109.59274141191027,251.83845971883045,52
109.8898654785196,251.5747506156546,53
110.18393499991477,251.31433938011864,54
110.4749606862251,251.05721524738345,55
110.76295377779701,250.803366815785,56
111.04792601324675,250.55278207906645,57
111.3298895985699,250.30544845770274,58
111.60885717730638,250.06135282931027,59
111.88484180175753,249.82048155813877,60
112.15785690524923,249.58282052364348,61
112.42791627543255,249.3483551481387,62
112.69503402861186,249.11707042353615,63
112.9592245850877,248.8889509371725,64
113.220502645501,248.6639808967343,65
113.47888316816272,248.4421441542875,66
113.73438134735224,248.2234242294226,67
113.98701259256642,248.00780433152713,68
114.23679250870008,247.79526738119716,69
114.48373687713797,247.5857960308026,70
114.72786163773706,247.37937268422172,71
114.96918287167797,247.17597951575885,72
115.20771678516289,246.97559848826344,73
115.44347969393763,246.77821137046743,74
115.67648800861507,246.5837997535576,75
115.90675822077604,246.3923450670029,76
116.13430688982481,246.203828593654,77
116.35915063057548,246.01823148413465,78
116.58130610154552,245.83553477054386,79
116.80078999393285,245.65571937948886,80
117.01761902125341,245.47876614446753,81
117.23180990961545,245.30465581762041,82
117.44337938860775,245.13336908087172,83
117.65234418277866,244.96488655647897,84
117.85872100368351,244.7991888170102,85
118.06252654247838,244.6362563947692,86
118.2637774630378,244.47606979068627,87
118.46249039557539,244.31860948269505,88
118.65868193074635,244.16385593361287,89
118.85236861421053,244.0117895985436,90
119.04356694163693,243.86239093182132,91
119.23229335412883,243.71564039351233,92
119.41856423405125,243.5715184554929,93
119.60239590124125,243.43000560712036,94
119.78380460958348,243.29108236051434,95
119.9628065439327,243.1547292554637,96
120.1394178173664,243.02092686397685,97
120.31365446875057,242.88965579448973,98
120.4855324606029,242.7608966957475,99
120.655067677237,242.63463026037462,100
120.8222759231731,242.51083722814792,101
120.98717292180018,242.38949838898702,102
121.14977431427569,242.27059458567518,103
121.31009565864879,242.15410671632483,104
121.46815242919435,242.04001573659986,105
121.6239600159447,241.92830266170765,106
121.77753372440695,241.81894856817337,107
121.9288887754543,241.71193459540714,108
122.07804030537979,241.60724194707691,109
122.2250033661017,241.50485189229695,110
122.36979292551031,241.404745766643,111
122.51242386794577,241.3069049730042,112
122.65291099479762,241.21131098228255,113
122.79126902521668,241.11794533394752,114
122.92751259693073,241.02678963645704,115
123.06165626715513,240.93782556755298,116
123.19371451359083,240.85103487443874,117
123.32370173550149,240.76639937384888,118
123.45163225486311,240.6839009520171,119
123.57752031757835,240.60352156455096,120
123.70138009474937,240.52524323622055,121
123.8232256840027,240.44904806066774,122
123.94307111085999,240.37491820004297,123
124.06093033014899,240.30283588457561,124
124.17681722744899,240.23278341208461,125
124.29074562056604,240.1647431474347,126
124.40272926103232,240.09869752194393,127
124.51278183562552,240.03462903274786,128
124.62091696790341,239.97252024212577,129
124.72714821974967,239.9123537767932,130
124.8314890929267,239.85411232716572,131
124.93395303063197,239.79777864659857,132
125.0345534190539,239.7433355506058,133
125.13330358892439,239.69076591606336,134
125.23021681706452,239.64005268039958,135
125.32530632792056,239.59117884077676,136
125.41858529508745,239.54412745326738,137
125.51006684281712,239.4988816320275,138
125.5997640475093,239.45542454847154,139
125.68768993918222,239.4137394304493,140
125.77385750292144,239.373809561431,141
125.85827968030459,239.33561827969874,142
125.94096937079995,239.29914897755103,143
126.02193943313766,239.2643851005189,144
126.10120268665149,239.2313101465984,145
126.17877191258978,239.19990766549972,146
126.2546598553944,239.17016125791523,147
126.32887922394619,239.14205457480847,148
126.40144269277606,239.11557131672512,149
126.47236290324025,239.09069523312718,150
126.54165246465934,239.06741012175277,151
126.60932395541965,239.04569982800092,152
126.67538992403688,239.02554824434452,153
126.73986289018046,239.00693930977033,154
126.80275534565892,238.9898570092487,155
126.8640797553653,238.9742853732325,156
126.923848558182,238.9602084771864,157
126.98207416784527,238.94761044114784,158
127.03876897376851,238.9364754293181,159
127.09394534182438,238.92678764968707,160
127.14761561508566,238.91853135368842,161
127.19979211452448,238.91169083588878,162
127.25048713967021,238.90625043370875,163
127.29971296922564,238.90219452717741,164
127.34748186164194,238.89950753871915,165
127.39380605565202,238.89817393297392,166
127.43869777076307,238.8981782166504,167
127.48216920770776,238.8995049384115,168
127.52423254885494,238.902138688793,169
127.56489995857996,238.90606410015465,170
127.60418358359472,238.91126584666267,171
127.64209555323804,238.91772864430524,172
127.67864797972696,238.92543725093853,173
127.71385295836863,238.93437646636454,174
127.7477225677344,238.94453113243898,175
127.78026886979545,238.95588613321013,176
127.81150391002146,238.96842639508654,177
127.84143971744203,238.9821368870347,178
127.87008830467244,238.99700262080466,179
127.89746166790302,239.0130086511842,180
127.92357178685435,239.03014007627965,181
127.94843062469722,239.0483820378245,182
127.97205012793981,239.06771972151265,183
127.99444222628104,239.08813835735853,184
128.01561883243235,239.10962322008024,185
128.03559184190757,239.13215962950815,186
128.05437313278196,239.15573295101507,187
128.07197456542136,239.18032859596994,188
128.08840798218202,239.20593202221255,189
128.103685207082,239.2325287345491,190
128.11781804544486,239.26010428526743,191
128.13081828351633,239.28864427467178,192
128.1426976880551,239.3181343516356,193
128.1534680058984,239.34856021417167,194
128.16314096350303,239.37990761001902,195
128.17172826646302,239.41216233724543,196
128.1792415990043,239.4453102448648,197
128.18569262345798,239.47933723346867,198
128.19109297971204,239.5142292558703,199
128.19545428464343,239.54997231776224,200
128.19878813153062,239.58655247838374,201
128.2011060894477,239.62395585119984,202
128.2024197026411,239.66216860458994,203
128.20274048988958,239.70117696254445,204
128.2020799438483,239.7409672053706,205
128.20044953037814,239.7815256704044,206
128.19786068786084,239.822838752729,207
128.1943248265008,239.8648929058992,208
128.1898533276148,239.9076746426695,209
128.1844575429099,239.95117053572645,210
128.17814879375098,239.99536721842432,211
128.17093837041824,240.04025138552203,212
128.16283753135582,240.0858097939223,213
128.15385750241228,240.1320292634104,214
128.1440094760737,240.17889667739405,215
128.1333046106905,240.22639898364076,216
128.1217540296982,240.27452319501452,217
128.10936882083362,240.32325639020985,218
128.09616003534688,240.3725857144821,219
128.08213868721,240.42249838037486,220
128.06731575232322,240.47298166844146,221
128.05170216771916,240.52402292796216,222
128.03530883076638,240.5756095776555,223
128.01814659837225,240.6277291063819,224
128.00022628618672,240.68036907384138,225
127.98155866780682,240.7335171112625,226
127.9621544739833,240.7871609220831,227
127.94202439182983,240.84128828262234,228
127.92117906403514,240.89588704274254,229
127.89962908807955,240.95094512650115,230
127.87738501545564,241.00645053279214,231
127.8544573508943,241.06239133597578,232
127.83085655159654,241.11875568649708,233
127.80659302647173,241.17553181149205,234
127.78167713538284,241.2327080153807,235
127.75611918839931,241.29027268044788,236
127.72992944505793,241.34821426740956,237
127.7031181136326,241.40652131596613,238
127.67569535041315,241.4651824453406,239
127.64767125899392,241.52418635480248,240
127.61905588957268,241.58352182417676,241
127.58985923826012,241.64317771433684,242
127.56009124640053,241.70314296768274,243
127.52976179990414,241.76340660860234,244
127.49888072859154,241.8239577439169,245
127.46745780555047,241.88478556331,246
127.43550274650546,241.9458793397395,247
127.40302520920078,242.00722842983257,248
127.37003479279699,242.0688222742636,249
127.33654103728139,242.13065039811454,250
127.30255342289267,242.19270241121782,251
127.26808136956032,242.2549680084814,252
127.23313423635878,242.31743697019618,253
127.19772132097671,242.3800991623249,254
127.16185185920199,242.44294453677372,255
127.12553502442188,242.5059631316449,256
127.08877992713951,242.56914507147152,257
127.05159561450625,242.63248056743402,258
127.0139910698705,242.69595991755816,259
126.97597521234285,242.75957350689464,260
126.93755689637798,242.82331180768054,261
126.89874491137327,242.88716537948196,262
126.85954798128446,242.9511248693189,263
126.81997476425823,243.01518101177095,264
126.780033852282,243.0793246290657,265
126.73973377085088,243.1435466311482,266
126.69908297865209,243.20783801573253,267
126.65808986726661,243.2721898683351,268
126.61676276088828,243.3365933622905,269
126.57510991606027,243.40103975874874,270
126.5331395214292,243.4655204066556,271
126.49085969751648,243.5300267427147,272
126.44827849650727,243.59455029133207,273
126.40540390205672,243.65908266454448,274
126.36224382911388,243.72361556192897,275
126.31880612376247,243.78814077049714,276
126.27509856307944,243.85265016457106,277
126.23112885501031,243.9171357056441,278
126.18690463826209,243.98158944222422,279
126.14243348221267,244.04600350966157,280
126.09772288683762,244.1103701299604,281
126.05278028265354,244.17468161157464,282
126.00761303067819,244.23893034918848,283
125.96222842240704,244.30310882348158,284
125.91663367980638,244.36720960087908,285
125.87083595532263,244.43122533328733,286
125.82484233190758,244.49514875781443,287
125.77865982305974,244.5589726964774,288
125.73229537288134,244.62269005589476,289
125.68575585615082,244.68629382696545,290
125.63904807841067,244.74977708453497,291
125.59217877607057,244.8131329870478,292
125.54515461652524,244.87635477618701,293
125.49798219828709,244.9394357765018,294
125.45066805113348,245.0023693950223,295
125.40321863626802,245.0651491208629,296
125.35564034649606,245.1277685248135,297
125.307939506414,245.19022125891948,298
125.26012237261205,245.25250105605116,299
125.21219513389023,245.31460172946166,300
125.16416391148766,245.37651717233513,301
125.11603475932442,245.43824135732453,302
125.06781366425598,245.49976833607917,303
125.01950654634003,245.5610922387637,304
124.97111925911517,245.62220727356708,305
124.92265758989139,245.68310772620285,306
124.87412726005195,245.74378795940132,307
124.82553392536653,245.80424241239257,308
124.77688317631537,245.8644656003824,309
124.72818053842374,245.92445211401994,310
124.67943147260709,245.9841966188583,311
124.63064137552612,246.0436938548081,312
124.58181557995164,246.10293863558397,313
124.53295935513901,246.16192584814493,314
124.4840779072117,246.22065045212855,315
124.43517637955402,246.27910747927905,316
124.38625985321212,246.33729203287,317
124.33733334730397,246.39519928712176,318
124.2884018194367,246.4528244866138,319
124.2394701661325,246.51016294569231,320
124.1905432232615,246.56721004787354,321
124.14162576648224,246.62396124524298,322
124.092722511689,246.6804120578504,323
124.04383811546592,246.73655807310152,324
123.99497717554733,246.79239494514627,325
123.94614423128472,246.84791839426413,326
123.89734376411896,246.90312420624636,327
123.84858019805878,246.95800823177595,328
123.7998579001642,247.01256638580506,329
123.7511811810352,247.06679464693067,330
123.7025542953051,247.12068905676796,331
123.65398144213884,247.1742457193228,332
123.60546676573529,247.22746080036234,333
123.55701435583353,247.2803305267845,334
123.50862824822346,247.33285118598712,335
123.46031242525933,247.38501912523594,336
123.41207081637717,247.4368307510323,337
123.36390729861499,247.48828252848065,338
123.31582569713579,247.5393709806563,339
123.26782978575352,247.59009268797251,340
123.21992328746117,247.64044428754946,341
123.17210987496097,247.69042247258213,342
123.12439317119673,247.74002399171025,343
123.07677674988798,247.78924564838863,344
123.02926413606514,247.83808430025866,345
122.98185880660671,247.88653685852142,346
122.93456419077687,247.9346002873121,347
122.88738367076438,247.98227160307582,348
122.84032058222215,248.02954787394611,349
122.79337821480715,248.07642621912436,350
122.74655981272065,248.12290380826218,351
122.69986857524884,248.16897786084576,352
122.653307657303,248.21464564558258,353
122.60688016995972,248.25990447979106,354
122.56058918100064,248.30475172879247,355
122.5144377154515,248.34918480530607,356
122.46842875612067,248.39320116884713,357
122.42256524413646,248.43679832512777,358
122.3768500794837,248.4799738254616,359
122.33128612153884,248.52272526617114,360
122.28587618960381,248.5650502879989,361
122.24062306343838,248.60694657552213,362
122.19552948379062,248.64841185657107,363
122.15059815292614,248.68944390165103,364
122.10583173515457,248.73004052336816,365
122.0612328573549,248.77019957585946,366
122.01680410949783,248.80991895422653,367
121.97254804516639,248.8491965939735,368
121.92846718207377,248.88803047044917,369
121.88456400257898,248.9264185982934,370
121.8408409541994,248.964359030888,371
121.7973004501211,249.00184985981156,372
121.75394486970589,249.03888921429916,373
121.71077655899556,249.07547526070638,374
121.66779783121333,249.11160620197802,375
121.6250109672617,249.14728027712133,376
121.58241821621735,249.18249576068405,377
121.5400217958229,249.21725096223682,378
121.49782389297484,249.25154422586093,379
121.45582666420837,249.28537392964031,380
121.41403223617864,249.31873848515872,381
121.37244270613817,249.35163633700168,382
121.33106014241083,249.38406596226315,383
121.28988658486205,249.41602587005778,384
121.24892404536504,249.4475146010369,385
121.20817450826353,249.47853072691103,386
121.16763993083006,249.50907284997612,387
121.12732224372091,249.5391396026452,388
121.08722335142652,249.56872964698567,389
121.04734513271822,249.59784167426048,390
121.00768944109055,249.62647440447552,391
120.96825810519964,249.65462658593117,392
120.9290529292975,249.68229699477945,393
120.89007569366179,249.709484434586,394
120.85132815502158,249.73618773589746,395
120.81281204697889,249.76240575581323,396
120.77452908042561,249.78813737756306,397
120.73648094395656,249.81338151008927,398
120.69866930427774,249.83813708763407,399
120.66109580661056,249.86240306933195,400
120.62376207509152,249.8861784388074,401
120.58666971316757,249.90946220377685,402
120.54982030398692,249.93225339565657,403
120.51321541078566,249.95455106917495,404
120.47685657726966,249.97635430198997,405
120.44074532799235,249.99766219431143,406
120.40488316872772,250.0184738685284,407
120.36927158683928,250.03878846884146,408
120.33391205164398,250.0586051608995,409
120.2988060147725,250.07792313144216,410
120.26395491052416,250.09674158794618,411
120.2293601562183,250.11505975827706,412
120.19502315254036,250.13287689034559,413
120.1609452838843,250.150192251769,414
120.12712791869004,250.1670051295365,415
120.09357240977683,250.18331482968026,416
120.06028009467194,250.19912067694997,417
120.02725229593528,250.21442201449324,418
119.9944903214794,250.2292182035397,419
119.96199546488513,250.24350862308992,420
119.92976900571308,250.25729266960903,421
119.89781220981065,250.27056975672443,422
119.86612632961474,250.28333931492836,423
119.8347126044503,250.29560079128456,424
119.80357226082437,250.30735364913954,425
119.77270651271624,250.31859736783784,426
119.742116561863,250.32933144244205,427
119.71180359804119,250.33955538345668,428
119.68176879934416,250.34926871655628,429
119.65201333245527,250.35847098231804,430
119.62253835291699,250.36716173595806,431
119.59334500539593,250.37534054707214,432
119.56443442394384,250.38300699938017,433
119.53580773225445,250.39016069047494,434
119.50746604391647,250.39680123157456,435
119.47941046266244,250.40292824727914,436
119.45164208261384,250.4085413753308,437
119.42416198852214,250.41364026637817,438
119.39697125600594,250.41822458374403,439
119.37007095178443,250.42229400319735,440
119.34346213390691,250.42584821272823,441
119.31714585197854,250.42888691232727,442
119.2911231473824,250.4314098137679,443
119.26539505349774,250.43341664039275,444
119.23996259591469,250.4349071269033,445
119.21482679264521,250.4358810191529,446
119.18998865433039,250.4363380739435,447
119.1654491844445,250.43627805882548,448
119.14120937949497,250.43570075190104,449
119.11727022921936,250.43460594163065,450
119.09363271677861,250.43299342664307,451
119.07029781894698,250.43086301554814,452
119.04726650629843,250.42821452675315,453
119.02453974338987,250.4250477882821,454
119.00211848894095,250.42136263759784,455
118.98000369601064,250.41715892142795,456
118.95819631217047,250.41243649559263,457
118.93669727967472,250.40719522483624,458
118.9155075356273,250.40143498266158,459
118.89462801214556,250.39515565116687,460
118.87405963652112,250.38835712088556,461
118.85380333137735,250.38103929062902,462
118.8338600148242,250.37320206733222,463
118.81423060060973,250.3648453659013,464
118.79491599826903,250.3559691090646,465
118.77591711326986,250.34657322722592,466
118.75723484715574,250.3366576583203,467
118.73887009768609,250.32622234767265,468
118.72082375897347,250.31526724785832,469
118.70309672161831,250.30379231856662,470
118.6856898728408,250.29179752646658,471
118.66860409660994,250.27928284507476,472
118.65184027377029,250.26624825462602,473
118.63539928216586,250.252693741946,474
118.61928199676147,250.2386193003261,475
118.6034892897617,250.22402492940057,476
118.5880220307271,250.208910635026,477
118.57288108668841,250.19327642916255,478
118.55806732225764,250.17712232975776,479
118.54358159973752,250.16044836063176,480
118.52942477922811,250.1432545513654,481
118.51559771873124,250.1255409371895,482
118.50210127425267,250.10730755887667,483
118.48893629990206,250.08855446263453,484
118.47610364799061,250.06928170000137,485
118.46360416912664,250.0494893277432,486
118.45143871230898,250.02917740775285,487
118.43960812501825,250.00834600695092,488
118.42811325330597,249.986995197188,489
118.41695494188194,249.96512505514946,490
118.40613403419928,249.94273566226107,491
118.39565137253757,249.91982710459672,492
118.3855077980843,249.89639947278775,493
118.375704151014,249.87245286193374,494
118.36624127056594,249.84798737151493,495
118.3571199951195,249.8230031053062,496
118.34834116226828,249.79750017129248,497
118.33990560889193,249.77147868158573,498
118.3318141712266,249.74493875234302,499
118.32406768493344,249.71788050368684,500
118.31666698516545,249.69030405962582,501
118.30961290663289,249.6622095479773,502
118.30290628366676,249.6335971002915,503
118.29654795028081,249.6044668517763,504
118.29053874023218,249.5748189412239,505
118.28487948708005,249.54465351093856,506
118.27957102424324,249.51397070666528,507
118.27461418505617,249.4827706775202,508
118.27000980282318,249.45105357592178,509
118.26575871087182,249.41881955752334,510
118.26186174260428,249.3860687811464,511
118.2583197315478,249.35280140871586,512
118.25513351140377,249.31901760519526,513
118.25230391609512,249.28471753852395,514
118.24983177981287,249.24990137955504,515
118.24771793706118,249.21456930199392,516
118.24596322270123,249.17872148233852,517
118.24456847199386,249.14235809982003,518
118.24353452064108,249.1054793363448,519
118.2428622048264,249.06808537643698,520
118.24255236125396,249.03017640718227,521
118.24260582718675,248.99175261817254,522
118.24302344048338,248.9528142014511,523
118.24380603963435,248.91336135145914,524
118.24495446379659,248.87339426498284,525
118.24646955282763,248.83291314110124,526
118.24835214731836,248.79191818113512,527
118.250603088625,248.75040958859643,528
118.25322321890015,248.70838756913844,529
118.25621338112272,248.6658523305073,530
118.25957441912733,248.6228040824931,531
118.26330717763227,248.57924303688313,532
118.26741250226726,248.53516940741432,533
118.2718912395998,248.49058340972772,534
118.27674423716121,248.44548526132283,535
118.28197234347131,248.39987518151264,536
118.28757640806285,248.3537533913798,537
118.29355728150493,248.30712011373296,538
118.29991581542566,248.25997557306374,539
118.30665286253425,248.21231999550457,540
118.31376927664225,248.1641536087869,541
118.32126591268417,248.11547664220015,542
118.32914362673765,248.0662893265509,543
118.33740327604248,248.0165918941232,544
118.34604571901957,247.96638457863878,545
118.35507181528901,247.91566761521804,546
118.36448242568737,247.86444124034193,547
118.37427841228507,247.81270569181368,548
118.38446063840237,247.7604612087214,549
118.3950299686255,247.70770803140124,550
118.40598726882183,247.65444640140075,551
118.41733340615488,247.6006765614428,552
118.42906924909855,247.54639875539007,553
118.44119566745108,247.49161322821,554
118.4537135323484,247.43632022593988,555
118.46662371627721,247.38051999565258,556
118.47992709308743,247.32421278542282,557
118.49362453800448,247.2673988442937,558
118.50771692764101,247.2100784222434,559
118.52220514000823,247.15225177015287,560
118.53709005452684,247.0939191397731,561
118.55237255203798,247.03508078369376,562
118.56805351481322,246.9757369553113,563
118.58413382656472,246.91588790879777,564
118.60061437245493,246.85553389907017,565
118.61749603910589,246.79467518176006,566
118.63477971460831,246.73331201318317,567
118.65246628853059,246.67144465030984,568
118.67055665192703,246.6090733507356,569
118.6890516973465,246.5461983726519,570
118.70795231884028,246.48281997481763,571
118.72725941196997,246.41893841653024,572
118.74697387381515,246.354553957598,573
118.76709660298074,246.28966685831188,574
118.78762849960435,246.22427737941823,575
118.80857046536327,246.15838578209147,576
118.82992340348126,246.0919923279071,577
118.85168821873545,246.0250972788151,578
118.87386581746283,245.95770089711374,579
118.8964571075667,245.88980344542333,580
118.91946299852292,245.8214051866606,581
118.94288440138627,245.75250638401306,582
118.9667222287963,245.68310730091403,583
118.99097739498352,245.61320820101747,584
119.01565081577513,245.54280934817348,585
119.04074340860093,245.4719110064039,586
119.06625609249909,245.40051343987827,587
119.0921897881216,245.3286169128898,588
119.11854541774021,245.256221689832,589
119.14532390525171,245.18332803517535,590
119.17252617618362,245.10993621344414,591
119.2001531576997,245.03604648919386,592
119.22820577860527,244.9616591269886,593
119.25668496935285,244.88677439137902,594
119.2855916620475,244.8113925468799,595
119.31492679045233,244.73551385794897,596
119.34469128999395,244.65913858896505,597
119.3748860977679,244.58226700420727,598
119.40551215254418,244.50489936783364,599
119.43657039477276,244.4270359438608,600
119.46806176658919,244.34867699614358,601
119.49998721182006,244.26982278835465,602
119.53234767598879,244.19047358396463,603
119.56514410632127,244.11062964622292,604
119.59837745175162,244.03029123813795,605
119.63204866292797,243.94945862245814,606
119.66615869221837,243.86813206165334,607
119.70070849371687,243.78631181789612,608
119.73569902324942,243.70399815304359,609
119.77113123838002,243.6211913286193,610
119.80700609841709,243.53789160579578,611
119.84332456441965,243.4540992453769,612
119.88008759920386,243.3698145077807,613
119.91729616734946,243.2850376530227,614
119.95495123520648,243.19976894069947,615
119.99305377090204,243.11400862997166,616
120.03160474434716,243.02775697954894,617
120.07060512724385,242.94101424767345,618
120.11005589309227,242.8537806921051,619
120.14995801719786,242.76605657010572,620
120.19031247667893,242.6778421384251,621
120.23112025047413,242.58913765328577,622
120.27238231935024,242.4999433703692,623
120.31409966590988,242.41025954480176,624
120.35627327459969,242.32008643114122,625
120.39890413171833,242.2294242833636,626
120.44199322542492,242.13827335484993,627
120.4855415457475,242.04663389837413,628
120.52955008459168,241.9545061660903,629
120.57401983574931,241.86189040952107,630
120.61895179490784,241.76878687954593,631
120.66434695965906,241.6751958263899,632
120.7102063295087,241.58111749961304,633
120.75653090588591,241.48655214809918,634
120.80332169215289,241.39150002004646,635
120.85057969361488,241.2959613629572,636
120.89830591753008,241.19993642362826,637
120.94650137312011,241.10342544814233,638
120.99516707158033,241.00642868185912,639
121.04430402609039,240.9089463694068,640
121.09391325182533,240.81097875467447,641
121.14399576596634,240.7125260808042,642
121.19455258771218,240.61358859018432,643
121.24558473829046,240.5141665244422,644
121.2970932409694,240.41426012443853,645
121.34907912106952,240.31386963026077,646
121.40154340597572,240.2129952812181,647
121.45448712514957,240.11163731583622,648
121.5079113101416,240.00979597185275,649
121.56181699460406,239.90747148621287,650
121.61620521430372,239.80466409506593,651
121.67107700713484,239.70137403376177,652
121.72643341313258,239.5976015368481,653
121.78227547448621,239.49334683806808,654
121.83860423555305,239.38861017035856,655
121.89542074287212,239.28339176584834,656
121.95272604517827,239.17769185585738,657
122.0105211934165,239.0715106708966,658
122.06880724075637,238.96484844066745,659
122.12758524260678,238.8577053940628,660
122.18685625663073,238.75008175916793,661
122.24662134276046,238.6419777632621,662
122.30688156321284,238.5333936328205,663
122.3676379825047,238.42432959351717,664
122.42889166746856,238.31478587022787,665
122.49064368726872,238.2047626870341,666
122.55289511341695,238.09426026722704,667
122.61564701978918,237.9832788333128,668
122.6789004826417,237.87181860701733,669
122.74265658062791,237.75987980929287,670
122.80691639481527,237.64746266032418,671
122.87168100870213,237.53456737953596,672
122.93695150823513,237.42119418560026,673
123.00272898182658,237.30734329644525,674
123.0690145203719,237.19301492926385,675
123.1358092172676,237.07820930052372,676
123.20311416842904,236.96292662597708,677
123.2709304723086,236.84716712067186,678
123.33925922991394,236.7309309989632,679
123.40810154482641,236.61421847452556,680
123.4774585232196,236.49702976036556,681
123.54733127387819,236.37936506883582,682
123.61772090821668,236.26122461164866,683
123.68862854029862,236.1426085998914,684
123.76005528685552,236.02351724404178,685
123.83200226730632,235.9039507539845,686
123.90447060377686,235.78390933902796,687
123.97746142111924,235.66339320792227,688
124.05097584693169,235.54240256887766,689
124.12501501157826,235.42093762958385,690
124.19958004820862,235.29899859722988,691
124.2746720927781,235.1765856785249,692
124.35029228406795,235.05369907972016,693
124.42644176370509,234.9303390066306,694
124.50312167618269,234.80650566465877,695
124.58033316888029,234.68219925881834,696
124.65807739208417,234.55741999375888,697
124.73635549900773,234.43216807379167,698
124.81516864581198,234.30644370291594,699
124.894517991626,234.18024708484634,700
124.97440469856741,234.05357842304085,701
125.05482993176285,233.9264379207299,702
125.13579485936849,233.7988257809465,703
125.21730065259052,233.6707422065566,704
125.29934848570565,233.54218740029123,705
125.38193953608152,233.41316156477856,706
125.46507498419707,233.28366490257804,707
125.54875601366284,233.15369761621434,708
125.63298381124129,233.02325990821325,709
125.71775956686699,232.8923519811375,710
125.80308447366654,232.76097403762464,711
125.8889597279787,232.62912628042506,712
125.97538652937409,232.4968089124416,713
126.06236608067493,232.36402213676922,714
126.14989958797453,232.23076615673742,715
126.23798826065668,232.0970411759517,716
126.3266333114147,231.96284739833746,717
126.41583595627043,231.8281850281845,718
126.50559741459287,231.69305427019236,719
126.59591890911683,231.5574553295173,720
126.68680166596077,231.4213884118199,721
126.7782469146449,231.2848537233138,722
126.87025588810879,231.14785147081602,723
126.96282982272837,231.0103818617981,724
127.05596995833311,230.87244510443793,725
127.14967753822226,230.73404140767406,726
127.24395380918111,230.59517098125954,727
127.33880002149654,230.4558340358184,728
127.43421742897229,230.3160307829026,729
127.53020728894376,230.17576143504994,730
127.62677086229202,230.03502620584445,731
127.72390941345776,229.89382530997648,732
127.82162421045417,229.75215896330533,733
127.91991652487972,229.61002738292234,734
128.01878763192977,229.46743078721587,735
128.1182388104081,229.32436939593737,736
128.21827134273727,229.18084343026862,737
128.31888651496857,229.03685311289073,738
128.42008561679108,228.89239866805417,739
128.52186994153993,228.7474803216505,740
128.62424078620379,228.60209830128525,741
128.72719945143146,228.4562528363525,742
128.83074724153758,228.30994415811074,743
128.9348854645074,228.16317249976026,744
129.03961543200052,228.015938096522,745
129.14493845935363,227.86824118571812,746
129.25085586558222,227.72008200685383,747
129.35736897338117,227.57146080170094,748
129.46447910912408,227.42237781438305,749
129.5721876028615,227.27283329146218,750
129.68049578831796,227.12282748202728,751
129.78940500288755,226.97236063778394,752
129.89891658762818,226.82143301314636,753
130.00903188725462,226.67004486533062,754
130.1197522501298,226.5181964544498,755
130.23107902825475,226.36588804361074,756
130.34301357725707,226.21311989901284,757
130.45555725637755,226.05989229004828,758
130.56871142845532,225.90620548940453,759
130.68247745991098,225.75205977316813,760
130.79685672072836,225.597455420931,761
130.91185058443395,225.44239271589802,762
131.02746042807462,225.2868719449971,763
131.1436876321934,225.13089339899082,764
131.26053358080296,224.97445737259022,765
131.3779996613572,224.81756416457065,766
131.49608726472042,224.6602140778896,767
131.61479778513447,224.50240741980664,768
131.73413262018306,224.3441445020054,769
131.85409317075414,224.18542564071794,770
131.97468084099955,224.02625115685086,771
132.09589703829192,223.86662137611418,772
132.2177431731792,223.70653662915208,773
132.34022065933596,223.54599725167589,774
132.46333091351244,223.38500358459981,775
132.5870753554802,223.22355597417842,776
132.71145540797474,223.0616547721472,777
132.83647249663522,222.89930033586487,778
132.96212804994084,222.73649302845877,779
133.08842349914377,222.57323321897223,780
133.21536027819897,222.40952128251493,781
133.34293982369002,222.24535760041556,782
133.47116357475178,222.0807425603773,783
133.60003297298903,221.9156765566359,784
133.72954946239122,221.75015999012044,785
133.85971448924363,221.58419326861684,786
133.99052950203395,221.41777680693463,787
134.121995951355,221.25091102707557,788
134.2541152898029,221.08359635840645,789
134.38688897187137,220.91583323783385,790
134.52031845384053,220.74762210998236,791
134.65440519366186,220.5789634273758,792
134.78915065083788,220.40985765062152,793
134.9245562862971,220.24030524859793,794
135.06062356226383,220.07030669864506,795
135.19735394212262,219.89986248675865,796
135.33474889027752,219.7289731077875,797
135.47280987200602,219.55763906563394,798
135.61153835330663,219.3858608734582,799
135.75093580074167,219.21363905388603,800
135.89100368127313,219.0409741392197,801
136.03174346209317,218.86786667165325,802
136.17315661044796,218.6943172034906,803
136.3152445934552,218.52032629736823,804
136.45800887791495,218.34589452648106,805
136.60145093011405,218.17102247481264,806
136.74557221562318,217.9957107373691,807
136.8903741990871,217.81995992041715,808
137.03585834400747,217.6437706417262,809
137.18202611251843,217.46714353081484,810
137.32887896515425,217.29007922920113,811
137.47641836060944,217.1125783906578,812
137.6246457554907,216.9346416814713,813
137.7735626040607,216.7562697807058,814
137.92317035797342,216.5774633804713,815
138.07347046600117,216.39822318619693,816
138.22446437375234,216.2185499169084,817
138.37615352338065,216.0384443055107,818
138.52853935328488,215.85790709907553,819
138.68162329779923,215.6769390591337,820
138.83540678687424,215.49554096197252,821
138.9898912457477,215.31371359893876,822
139.14507809460557,215.1314577767462,823
139.3009687482324,214.9487743177893,824
139.45756461565168,214.76566406046155,825
139.61486709975512,214.58212785948,826
139.7728775969209,214.39816658621515,827
139.9315974966211,214.21378112902636,828
140.09102818101718,214.0289723936036,829
140.25117102454422,213.84374130331474,830
140.41202739348302,213.65808879955907,831
140.5735986455199,213.47201584212695,832
140.7358861292944,213.28552340956563,833
140.8988911839341,213.09861249955145,834
141.0626151385764,212.91128412926878,835
141.22705931187733,212.72353933579512,836
141.3922250115069,212.53537917649322,837
141.55811353363055,212.34680472940977,838
141.72472616237675,212.15781709368142,839
141.89206416929045,211.96841738994723,840
142.0601288127717,211.77860676076895,841
142.22892133749988,211.588386371058,842
142.3984429738427,211.39775740851024,843
142.56869493724966,211.20672108404798,844
142.73967842763028,211.01527863227005,845
142.91139462871632,210.82343131190902,846
143.08384470740762,210.63118040629683,847
143.25702981310167,210.43852722383815,848
143.43095107700668,210.24547309849203,849
143.6056096114372,210.05201939026165,850
143.78100650909272,209.85816748569266,851
143.95714284231877,209.66391879837977,852
144.1340196623499,209.46927476948227,853
144.3116379985348,209.274236868248,854
144.4899988575429,209.07880659254664,855
144.6691032225522,208.88298546941138,856
144.8489520524182,208.68677505559043,857
145.02954628082375,208.49017693810742,858
145.21088681540894,208.29319273483108,859
145.3929745368816,208.09582409505484,860
145.57581029810763,207.89807270008572,861
145.75939492318062,207.69994026384322,862
145.9437292064716,207.50142853346796,863
146.1288139116571,207.30253928994043,864
146.31464977072665,207.1032743487097,865
146.5012374829685,206.9036355603327,866
146.6885777139341,206.70362481112358,867
146.8766710943802,206.50324402381366,868
147.06551821918927,206.30249515822197,869
147.2551196462672,206.10138021193654,870
147.4454758954186,205.89990122100633,871
147.6365874471994,205.69806026064433,872
147.82845474174584,205.49585944594148,873
148.02107817758105,205.29330093259182,874
148.21445811039752,205.0903869176285,875
148.40859485181616,204.88711964017185,876
148.6034886681217,204.6835013821878,877
148.799139778974,204.47953446925857,878
148.99554835609496,204.27522127136453,879
149.19271452193172,204.07056420367772,880
149.39063834829497,203.8655657273669,881
149.58931985497293,203.66022835041446,882
149.7887590083206,203.45455462844507,883
149.9889557198244,203.248547165566,884
150.18990984464187,203.0422086152194,885
150.39162118011674,202.83554168104632,886
150.5940894642687,202.62854911776267,887
150.7973143742586,202.42123373204697,888
151.0012955248286,202.2135983834402,889
151.20603246671735,202.00564598525702,890
151.4115246850502,201.79737950550944,891
151.61777159770494,201.58880196784176,892
151.82477255365234,201.3799164524777,893
152.03252683127226,201.17072609717877,894
152.24103363664526,200.9612340982148,895
152.4502921018197,200.75144371134522,896
152.66030128305496,200.54135825281298,897
152.87106015904,200.33098110034848,898
153.08256762908908,200.12031569418573,899
153.29482251131307,199.909365538089,900
153.50782354076836,199.69813420039054,901
153.72156936758213,199.4866253150392,902
153.9360585550559,199.2748425826591,903
154.1512895777461,199.0627897716194,904
154.36726081952358,198.85047071911345,905
154.58397057161176,198.63788933224805,906
154.8014170306036,198.42504958914242,907
155.0195982964589,198.21195554003626,908
155.2385123704818,197.99861130840685,909
155.45815715327888,197.78502109209506,910
155.6785304426995,197.57118916443892,911
155.89962993175803,197.35711987541617,912
156.12145320653926,197.14281765279338,913
156.34399774408774,196.92828700328243,914
156.56726091028176,196.71353251370417,915
156.7912399576928,196.49855885215726,916
157.01593202343162,196.28337076919328,917
157.24133412698168,196.06797309899713,918
157.4674431680211,195.85237076057135,919
157.69425592423423,195.63656875892482,920
157.92176904911358,195.42057218626474,921
158.1499790697542,195.20438622319128,922
158.37888238464043,194.98801613989437,923
158.6084752614274,194.77146729735134,924
158.83875383471826,194.55474514852585,925
159.0697141038382,194.33785523956612,926
159.30135193060732,194.12080321100228,927
159.53366303711294,193.90359479894173,928
159.76664300348443,193.68623583626217,929
160.00028726567,193.46873225380074,930
160.23459111321932,193.25109008153856,931
160.4695496870722,193.0333154497801,932
160.7051579773557,192.81541459032562,933
160.94141082119143,192.59739383763622,934
161.17830290051492,192.37925962999037,935
161.41582873990882,192.16101851063084,936
161.6539827044524,191.94267712889993,937
161.89275899758886,191.72424224136415,938
162.1321516590128,191.505720712924,939
162.37215456258036,191.28711951791044,940
162.61276141424347,191.06844574116525,941
162.85396575001107,190.84970657910392,942
163.09576093393983,190.63090934076078,943
163.33814015615582,190.412061448814,944
163.5810964309105,190.19317044058917,945
163.824622594673,189.9742439690408,946
164.0687113042614,189.75528980370933,947
164.3133550350153,189.53631583165256,948
164.55854607901276,189.31733005835,949
164.8042765433336,189.09834060857924,950
165.05053834837238,188.87935572726045,951
165.29732322620345,188.66038378027088,952
165.54462271900044,188.44143325522475,953
165.79242817751407,188.22251276221814,954
166.04073075960963,188.00363103453788,955
166.2895214288682,187.78479692933075,956
166.53879095325365,187.56601942823357,957
166.7885299038487,187.34730763796068,958
167.03872865366242,187.1286707908483,959
167.28937737651304,186.91011824535354,960
167.54046604598756,186.6916594865055,961
167.79198443448226,186.47330412630848,962
168.04392211232613,186.25506190409408,963
168.29626844699098,186.03694268682105,964
168.54901260238964,185.81895646932034,965
168.80214353826693,185.60111337448575,966
169.05565000968483,185.38342365340492,967
169.30952056660485,185.16589768543275,968
169.56374355357104,184.94854597820193,969
169.81830710949544,184.73137916757264,970
170.0731991675494,184.51440801751508,971
170.32840745516268,184.29764341992896,972
170.5839194941337,184.08109639439223,973
170.83972260085238,183.86477808784147,974
171.0958038866394,183.648699774182,975
171.35215025820236,183.43287285382394,976
171.60874841821348,183.21730885314494,977
171.86558486600833,183.0020194238775,978
172.12264589841047,182.78701634241847,979
172.37991761068113,182.57231150906114,980
172.6373858975989,182.35791694714612,981
172.89503645466834,182.14384480213423,982
173.15285477946102,181.93010734059362,983
173.4108261730897,181.71671694910592,984
173.66893574181788,181.50368613308842,985
173.92716839880467,181.29102751552944,986
174.18550886598763,181.07875383563626,987
174.4439416761036,180.86687794740402,988
174.7024511748481,180.65541281808305,989
174.96102152317587,180.4443715265746,990
175.21963669973968,180.2337672617202,991
175.478280503473,180.02361332050725,992
175.73693655630933,179.81392310622672,993
175.995588306047,179.6047101264257,994
176.25421902935068,179.39598799091928,995
176.51281183489726,179.1877704096084,996
176.77134966665741,178.98007119023862,997
177.0298153073206,178.77290423607417,998
177.28819138185517,178.56628354347328,999
177.5464603612079,178.3602231993857,1000
177.80460456613747,178.15473737874646,1001
178.06260617118554,177.94984034179498,1002
178.32044720877647,177.74554643130057,1003
178.5781095734515,177.54187006970318,1004
178.83557502623017,177.3388257561691,1005
179.09282519909857,177.1364280635625,1006
179.3498415996221,176.93469163533413,1007
179.6066056156785,176.7336311823308,1008
179.8630985203105,176.5332614795217,1009
180.11930147668733,176.33359736265004,1010
180.37519554320974,176.13465372480633,1011
180.6307616786587,175.93644551292894,1012
180.88598074752446,175.73898772423183,1013
181.14083352538108,175.54229540256244,1014
181.39530070438934,175.34638363469242,1015
181.64936289887765,175.15126754654224,1016
181.90300065101692,174.95696229934484,1017
182.15619443658085,174.7634830857474,1018
182.40892467078177,174.57084512585809,1019
182.6611717141853,174.3790636632367,1020
182.91291587869176,174.1881539608353,1021
183.1641374335835,173.99813129689096,1022
183.41481661163297,173.8090109607723,1023
183.6649336152614,173.6208082487862,1024
183.91446862274933,173.43353845994497,1025
184.1634017944885,173.24721689170005,1026
184.4117132792716,173.06185883564342,1027
184.65938322061305,172.87747957318248,1028
184.9063917630962,172.6940943711912,1029
185.15271905873928,172.51171847764084,1030
185.39834527337655,172.3303671172146,1031
185.6432505930459,172.1500554869109,1032
185.88741523037893,171.970798751637,1033
186.1308194309863,171.7926120397997,1034
186.37344347983313,171.615510438895,1035
186.61526770759687,171.43950899110143,1036
186.85627249700386,171.26462268888193,1037
187.09643828913607,171.09086647059652,1038
187.33574558970312,170.91825521613208,1039
187.57417497527402,170.74680374255135,1040
187.81170709946173,170.57652679976596,1041
188.04832269905478,170.4074390662385,1042
188.28400260009087,170.2395551447159,1043
188.51872772386554,170.07288955799922,1044
188.75247909287143,169.90745674475372,1045
188.98523783666113,169.7432710553629,1046
189.21698519762992,169.58034674783028,1047
189.4477025367111,169.41869798373352,1048
189.67737133898027,169.25833882423305,1049
189.9059732191629,169.09928322614107,1050
190.13348992703973,168.9415450380522,1051
190.35990335274585,168.78513799654152,1052
190.585195531959,168.6300757224311,1053
190.80934865097146,168.4763717171312,1054
191.03234505164306,168.3240393590563,1055
191.2541672362289,168.1730919001217,1056
191.47479787208042,168.02354246232218,1057
191.6942197962135,167.87540403439615,1058
191.91241601974212,167.72868946857835,1059
192.129369732173,167.58341147744278,1060
192.34506430555854,167.43958263084045,1061
192.55948329850514,167.2972153529316,1062
192.77261046003395,167.15632191931707,1063
192.98442973329136,167.01691445427005,1064
193.19492525910792,166.87900492807,1065
193.40408137940213,166.7426051544407,1066
193.61188264042852,166.60772678809514,1067
193.81831379586762,166.47438132238727,1068
194.02335980975653,166.34258008707346,1069
194.22700585925898,166.21233424618387,1070
194.42923733727406,166.08365479600607,1071
194.63003985488217,165.95655256318074,1072
194.82939924362825,165.83103820291106,1073
195.027301557642,165.70712219728688,1074
195.2237330755941,165.58481485372232,1075
195.41868030248952,165.46412630351017,1076
195.61212997129715,165.34506650049101,1077
195.80406904441716,165.22764521983794,1078
195.99448471498604,165.11187205695742,1079
196.18336440802048,164.99775642650536,1080
196.370695781401,164.8853075615186,1081
196.5564667266961,164.77453451266146,1082
196.74066536982951,164.66544614758635,1083
196.92328007159043,164.55805115040812,1084
197.10429942798987,164.45235802129167,1085
197.28371227046398,164.3483750761512,1086
197.46150766592694,164.24611044646028,1087
197.6376749166752,164.14557207917258,1088
197.81220356014563,164.0467677367498,1089
197.98508336852956,163.94970499729843,1090
198.1563043482459,163.85439125481093,1091
198.3258567392754,163.76083371951157,1092
198.49373101435873,163.66903941830512,1093
198.6599178780624,163.57901519532567,1094
198.82440826571326,163.49076771258487,1095
198.98719334220735,163.40430345071684,1096
199.1482645006936,163.31962870981837,1097
199.30761336113804,163.23674961038205,1098
199.46523176876926,163.15567209431967,1099
199.62111179241083,163.07640192607514,1100
199.7752457227024,162.99894469382278,1101
199.92762607021376,162.92330581075043,1102
200.07824556345486,162.84949051642374,1103
200.22709714678584,162.7775038782299,1104
200.37417397823,162.70735079289796,1105
200.51946942719368,162.63903598809375,1106
200.66297707209654,162.57256402408643,1107
200.80469069791593,162.50793929548425,1108
200.94460429364847,162.44516603303697,1109
201.08271204969333,162.38424830550247,1110
201.21900835515996,162.32519002157454,1111
201.3534877951039,162.26799493186996,1112
201.4861451476954,162.21266663097148,1113
201.61697538132256,162.1592085595242,1114
201.74597365163407,162.1076240063834,1115
201.87313529852437,162.05791611081028,1116
201.9984558430647,162.01008786471354,1117
202.12193098438345,161.96414211493416,1118
202.24355659649967,161.92008156557026,1119
202.36332872511252,161.87790878034022,1120
202.4812435843503,161.83762618498093,1121
202.59729755348187,161.7992360696791,1122
202.71148717359472,161.76274059153212,1123
202.8238091442412,161.72814177703742,1124
202.93426032005803,161.69544152460665,1125
203.04283770735978,161.66464160710282,1126
203.1495384607116,161.63574367439773,1127
203.2543598794827,161.60874925594757,1128
203.3572994043834,161.58365976338416,1129
203.4583546139897,161.5604764931194,1130
203.55752322125656,161.5392006289611,1131
203.6548030700237,161.5198332447377,1132
203.75019213151617,161.50237530692897,1133
203.84368850084186,161.48682767730259,1134
203.93529039348869,161.47319111555174,1135
204.02499614182415,161.46146628193412,1136
204.11280419159868,161.45165373990886,1137
204.1987130984562,161.4437539587698,1138
204.2827215244527,161.43776731627347,1139
204.36482823458624,161.43369410125956,1140
204.4450320933394,161.43153451626188,1141
204.52333206123683,161.43128868010882,1142
204.59972719141933,161.43295663051055,1143
204.67421662623627,161.43653832663193,1144
204.74679959385867,161.44203365164927,1145
204.81747540491395,161.4494424152894,1146
204.8862434491441,161.45876435634935,1147
204.95310319208951,161.46999914519523,1148
205.01805417179875,161.48314638623881,1149
205.08109599556698,161.49820562039045,1150
205.1422283367033,161.51517632748698,1151
205.20145093132894,161.53405792869285,1152
205.25876357520787,161.55484978887367,1153
205.31416612060994,161.57755121894078,1154
205.3676584732086,161.60216147816587,1155
205.4192405890142,161.62867977646334,1156
205.4689124713435,161.657105276641,1157
205.5166741678265,161.68743709661655,1158
205.56252576745214,161.71967431159953,1159
205.60646739765255,161.75381595623736,1160
205.64849922142804,161.78986102672476,1161
205.6886214345125,161.82780848287535,1162
205.72683426258084,161.86765725015445,1163
205.76313795849853,161.9094062216723,1164
205.7975327996143,161.95305426013726,1165
205.83001908509664,161.99860019976677,1166
205.86059713331454,162.04604284815733,1167
205.88926727926304,162.09538098811035,1168
205.91602987203441,162.14661337941538,1169
205.9408852723352,162.1997387605881,1170
205.96383385004967,162.25475585056353,1171
205.9848759818504,162.31166335034334,1172
206.0040120488558,162.37045994459646,1173
206.02124243433613,162.43114430321265,1174
206.03656752146676,162.49371508280805,1175
206.04998769113104,162.55817092818234,1176
206.061503319771,162.62451047372676,1177
206.0711147772884,162.6927323447825,1178
206.07882242499448,162.76283515894872,1179
206.0846266136104,162.83481752733962,1180
206.08852768131715,162.90867805579043,1181
206.09052595185685,162.984415346011,1182
206.09062173268424,163.06202799668716,1183
206.0888153131695,163.14151460452905,1184
206.08510696285265,163.22287376526552,1185
206.07949692974952,163.30610407458477,1186
206.0719854387098,163.3912041290203,1187
206.06257268982714,163.47817252678163,1188
206.0512588569022,163.56700786852934,1189
206.0380440859581,163.65770875809397,1190
206.02292849380956,163.75027380313853,1191
206.00591216668494,163.84470161576314,1192
205.98699515890237,163.94099081305276,1193
205.9661774916,164.03914001756624,1194
205.94345915152044,164.13914785776655,1195
205.91884008984994,164.2410129683924,1196
205.89232022111304,164.34473399076924,1197
205.86389942212213,164.4503095730608,1198
205.83357753098335,164.55773837045916,1199
205.80135434615835,164.66701904531405,1200
205.76722962558293,164.7781502671997,1201
205.73120308584276,164.89113071291985,1202
205.69327440140643,165.0059590664493,1203
205.65344320391665,165.1226340188123,1204
205.61170908154008,165.2411542678968,1205
205.56807157837582,165.36151851820364,1206
205.52253019392379,165.48372548053115,1207
205.47508438261295,165.60777387159354,1208
205.4257335533905,165.7336624135728,1209
205.37447706937195,165.86138983360405,1210
205.32131424755357,165.99095486319297,1211
205.2662443585873,166.12235623756473,1212
205.20926662661876,166.25559269494494,1213
205.1503802291895,166.39066297577008,1214
205.08958429720383,166.52756582182894,1215
205.02687791496155,166.6662999753323,1216
204.9622601202564,166.80686417791188,1217
204.8957299045422,166.94925716954725,1218
204.827286213167,167.0934776874199,1219
204.7569279456758,167.23952446469383,1220
204.68465395618355,167.38739622922256,1221
204.61046305381862,167.53709170218124,1222
204.5343540032384,167.68860959662356,1223
204.45632552521775,167.8419486159626,1224
204.37637629731086,167.99710745237513,1225
204.2945049545886,168.15408478512856,1226
204.21071009045195,168.31287927883028,1227
204.12499025752214,168.4734895815977,1228
204.03734396860986,168.63591432314993,1229
203.94776969776362,168.80015211281884,1230
203.85626588139925,168.96620153747992,1231
203.7628309195114,169.13406115940248,1232
203.66746317696837,169.30372951401714,1233
203.57016098489194,169.47520510760194,1234
203.47092264212313,169.6484864148848,1235
203.3697464167753,169.82357187656328,1236
203.2666305478765,170.0004598967396,1237
203.16157324710173,170.179148840272,1238
203.0545727005973,170.35963703004012,1239
202.94562707089787,170.5419227441258,1240
202.83473449893913,170.72600421290767,1241
202.72189310616568,170.9118796160692,1242
202.60710099673744,171.09954707952056,1243
202.49035625983487,171.28900467223346,1244
202.37165697206535,171.4802504029882,1245
202.25100119997188,171.67328221703394,1246
202.1283870026458,171.8680979926609,1247
202.00381243444497,172.06469553768508,1248
201.87727554781932,172.26307258584436,1249
201.74877439624504,172.46322679310762,1250
201.6183070372691,172.66515573389523,1251
201.48587153566586,172.8688568972126,1252
201.35146596670685,173.0743276826943,1253
201.21508841954602,173.28156539656385,1254
201.07673700072118,173.4905672475033,1255
200.93640983777394,173.7013303424381,1256
200.79410508298895,173.91385168223516,1257
200.64982091725446,174.12812815731556,1258
200.50355555404525,174.34415654318235,1259
200.3553072435299,174.56193349586349,1260
200.2050742768025,174.78145554727303,1261
200.0528549902423,175.00271910048832,1262
199.89864776999977,175.22572042494733,1263
199.74245105661288,175.4504556515657,1264
199.584263349753,175.67692076777436,1265
199.4240832131024,175.90511161248057,1266
199.26190927936372,176.13502387095417,1267
199.09774025540304,176.36665306963855,1268
198.9315749275265,176.5999945708901,1269
198.76341216689192,176.83504356764823,1270
198.5932509350559,177.07179507803662,1271
198.4210902896562,177.31024393990006,1272
198.24692939023103,177.55038480527733,1273
198.0707675041744,177.79221213481384,1274
197.89260401282806,178.03572019211686,1275
197.7124384177102,178.28090303805698,1276
197.5302703468804,178.52775452501473,1277
197.34609956144078,178.77626829108553,1278
197.15992596217214,179.0264377542318,1279
196.9717495963058,179.27825610640218,1280
196.7815706644286,179.53171630760613,1281
196.58938952752095,179.7868110799618,1282
196.39520671412643,180.04353290171144,1283
196.1990229276517,180.30187400122892,1284
196.00083905379387,180.5618263509536,1285
195.80065616809483,180.82338166139579,1286
195.59847554361934,181.0865313750595,1287
195.39429865875414,181.35126666039346,1288
195.18812720512665,181.6175784057386,1289
194.97996309563808,181.8854572132821,1290
194.7698084726098,182.15489339302587,1291
194.55766571603763,182.42587695677062,1292
194.34353745195054,182.69839761213058,1293
194.1274265608704,182.97244475657638,1294
193.90933618636583,183.24800747152184,1295
193.68926974369836,183.52507451645153,1296
193.46723092855177,183.80363432310568,1297
193.24322372584263,184.08367498972535,1298
193.01725241860277,184.36518427536475,1299
192.78932159692957,184.64814959428185,1300
192.55943616699503,184.93255801041204,1301
192.32760136010864,185.2183962319351,1302
192.0938227418239,185.5056506059433,1303
191.85810622108272,185.79430711321962,1304
191.6204580593868,186.08435136313324,1305
191.38088487998948,186.37576858866422,1306
191.13939367709614,186.66854364156288,1307
190.89599182506507,186.96266098765597,1308
190.65068708759833,187.25810470230837,1309
190.40348762691033,187.55485846604802,1310
190.15440201286515,187.8529055603663,1311
189.9034392320692,188.15222886370128,1312
189.6506086969079,188.45281084761555,1313
189.39592025451404,188.7546335731771,1314
189.13938419565417,189.05767868755365,1315
188.88101126351975,189.36192742083037,1316
188.62081266241054,189.66736058306157,1317
188.35880006629358,189.97395856156453,1318
188.09498562722516,190.28170131846812,1319
187.82938198362015,190.5905683885242,1320
187.5620022683525,190.90053887719165,1321
187.2928601166722,191.21159145900464,1322
187.02196967392186,191.5237043762329,1323
186.7493456030365,191.83685543784506,1324
186.47500309181078,192.15102201878386,1325
186.19895785991378,192.4661810595626,1326
185.92122616563844,192.78230906619274,1327
185.64182481236332,193.09938211045073,1328
185.36077115471238,193.41737583049323,1329
185.07808310439398,193.73626543182985,1330
184.79377913569914,194.05602568866055,1331
184.507878290644,194.37663094558658,1332
184.22040018373562,194.69805511970188,1333
183.93136500634512,195.0202717030733,1334
183.64079353066705,195.34325376561515,1335
183.34870711324993,195.66697395836607,1336
183.0551276980789,195.99140451717292,1337
182.76007781918975,196.31651726678834,1338
182.46358060280207,196.64228362538702,1339
182.16565976894998,196.96867460950477,1340
181.86633963259456,197.2956608394052,1341
181.56564510420077,197.6232125448769,1342
181.26360168976547,197.95129957146526,1343
180.96023549027638,198.27989138713986,1344
180.65557320058966,198.60895708940032,1345
180.3496421077115,198.9384654128215,1346
180.04247008846562,199.26838473703822,1347
179.73408560655193,199.59868309516932,1348
179.42451770893754,199.92932818268088,1349
179.11379602163723,200.26028736668553,1350
178.80195074481358,200.5915276956773,1351
178.48901264721562,200.92301590969657,1352
178.17501305993852,201.25471845092372,1353
177.8599838695053,201.58660147469453,1354
177.54395751025461,201.9186308609335,1355
177.22696695603383,202.25077222599762,1356
176.90904571119617,202.582990934924,1357
176.59022780089464,202.91525211407347,1358
176.27054776067382,203.2475206641611,1359
175.95004062536182,203.57976127366433,1360
175.62874191726016,203.9119384325979,1361
175.306687633638,204.24401644664505,1362
174.98391423353436,204.575959451632,1363
174.66045862387392,204.90773142833385,1364
174.3363581449065,205.23929621759746,1365
174.01165055497714,205.57061753576758,1366
173.68637401463906,205.9016589904002,1367
173.36056707012298,206.23238409624847,1368
173.03426863617574,206.5627562915031,1369
172.7075179782849,206.89273895427078,1370
172.3803546943065,207.22229541927277,1371
172.05281869551564,207.55138899474431,1372
171.72495018710018,207.87998297951566,1373
171.39678964811947,208.20804068025586,1374
171.0683778109527,208.5355254288576,1375
170.73975564026125,208.86240059994276,1376
170.4109643114923,209.1886296284676,1377
170.08204518895104,209.51417602740545,1378
169.75303980347095,209.83900340548468,1379
169.42398982971378,210.1630754849595,1380
169.0949370631283,210.48635611939133,1381
168.76592339660382,210.80880931141667,1382
168.43699079684964,211.13039923047958,1383
168.1081812805366,211.45109023050432,1384
167.77953689023576,211.77084686748563,1385
167.45109967019064,212.08963391697264,1386
167.12291164195983,212.40741639142385,1387
166.79501477996754,212.72415955740863,1388
166.46745098699978,213.03982895263394,1389
166.1402620696848,213.3543904027719,1390
165.8134897139957,213.66781003806605,1391
165.4871754608142,213.98005430969468,1392
165.16136068159344,214.2910900058685,1393
164.83608655415935,214.60088426764153,1394
164.51139403868723,214.90940460441436,1395
164.18732385389274,215.21661890910949,1396
163.86391645347362,215.5224954729984,1397
163.5412120028395,215.827003000162,1398
163.21925035616596,216.13011062156517,1399
162.89807103380735,216.4317879087284,1400
162.57771320010377,216.7320048869794,1401
162.25821564161527,217.03073204826808,1402
161.93961674581521,217.3279403635303,1403
161.621954480275,217.62360129458617,1404
161.30526637236906,217.9176868055585,1405
160.9895894895292,218.2101693738004,1406
160.67496042007602,218.50102200031893,1407
160.36141525465203,218.79021821968607,1408
160.04898956828197,219.07773210942645,1409
159.737718403082,219.3635382988734,1410
159.42763625163926,219.64761197748714,1411
159.11877704108102,219.92992890262744,1412
158.8111741178511,220.21046540677654,1413
158.50486023320954,220.48919840420808,1414
158.19986752946934,220.76610539709844,1415
157.89622752698313,221.04116448107936,1416
157.59397111188989,221.31435435023008,1417
157.29312852463082,221.58565430150986,1418
156.99372934924153,221.8550442386315,1419
156.69580250342554,222.12250467537845,1420
156.3993762294122,222.388016738368,1421
156.10447808560244,222.65156216926576,1422
155.81113493900062,222.91312332645523,1423
155.5193729584318,223.1726831861693,1424
155.22921760854177,223.43022534309029,1425
154.94069364457405,223.68573401042602,1426
154.65382510791875,223.93919401947065,1427
154.36863532242447,224.1905908186594,1428
154.08514689146537,224.43991047212728,1429
153.803381695752,224.68713965778218,1430
153.5233608918746,224.93226566490426,1431
153.2451049115661,225.17527639128295,1432
152.96863346167,225.4161603399043,1433
152.69396552479918,225.65490661520212,1434
152.42111936066834,225.89150491888532,1435
152.15011250808345,226.1259455453569,1436
151.8809617875707,226.35821937673728,1437
151.6136833046252,226.58831787750822,1438
151.3482924535609,226.81623308879057,1439
151.0848039219415,227.0419576222728,1440
150.82323169557122,227.2654846538045,1441
150.56358906402482,227.48680791667067,1442
150.30588862669524,227.70592169456302,1443
150.05014229933693,227.92282081426345,1444
149.7963613210824,228.13750063805605,1445
149.5445562619104,228.34995705588292,1446
149.29473703054236,228.5601864772603,1447
149.04691288274512,228.76818582297014,1448
148.80109243001672,228.97395251654333,1449
148.5572836486337,229.17748447554962,1450
148.31549388903588,229.37878010270998,1451
148.0757298855279,229.5778382768466,1452
147.8379977662741,229.7746583436848,1453
147.60230306356559,229.969240106523,1454
147.36865072433721,230.1615838167837,1455
147.13704512091394,230.35169016446056,1456
146.90749006196492,230.53956026847524,1457
146.67998880364505,230.72519566695755,1458
146.45454406090388,230.90859830746197,1459
146.23115801894215,231.0897705371339,1460
146.00983234479668,231.26871509283703,1461
145.79056819903522,231.44543509125575,1462
145.57336624754285,231.6199340189821,1463
145.35822667338246,231.79221572260047,1464
145.14514918871205,231.9622843987798,1465
144.93413304674309,232.13014458438425,1466
144.72517705372292,232.2958011466126,1467
144.51827958092736,232.45925927317504,1468
144.31343857664737,232.620524462518,1469
144.1106515781572,232.77960251410454,1470
143.90991572364916,232.93649951875975,1471
143.71122776412358,233.09122184908802,1472
143.51458407522054,233.24377614997084,1473
143.3199806689825,233.39416932915145,1474
143.12741320553693,233.54240854791337,1475
142.93687700468766,233.68850121185895,1476
142.74836705740628,233.83245496179427,1477
142.56187803721366,233.9742776647255,1478
142.3774043114431,234.1139774049716,1479
142.19493995237698,234.25156247539925,1480
142.01447874824987,234.38704136878292,1481
141.83601421411,234.52042276929532,1482
141.6595396025341,234.65171554413112,1483
141.48504791418836,234.78092873526788,1484
141.31253190823077,234.9080715513666,1485
141.1419841125498,235.0331533598151,1486
140.97339683383467,235.15618367891653,1487
140.80676216747338,235.2771721702247,1488
140.64207200727486,235.39612863102855,1489
140.4793180550121,235.51306298698682,1490
140.31849182978328,235.62798528491476,1491
140.15958467718878,235.74090568572305,1492
140.00258777832184,235.85183445751065,1493
139.84749215857158,235.9607819688113,1494
139.69428869623636,236.06775868199435,1495
139.5429681309474,236.17277514682013,1496
139.39352107190126,236.27584199414946,1497
139.24593800590125,236.37696992980696,1498
139.10020930520733,236.47616972859814,1499
138.95632523519504,236.57345222847908,1500
138.81427596182345,236.66882832487838,1501
138.67405155891336,236.7623089651699,1502
138.53564201523588,236.8539051432954,1503
138.39903724141325,236.94362789453658,1504
138.26422707663258,237.0314882904334,1505
138.1312012951743,237.11749743384908,1506
137.99994961275695,237.20166645417936,1507
137.87046169269985,237.28400650270362,1508
137.74272715190583,237.36452874807816,1509
137.61673556666608,237.44324437196687,1510
137.49247647828932,237.52016456481067,1511
137.36993939855714,237.59530052173054,1512
137.249113815009,237.66866343856424,1513
137.12998919605792,237.74026450803427,1514
137.01255499594106,237.81011491604343,1515
136.89680065950628,237.8782258380982,1516
136.78271562683878,237.94460843585523,1517
136.6702893377296,238.0092738537907,1518
136.55951123598956,238.07223321598866,1519
136.45037077361084,238.13349762304722,1520
136.34285741477981,238.19307814909936,1521
136.23696063974347,238.2509858389464,1522
136.13266994853294,238.3072317053019,1523
136.0299748645466,238.36182672614342,1524
135.92886493799625,238.41478184216928,1525
135.8293297492191,238.46610795435925,1526
135.7313589118585,238.51581592163518,1527
135.63494207591668,238.5639165586204,1528
135.54006893068254,238.61042063349484,1529
135.44672920753698,238.65533886594412,1530
135.35491268263942,238.69868192520002,1531
135.2646091794981,238.74046042816917,1532
135.1758085714271,238.78068493764957,1533
135.08850078389315,238.81936596063062,1534
135.00267579675503,238.8565139466761,1535
134.91832364639836,238.89213928638634,1536
134.83543442776894,238.9262523099391,1537
134.75399829630692,238.95886328570515,1538
134.67400546978496,238.98998241893807,1539
134.59544623005306,239.01961985053495,1540
134.51831092469254,239.04778565586676,1541
134.4425899685821,239.07448984367562,1542
134.3682738453781,239.09974235503776,1543
134.29535310891248,239.12355306238936,1544
134.22381838450977,239.1459317686141,1545
134.15366037022653,239.16688820618987,1546
134.0848698380151,239.18643203639326,1547
134.01743763481429,239.20457284855982,1548
133.9513546835696,239.22132015939806,1549
133.88661198418453,239.23668341235603,1550
133.82320061440586,239.25067197703785,1551
133.76111173064513,239.26329514866973,1552
133.7003365687377,239.27456214761244,1553
133.6408664446426,239.28448211891967,1554
133.58269275508442,239.29306413194058,1555
133.5258069781393,239.30031717996425,1556
133.47020067376747,239.30625017990542,1557
133.41586548429387,239.31087197202956,1558
133.36279313483874,239.3141913197159,1559
133.31097543369995,239.31621690925735,1560
133.26040427268927,239.31695734969534,1561
133.21107162742388,239.3164211726887,1562
133.16296955757468,239.31461683241545,1563
133.11609020707374,239.31155270550556,1564
133.07042580428165,239.30723709100403,1565
133.02596866211704,239.3016782103632,1566
132.98271117814926,239.29488420746233,1567
132.94064583465604,239.2868631486543,1568
132.89976519864723,239.27762302283782,1569
132.8600619218567,239.26717174155377,1570
132.82152874070258,239.25551713910554,1571
132.7841584762185,239.24266697270156,1572
132.74794403395595,239.22862892261918,1573
132.7128784038599,239.21341059238938,1574
132.67895466011814,239.19701950900094,1575
132.64616596098622,239.1794631231234,1576
132.61450554858845,239.1607488093476,1577
132.58396674869653,239.14088386644374,1578
132.5545429704866,239.1198755176351,1579
132.52622770627607,239.09773091088758,1580
132.49901453124065,239.07445711921363,1581
132.47289710311335,239.05006114099012,1582
132.44786916186558,239.02454990028963,1583
132.4239245293718,238.99793024722385,1584
132.40105710905829,238.97020895829905,1585
132.37926088553732,238.94139273678277,1586
132.35852992422693,238.9114882130807,1587
132.33885837095735,238.88050194512394,1588
132.32024045156535,238.84844041876542,1589
132.30267047147643,238.81531004818487,1590
132.28614281527598,238.78111717630253,1591
132.27065194627028,238.74586807520004,1592
132.25619240603757,238.70956894654867,1593
132.24275881397017,238.67222592204487,1594
132.2303458668082,238.63384506385086,1595
132.21894833816523,238.59443236504197,1596
132.20856107804727,238.55399375005896,1597
132.19917901236414,238.51253507516535,1598
132.19079714243554,238.4700621289088,1599
132.18341054449093,238.4265806325874,1600
132.1770143691646,238.3820962407188,1601
132.1716038409857,238.33661454151334,1602
132.16717425786462,238.29014105735004,1603
132.16372099057494,238.2426812452547,1604
132.16123948223267,238.19424049738132,1605
132.15972524777217,238.14482414149458,1606
132.15917387341955,238.0944374414549,1607
132.15958101616442,238.0430855977039,1608
132.16094240322906,237.99077374775214,1609
132.16325383153696,237.93750696666706,1610
132.16651116717964,237.88329026756148,1611
132.17071034488313,237.82812860208313,1612
132.1758473674738,237.77202686090362,1613
132.18191830534403,237.71498987420765,1614
132.18891929591814,237.65702241218224,1615
132.1968465431184,237.59812918550475,1616
132.20569631683222,237.538314845831,1617
132.2154649523797,237.47758398628199,1618
132.22614884998268,237.41594114192966,1619
132.23774447423506,237.3533907902817,1620
132.25024835357468,237.28993735176454,1621
132.26365707975717,237.2255851902053,1622
132.27796730733138,237.16033861331158,1623
132.29317575311765,237.09420187314984,1624
132.3092791956878,237.0271791666214,1625
132.32627447484813,236.95927463593674,1626
132.34415849112497,236.89049236908733,1627
132.36292820525296,236.82083640031522,1628
132.38258063766662,236.75031071058032,1629
132.4031128679947,236.67891922802497,1630
132.42452203455838,236.60666582843578,1631
132.44680533387216,236.53355433570343,1632
132.469960020149,236.45958852227844,1633
132.49398340480855,236.38477210962532,1634
132.51887285598937,236.30910876867304,1635
132.54462579806523,236.2326021202625,1636
132.57123971116482,236.1552557355913,1637
132.59871213069593,236.07707313665483,1638
132.6270406468736,235.99805779668452,1639
132.6562229042526,235.91821314058268,1640
132.6862566012639,235.83754254535393,1641
132.71713948975568,235.75604934053362,1642
132.74886937453883,235.67373680861226,1643
132.78144411293684,235.59060818545709,1644
132.81486161433992,235.50666666072982,1645
132.8491198397642,235.42191537830075,1646
132.88421680141522,235.33635743665988,1647
132.92015056225614,235.24999588932394,1648
132.9569192355806,235.1628337452399,1649
132.9945209845905,235.07487396918523,1650
133.03295402197833,234.98611948216399,1651
133.07221660951433,234.89657316179995,1652
133.11230705763867,234.8062378427252,1653
133.15322372505818,234.71511631696612,1654
133.19496501834806,234.6232113343247,1655
133.23752939155855,234.53052560275688,1656
133.28091534582632,234.43706178874706,1657
133.32512142899085,234.34282251767868,1658
133.3701462352157,234.2478103742014,1659
133.41598840461472,234.15202790259468,1660
133.46264662288291,234.0554776071274,1661
133.51011962093267,233.95816195241403,1662
133.5584061745344,233.86008336376736,1663
133.60750510396247,233.7612442275471,1664
133.65741527364574,233.66164689150526,1665
133.70813559182318,233.5612936651282,1666
133.75966501020406,233.46018681997424,1667
133.81200252363342,233.3583285900085,1668
133.86514716976203,233.2557211719339,1669
133.91909802872124,233.1523667255189,1670
133.97385422280274,233.04826737392116,1671
134.02941491614303,232.94342520400846,1672
134.08577931441246,232.8378422666756,1673
134.1429466645093,232.7315205771584,1674
134.20091625425846,232.62446211534387,1675
134.2596874121145,232.51666882607728,1676
134.3192595068698,232.40814261946588,1677
134.37963194736707,232.29888537117938,1678
134.4408041822164,232.18889892274694,1679
134.50277569951695,232.07818508185133,1680
134.56554602658304,231.96674562261958,1681
134.62911472967485,231.8545822859105,1682
134.69348141373348,231.74169677959966,1683
134.7586457221202,231.62809077886035,1684
134.8246073363605,231.51376592644215,1685
134.89136597589177,231.39872383294667,1686
134.95892139781597,231.28296607709984,1687
135.02727339665591,231.16649420602153,1688
135.09642180411598,231.0493097354924,1689
135.16636648884696,230.93141415021793,1690
135.2371073562147,230.81280890408956,1691
135.3086443480731,230.6934954204432,1692
135.38097744254082,230.57347509231545,1693
135.45410665378188,230.45274928269598,1694
135.52803203179016,230.33131932477923,1695
135.60275366217786,230.20918652221204,1696
135.67827166596706,230.08635214933923,1697
135.75458619938573,229.96281745144753,1698
135.83169745366683,229.83858364500603,1699
135.90960565485105,229.71365191790494,1700
135.9883110635929,229.5880234296925,1701
136.06781397497053,229.46169931180862,1702
136.1481147182984,229.33468066781748,1703
136.22921365694367,229.20696857363762,1704
136.3111111881453,229.07856407776993,1705
136.39380774283688,228.94946820152393,1706
136.47730378547158,228.8196819392421,1707
136.561599813851,228.68920625852238,1708
136.6466963589562,228.55804210043894,1709
136.7325939847821,228.4261903797615,1710
136.81929328817387,228.29365198517254,1711
136.9067948986665,228.1604277794836,1712
136.99509947832686,228.02651859984957,1713
137.08420772159792,227.89192525798205,1714
137.17412035514556,227.75664854036103,1715
137.26483813770744,227.62068920844564,1716
137.35636185994426,227.4840479988834,1717
137.44869234429294,227.34672562371873,1718
137.54183044482178,227.20872277060033,1719
137.63577704708754,227.07004010298738,1720
137.73053306799412,226.93067826035545,1721
137.8260994556531,226.790637858401,1722
137.9224771892456,226.6499194892458,1723
138.0196672788859,226.5085237216404,1724
138.11767076548583,226.36645110116717,1725
138.21648872062096,226.22370215044307,1726
138.31612224639738,226.08027736932192,1727
138.41657247531967,225.9361772350967,1728
138.51784057015968,225.7914022027013,1729
138.61992772382587,225.64595270491284,1730
138.7228351592334,225.49982915255364,1731
138.8265641291744,225.35303193469338,1732
138.93111591618865,225.20556141885177,1733
139.03649183243465,225.05741795120142,1734
139.14269321956004,224.9086018567714,1735
139.2497214485725,224.75911343965117,1736
139.35757791971014,224.60895298319542,1737
139.46626406231098,224.4581207502297,1738
139.57578133468266,224.30661698325693,1739
139.68613122397053,224.15444190466522,1740
139.7973152460253,224.00159571693666,1741
139.90933494526922,223.84807860285738,1742
140.02219189456116,223.6938907257295,1743
140.13588769506003,223.5390322295842,1744
140.2504239760867,223.38350323939673,1745
140.36580239498372,223.22730386130328,1746
140.4820246369734,223.0704341828199,1747
140.5990924150132,222.91289427306336,1748
140.71700746964873,222.75468418297464,1749
140.8357715688645,222.5958039455446,1750
140.95538650793077,222.43625357604225,1751
141.07585410924838,222.27603307224604,1752
141.19717622218948,222.11514241467782,1753
141.3193547229348,221.95358156683992,1754
141.4423915143073,221.7913504754556,1755
141.56628852560152,221.6284490707129,1756
141.69104771240865,221.46487726651185,1757
141.81667105643697,221.3006349607159,1758
141.9431605653276,221.13572203540693,1759
142.07051827246477,220.9701383571446,1760
142.19874623678115,220.8038837772299,1761
142.327846542557,220.63695813197364,1762
142.45782129921386,220.469361242969,1763
142.58867264110134,220.3010929173697,1764
142.7204027272779,220.1321529481729,1765
142.85301374128443,219.96254111450767,1766
142.98650789091062,219.7922571819291,1767
143.12088740795392,219.621300902718,1768
143.25615454797045,219.44967201618667,1769
143.39231159001784,219.27737024899145,1770
143.52936083638932,219.10439531545097,1771
143.66730461233902,218.93074691787197,1772
143.80614526579805,218.7564247468815,1773
143.94588516708052,218.58142848176672,1774
144.08652670857978,218.40575779082243,1775
144.22807230445446,218.2294123317058,1776
144.37052439030282,218.05239175179966,1777
144.51388542282675,217.87469568858413,1778
144.65815787948344,217.69632377001673,1779
144.80334425812515,217.51727561492126,1780
144.94944707662648,217.33755083338647,1781
145.0964688724984,217.15714902717357,1782
145.24441220248895,216.97606979013412,1783
145.39327964216986,216.79431270863782,1784
145.54307378550908,216.61187736201072,1785
145.6937972444278,216.42876332298457,1786
145.84545264834247,216.2449701581568,1787
145.99804264369078,216.06049742846255,1788
146.1515698934412,215.87534468965808,1789
146.30603707658537,215.68951149281654,1790
146.4614468876132,215.50299738483633,1791
146.6178020359696,215.31580190896233,1792
146.7751052454927,215.12792460532046,1793
146.933359253833,214.93936501146584,1794
147.09256681185232,214.75012266294502,1795
147.2527306830025,214.56019709387286,1796
147.41385364268336,214.36958783752394,1797
147.57593847757843,214.17829442693966,1798
147.73898798496893,213.98631639555055,1799
147.90300497202443,213.79365327781534,1800
148.06799225507038,213.6003046098757,1801
148.2339526588308,213.406269930229,1802
148.40088901564656,213.21154878041764,1803
148.5688041646679,213.0161407057367,1804
148.73770095102054,212.82004525595988,1805
148.9075822249449,212.62326198608426,1806
149.07845084090755,212.42579045709414,1807
149.25030965668424,212.227630236745,1808
149.42316153241364,212.02878090036734,1809
149.59700932962127,211.82924203169156,1810
149.77185591021265,211.62901322369393,1811
149.94770413543492,211.4280940794643,1812
150.1245568648065,211.22648421309603,1813
150.3024169550131,211.02418325059878,1814
150.48128725877083,210.8211908308345,1815
150.66117062365373,210.61750660647738,1816
150.84206989088648,210.41313024499766,1817
151.02398789410057,210.2080614296712,1818
151.2069274580535,210.00229986061342,1819
151.3908913973102,209.79584525583985,1820
151.57588251488522,209.5886973523532,1821
151.76190360084587,209.3808559072568,1822
151.9489574308746,209.1723206988966,1823
152.13704676479023,208.96309152803045,1824
152.32617434502703,208.75316821902652,1825
152.51634289507064,208.54255062109078,1826
152.70755511785032,208.33123860952475,1827
152.89981369408645,208.11923208701248,1828
153.0931212805925,207.90653098493985,1829
153.28748050853034,207.69313526474428,1830
153.48289398161853,207.479044919297,1831
153.67936427429262,207.26425997431733,1832
153.87689392981594,207.04878048982084,1833
154.0754854583411,206.83260656160036,1834
154.27514133492065,206.6157383227416,1835
154.47586399746643,206.3981759451733,1836
154.67765584465636,206.1799196412527,1837
154.8805192337884,205.96096966538653,1838
155.08445647858068,205.74132631568827,1839
155.289469846917,205.52098993567236,1840
155.49556155853682,205.29996091598505,1841
155.7027337826693,205.07823969617357,1842
155.91098863561038,204.8558267664926,1843
156.12032817824277,204.6327226697501,1844
156.33075441349715,204.40892800319114,1845
156.5422692837551,204.18444342042193,1846
156.75487466819234,203.95926963337314,1847
156.9685723800623,203.7334074143029,1848
157.1833641639187,203.506857597841,1849
157.39925169277757,203.27962108307315,1850
157.61623656521758,203.05169883566634,1851
157.83432030241846,202.82309189003567,1852
158.05350434513727,202.59380135155203,1853
158.27379005062204,202.36382839879212,1854
158.4951786894625,202.13317428582957,1855
158.71767144237745,201.9018403445683,1856
158.94126939693965,201.66982798711805,1857
159.16597354423658,201.43713870821088,1858
159.39178477546798,201.203774087661,1859
159.61870387848055,200.96973579286552,1860
159.84673153423861,200.73502558134732,1861
160.07586831323235,200.4996453033396,1862
160.3061146718227,200.2635969044119,1863
160.5374709485244,200.02688242813696,1864
160.76993736022624,199.78950401879908,1865
161.0035139983504,199.55146392414218,1866
161.23820082495038,199.31276449815834,1867
161.47399766874918,199.0734082039159,1868
161.7109042211174,198.83339761642605,1869
161.94892003199385,198.59273542554826,1870
162.18804450574746,198.3514244389325,1871
162.428276896984,198.10946758499918,1872
162.66961630629694,197.86686791595386,1873
162.91206167596488,197.6236286108376,1874
163.15561178559716,197.37975297861087,1875
163.40026524772819,197.13524446127002,1876
163.64602050336376,196.8901066369952,1877
163.89287581748005,196.64434322332883,1878
164.14082927447808,196.39795808038195,1879
164.38987877359546,196.1509552140683,1880
164.640022024278,195.90333877936388,1881
164.8912565415138,195.65511308358992,1882
165.14357964113177,195.40628258971816,1883
165.39698843506866,195.15685191969592,1884
165.65147982660633,194.90682585778907,1885
165.90705050558347,194.65620935394077,1886
166.16369694358426,194.40500752714368,1887
166.42141538910812,194.15322566882304,1888
166.68020186272395,193.90086924622818,1889
166.94005215221264,193.64794390583012,1890
167.2009618077024,193.39445547672167,1891
167.46292613680046,193.14040997401813,1892
167.72594019972613,192.8858136022546,1893
167.98999880444924,192.6306727587773,1894
168.25509650184017,192.3749940371254,1895
168.52122758083388,192.11878423040017,1896
168.78838606361614,191.86205033461738,1897
169.05656570083477,191.6047995520393,1898
169.32575996684338,191.3470392944837,1899
169.59596205498175,191.08877718660366,1900
169.86716487290016,190.83002106913608,1901
170.13936103793245,190.57077900211388,1902
170.4125428725255,190.3110592680374,1903
170.68670239973025,190.05087037500036,1904
170.96183133876193,189.79022105976725,1905
171.23792110063545,189.529120290795,1906
171.5149627838836,189.2675772711963,1907
171.79294717036447,189.00560144163867,1908
172.0718647211667,188.74320248317355,1909
172.35170557261722,188.48039031999215,1910
172.63245953240303,188.21717512210063,1911
172.9141160758102,187.95356730791107,1912
173.196664342092,187.6895775467411,1913
173.48009313097046,187.42521676121862,1914
173.76439089928215,187.160496129584,1915
174.04954575777447,186.89542708788537,1916
174.33554546806107,186.63002133206135,1917
174.62237743974492,186.36429081990408,1918
174.91002872771685,186.09824777289828,1919
175.1984860296371,185.8319046779302,1920
175.48773568361077,185.56527428885897,1921
175.77776366606093,185.29836962794704,1922
176.06855558981286,185.03120398714168,1923
176.3600967023926,184.76379092920243,1924
176.6523718845516,184.49614428866954,1925
176.94536564902447,184.22827817266506,1926
177.23906213952523,183.96020696152445,1927
177.53344512999575,183.69194530924858,1928
177.82849802410655,183.4235081437748,1929
178.12420385502426,183.15491066705894,1930
178.42054528544884,182.8861683549622,1931
178.7175046079285,182.61729695694143,1932
179.01506374546113,182.34831249553147,1933
179.31320425238823,182.0792312656208,1934
179.61190731558304,181.810069833512,1935
179.91115375595072,181.5408450357606,1936
180.21092403021927,181.2715739777964,1937
180.51119823308682,181.00227403230846,1938
180.81195609963916,180.73296283740436,1939
181.11317700812768,180.46365829453177,1940
181.41483998306043,180.19437856616096,1941
181.7169236986402,179.92514207322702,1942
182.01940648252537,179.6559674923005,1943
182.32226631993956,179.386873752575,1944
182.62548085812088,179.1178800325276,1945
182.9290274111171,178.8490057563644,1946
183.23288296492456,178.58027059021978,1947
183.53702418297547,178.31169443807585,1948
183.8414274119722,178.04329743744057,1949
184.1460686880678,177.77509995476524,1950
184.45092374339265,177.5071225806019,1951
184.75596801292707,177.2393861245051,1952
185.06117664171464,176.97191160967796,1953
185.36652449241615,176.7047202673624,1954
185.67198615320166,176.437833530974,1955
185.97753594597268,176.17127302998736,1956
186.28314793491424,175.9050605835707,1957
186.5887959353699,175.6392181939741,1958
186.8944535230329,175.37376803967572,1959
187.20009404344856,175.10873246828803,1960
187.50569062181972,174.84413398922993,1961
187.8112161731081,174.57999526616788,1962
188.1166434124225,174.31633910923347,1963
188.42194486568476,174.0531884670226,1964
188.7270928805651,173.79056641837983,1965
189.0320596376747,173.528496163979,1966
189.33681716200596,173.26700101770388,1967
189.64133733460815,173.00610439783748,1968
189.9455919044873,172.7458298180691,1969
190.24955250071727,172.4862008783248,1970
190.55319064474887,172.22724125543365,1971
190.85647776290384,171.96897469363608,1972
191.15938519903926,171.71142499494565,1973
191.46188422736876,171.45461600937313,1974
191.76394606542448,171.19857162502427,1975
192.065541887146,170.94331575808113,1976
192.36664283607936,170.68887234267817,1977
192.66722003867125,170.43526532068446,1978
192.96724461764157,170.18251863140355,1979
193.2666877054187,169.93065620120242,1980
193.56552045762055,169.67970193308184,1981
193.8637140665638,169.4296796962003,1982
194.16123977478657,169.1806133153636,1983
194.45806888856532,168.93252656049282,1984
194.75417279141018,168.68544313608288,1985
195.0495229575219,168.43938667066504,1986
195.34409096519266,168.1943807062854,1987
195.6378485101341,167.95044868801193,1988
195.9307674187164,167.70761395348455,1989
196.22281966110106,167.46589972251786,1990
196.51397736425088,167.22532908677258,1991
196.80421282480174,166.98592499950558,1992
197.09349852177945,166.7477102654126,1993
197.3818071291462,166.51070753057533,1994
197.66911152816164,166.27493927252456,1995
197.955384819543,166.04042779043255,1996
198.240600335411,165.80719519544502,1997
198.52473165100528,165.5752634011649,1998
198.80775259615848,165.3446541142992,1999
199.089637266513,165.11538882547927,2000
199.37036003447065,164.88748880026517,2001
199.64989555986043,164.66097507034496,2002
199.92821880031542,164.43586842493775,2003
200.20530502134568,164.2121894024108,2004
200.48112980609883,163.98995828211932,2005
200.75566906479733,163.7691950764774,2006
201.02889904384375,163.54991952326873,2007
201.30079633458638,163.33215107820462,2008
201.57133788173658,163.11590890773633,2009
201.84050099143136,162.90121188212873,2010
202.10826333893488,162.68807856880164,2011
202.37460297597315,162.47652722594458,2012
202.63949833769695,162.26657579640982,2013
202.90292824926902,162.05824190188937,2014
203.16487193207175,161.8515428373791,2015
203.42530900953238,161.64649556593477,2016
203.684219512564,161.44311671372228,2017
203.94158388462037,161.24142256536555,2018
204.19738298636426,161.0414290595939,2019
204.45159809994868,160.84315178519043,2020
204.70421093291168,160.64660597724315,2021
204.9552036216858,160.45180651369895,2022
205.20455873472406,160.25876791222072,2023
205.4522592752447,160.06750432734768,2024
205.6982886835973,159.87802954795745,2025
205.9426308392543,159.69035699502956,2026
206.1852700624314,159.50449971970764,2027
206.42619111534208,159.3204704016589,2028
206.66537920309008,159.13828134772788,2029
206.90281997420678,158.95794449088197,2030
207.13849952083817,158.7794713894448,2031
207.37240437858878,158.60287322661387,2032
207.60452152602875,158.42816081025853,2033
207.83483838387104,158.25534457299378,2034
208.06334281382738,158.0844345725244,2035
208.2900231171492,157.91544049225553,2036
208.51486803286318,157.74837164216305,2037
208.73786673570874,157.58323695991885,2038
208.95900883378695,157.42004501226464,2039
209.17828436592893,157.25880399662836,2040
209.39568379879367,157.09952174297652,2041
209.61119802370402,156.94220571589585,2042
209.82481835323026,156.78686301689802,2043
210.03653651753098,156.6335003869395,2044
210.2463446604611,156.48212420915016,2045
210.45423533545605,156.33274051176326,2046
210.6602015012027,156.18535497123926,2047
210.86423651710652,156.0399729155763,2048
211.06633413856449,155.89659932779935,2049
211.26648851205434,155.75523884962098,2050
211.46469417004909,155.61589578526602,2051
211.66094602576732,155.47857410545208,2052
211.85523936776875,155.34327745151867,2053
212.0475698544041,155.2100091396974,2054
212.23793350812986,155.07877216551492,2055
212.42632670969684,154.94956920832178,2056
212.6127461922212,154.82240263593928,2057
212.79718903514873,154.69727450941687,2058
212.97965265811953,154.5741865878926,2059
213.16013481474351,154.45314033354947,2060
213.33863358629463,154.33413691666007,2061
213.51514737533225,154.21717722071304,2062
213.68967489925876,154.10226184761345,2063
213.86221518382087,153.98939112295048,2064
214.03276755656245,153.8785651013265,2065
214.20133164023753,153.76978357173917,2066
214.3679073461899,153.66304606301154,2067
214.5324948677075,153.5583518492631,2068
214.69509467335766,153.45569995541567,2069
214.85570750031135,153.35508916272812,2070
215.01433434766182,153.25651801435416,2071
215.17097646974474,153.1599848209168,2072
215.3256353694657,153.0654876660954,2073
215.47831279164092,152.97302441221797,2074
215.62901071635736,152.8825927058551,2075
215.7777313523567,152.79418998340995,2076
215.9244771304495,152.70781347669907,2077
216.06925069696345,152.62346021852022,2078
216.2120549072315,152.5411270482018,2079
216.3528928191234,152.46081061712997,2080
216.49176768662556,152.38250739424996,2081
216.62868295347315,152.30621367153623,2082
216.76364224683795,152.23192556942905,2083
216.89664937107628,152.15963904223315,2084
217.02770830153938,152.0893498834754,2085
217.15682317845057,152.0210537312176,2086
217.28399830085115,151.9547460733226,2087
217.4092381206186,151.89042225266928,2088
217.53254723655917,151.828077472315,2089
217.65393038857766,151.76770680060184,2090
217.773392451926,151.7093051762053,2091
217.89093843153327,151.652867413122,2092
218.00657345641892,151.5983882055955,2093
218.12030277419035,151.54586213297716,2094
218.23213174562704,151.4952836645211,2095
218.34206583935196,151.44664716411106,2096
218.45011062659205,151.39994689491766,2097
218.5562717760285,151.35517702398533,2098
218.6605550487375,151.31233162674633,2099
218.7629662932228,151.27140469146198,2100
218.86351144054024,151.23239012358974,2101
218.9621964995149,151.19528175007437,2102
219.05902755205133,151.16007332356398,2103
219.15401074853705,151.12675852654863,2104
219.24715230333942,151.09533097542217,2105
219.33845849039605,151.06578422446617,2106
219.42793563889856,151.03811176975574,2107
219.51559012906966,151.01230705298687,2108
219.60142838803318,150.98836346522552,2109
219.68545688577694,150.96627435057755,2110
219.76768213120764,150.94603300978042,2111
219.84811066829778,150.92763270371572,2112
219.9267490723237,150.91106665684364,2113
220.00360394619412,150.89632806055883,2114
220.0786819168687,150.8834100764681,2115
220.1519896318656,150.8723058395906,2116
220.22353375585755,150.86300846148058,2117
220.2933209673551,150.8555110332729,2118
220.36135795547673,150.8498066286526,2119
220.42765141680414,150.8458883067482,2120
220.4922080523224,150.8437491149497,2121
220.55503456444376,150.84338209165216,2122
220.61613765411326,150.84478026892515,2123
220.67552401799668,150.84793667510868,2124
220.73320034574775,150.85284433733673,2125
220.78917331735505,150.8594962839893,2126
220.84344960056671,150.867885547073,2127
220.8960358483913,150.87800516453171,2128
220.94693869667492,150.88984818248795,2129
220.99616476175188,150.90340765741595,2130
221.04372063816882,150.9186766582469,2131
221.08961289648016,150.93564826840802,2132
221.13384808111422,150.95431558779543,2133
221.17643270830862,150.97467173468283,2134
221.21737326411338,150.99670984756614,2135
221.25667620246057,151.02042308694516,2136
221.29434794329964,151.04580463704386,2137
221.3303948707966,151.07284770746932,2138
221.36482333159597,151.10154553481112,2139
221.39763963314434,151.1318913841818,2140
221.42885004207412,151.1638785506992,2141
221.45846078264637,151.19750036091213,2142
221.4864780352513,151.23275017416998,2143
221.51290793496528,151.2696213839376,2144
221.5377565701631,151.3081074190557,2145
221.56102998118445,151.34820174494897,2146
221.5827341590528,151.38989786478166,2147
221.60287504424662,151.43318932056235,2148
221.62145852552027,151.4780696941985,2149
221.63849043877494,151.52453260850183,2150
221.653976565977,151.57257172814593,2151
221.66792263412393,151.6221807605759,2152
221.68033431425602,151.67335345687212,2153
221.6912172205124,151.7260836125685,2154
221.7005769092315,151.78036506842594,2155
221.70841887809345,151.8361917111627,2156
221.7147485653046,151.8935574741412,2157
221.71957134882223,151.95245633801338,2158
221.72289254561898,152.0128823313249,2159
221.72471741098565,152.07482953107908,2160
221.7250511378719,152.1382920632613,2161
221.72389885626322,152.20326410332473,2162
221.72126563259377,152.26973987663837,2163
221.717156469194,152.33771365889785,2164
221.7115763037722,152.40717977649987,2165
221.7045300089288,152.47813260688127,2166
221.69602239170325,152.55056657882284,2167
221.6860581931518,152.62447617271928,2168
221.67464208795633,152.69985592081548,2169
221.66177868406226,152.77670040741012,2170
221.64747252234608,152.85500426902712,2171
221.6317280763106,152.93476219455533,2172
221.61454975180808,153.01596892535753,2173
221.59594188678992,153.09861925534926,2174
221.57590875108232,153.18270803104755,2175
221.55445454618788,153.26823015159113,2176
221.53158340511152,153.35518056873119,2177
221.5072993922106,153.44355428679515,2178
221.481606503069,153.53334636262207,2179
221.45450866439367,153.6245519054715,2180
221.42600973393402,153.7171660769057,2181
221.39611350042276,153.81118409064587,2182
221.36482368353853,153.9066012124027,2183
221.33214393388894,154.00341275968188,2184
221.2980778330143,154.1016141015649,2185
221.26262889341098,154.20120065846558,2186
221.22580055857438,154.30216790186256,2187
221.18759620306068,154.40451135400843,2188
221.14801913256738,154.50822658761558,2189
221.1070725840321,154.61330922551943,2190
221.0647597257487,154.71975494031895,2191
221.02108365750155,154.82755945399524,2192
220.97604741071635,154.93671853750809,2193
220.92965394862813,155.0472280103713,2194
220.8819061664653,155.1590837402061,2195
220.83280689165065,155.27228164227463,2196
220.7823588840173,155.38681767899132,2197
220.7305648360412,155.50268785941498,2198
220.6774273730885,155.6198882387198,2199
220.62294905367858,155.73841491764665,2200
220.56713236976165,155.8582640419344,2201
220.50997974701164,155.9794318017316,2202
220.45149354513333,156.10191443098844,2203
220.39167605818437,156.22570820682955,2204
220.33052951491135,156.35080944890774,2205
220.26805607910046,156.47721451873835,2206
220.20425784994185,156.6049198190147,2207
220.1391368624085,156.73392179290522,2208
220.0726950876487,156.86421692333099,2209
220.00493443339275,156.9958017322257,2210
219.93585674437318,157.12867277977617,2211
219.8654638027591,157.26282666364506,2212
219.7937573286043,157.398260018175,2213
219.72073898030894,157.53496951357428,2214
219.6464103550954,157.6729518550844,2215
219.5707729894977,157.81220378212956,2216
219.49382835986495,157.9527220674476,2217
219.41557788287875,158.09450351620325,2218
219.3360229160845,158.23754496508272,2219
219.25516475843676,158.38184328137066,2220
219.1730046508591,158.5273953620087,2221
219.08954377681783,158.6741981326359,2222
219.00478326291048,158.82224854661126,2223
218.91872417946837,158.97154358401792,2224
218.83136754117453,159.1220802506492,2225
218.7427143076959,159.2738555769765,2226
218.6527653843308,159.42686661709914,2227
218.56152162267153,159.58111044767557,2228
218.4689838212824,159.73658416683682,2229
218.3751527263934,159.89328489308116,2230
218.2800290326097,160.0512097641506,2231
218.18361338363707,160.21035593588905,2232
218.08590637302387,160.3707205810819,2233
217.98690854491923,160.53230088827706,2234
217.88662039484868,160.69509406058754,2235
217.78504237050606,160.85909731447526,2236
217.68217487256368,161.02430787851645,2237
217.57801825549944,161.19072299214784,2238
217.47257282844265,161.35833990439463,2239
217.36583885603764,161.52715587257916,2240
217.2578165593264,161.6971681610108,2241
217.14850611665003,161.86837403965694,2242
217.03790766456967,162.04077078279497,2243
216.9260212988073,162.2143556676451,2244
216.81284707520638,162.38912597298395,2245
216.69838501071305,162.56507897773935,2246
216.58263508437855,162.74221195956565,2247
216.46559723838257,162.92052219339968,2248
216.34727137907828,163.10000694999778,2249
216.22765737806003,163.2806634944531,2250
216.10675507325283,163.4624890846941,2251
215.9845642700256,163.64548096996302,2252
215.86108474232722,163.82963638927555,2253
215.73631623384685,164.01495256986092,2254
215.61025845919858,164.2014267255826,2255
215.48291110513074,164.38905605533967,2256
215.35427383176076,164.57783774144877,2257
215.22434627383552,164.7677689480071,2258
215.09312804201815,164.9588468192355,2259
214.96061872420168,165.1510684778029,2260
214.82681788684962,165.3444310231315,2261
214.69172507636472,165.53893152968251,2262
214.5553398204856,165.73456704522314,2263
214.41766162971257,165.93133458907502,2264
214.27868999876222,166.129231150343,2265
214.13842440805246,166.328253686126,2266
213.99686432521733,166.5283991197089,2267
213.85400920665296,166.72966433873637,2268
213.70985849909485,166.93204619336797,2269
213.56441164122703,167.13554149441575,2270
213.41766806532377,167.34014701146367,2271
213.26962719892387,167.54585947096962,2272
213.1202884665391,167.75267555434957,2273
212.96965129139585,167.96059189604537,2274
212.81771509721196,168.16960508157462,2275
212.6644793100081,168.37971164556535,2276
212.50994335995503,168.59090806977284,2277
212.35410668325682,168.80319078108175,2278
212.1969687240705,169.0165561494923,2279
212.03852893646302,169.2310004860906,2280
211.87878678640533,169.44652004100553,2281
211.7177417538051,169.66311100134948,2282
211.55539333457722,169.88076948914704,2283
211.391741042754,170.0994915592485,2284
211.22678441263412,170.3192731972315,2285
211.06052300097178,170.54011031728953,2286
210.89295638920606,170.76199876010938,2287
210.72408418573102,170.98493429073568,2288
210.55390602820654,171.20891259642661,2289
210.38242158591115,171.43392928449776,2290
210.20963056213617,171.6599798801578,2291
210.03553269662225,171.8870598243342,2292
209.86012776803835,172.1151644714918,2293
209.6834155965034,172.34428908744349,2294
209.50539604615108,172.57442884715428,2295
209.3260690277377,172.80557883253988,2296
209.1454345012939,173.03773403025963,2297
208.9634924788196,173.2708893295061,2298
208.78024302702318,173.505039519791,2299
208.59568627010444,173.74017928872829,2300
208.4098223925817,173.97630321981694,2301
208.22265164216284,174.2134057902219,2302
208.03417433266074,174.45148136855724,2303
207.8443908469528,174.6905242126692,2304
207.65330163998428,174.93052846742276,2305
207.46090724181605,175.17148816249278,2306
207.2672082607157,175.4133972101575,2307
207.0722053862927,175.65624940310153,2308
206.8758993926766,175.90003841222256,2309
206.6782911417385,176.14475778444933,2310
206.47938158635534,176.39040094056742,2311
206.27917177371643,176.6369611730571,2312
206.07766284867188,176.88443164394317,2313
205.8748560571223,177.13280538265766,2314
205.67075274944952,177.38207528391897,2315
205.46535438398743,177.6322341056261,2316
205.25866253053186,177.88327446677195,2317
205.05067887388975,178.1351888453737,2318
204.8414052174653,178.38796957642705,2319
204.63084348688395,178.64160884987973,2320
204.41899573365123,178.89609870863302,2321
204.2058641388471,179.15143104655962,2322
203.99145101685352,179.4075976065629,2323
203.77575881911463,179.66458997865067,2324
203.55879013792745,179.92239959804442,2325
203.34054771026288,180.18101774332908,2326
203.12103442161424,180.440435534625,2327
202.9002533098723,180.70064393178444,2328
202.67820756922544,180.96163373266097,2329
202.45490055408217,181.22339557138548,2330
202.2303357830154,181.4859199166954,2331
202.00451694272485,181.7491970703003,2332
201.77744789201748,182.01321716530214,2333
201.5491326658015,182.27797016465027,2334
201.31957547909352,182.54344585965072,2335
201.08878073103529,182.8096338685241,2336
200.85675300891793,183.0765236350129,2337
200.6234970922107,183.34410442704575,2338
200.38901795659189,183.6123653354544,2339
200.15332077797865,183.88129527274853,2340
199.9164109365528,184.15088297195138,2341
199.6782940207795,184.42111698549311,2342
199.4389758314154,184.69198568417156,2343
199.19846238550338,184.96347725617412,2344
198.95675992034944,185.23557970616906,2345
198.71387489747931,185.50828085446412,2346
198.46981400656972,185.7815683362372,2347
198.22458416935177,186.0554296008383,2348
197.97819254348119,186.32985191116768,2349
197.73064652637248,186.6048223431297,2350
197.48195375899172,186.88032778516487,2351
197.23212212960445,187.15635493786306,2352
196.98115977747358,187.4328903136588,2353
196.72907509650332,187.70992023661032,2354
196.47587673882362,187.98743084226496,2355
196.22157361831128,188.265408077613,2356
195.96617491404214,188.5438377011301,2357
195.70969007366918,188.82270528291224,2358
195.45212881672217,189.10199620490397,2359
195.19350113782286,189.38169566122122,2360
194.93381730981102,189.66178865857137,2361
194.67308788677508,189.94226001677202,2362
194.41132370698318,190.22309436937,2363
194.1485358957074,190.50427616436204,2364
193.88473586793708,190.78578966501897,2365
193.6199353309748,191.0676189508159,2366
193.35414628690899,191.34974791846767,2367
193.08738103495787,191.6321602830739,2368
192.81965217367875,191.9148395793721,2369
192.550972603037,192.19776916310357,2370
192.28135552632776,192.48093221248982,2371
192.01081445194637,192.7643117298241,2372
191.7393631949996,193.04789054317672,2373
191.46701587875285,193.33165130821718,2374
191.19378693590784,193.61557651015286,2375
190.91969110970322,193.89964846578616,2376
190.6447434548348,194.183849325691,2377
190.36895933818687,194.46816107650866,2378
190.09235443937104,194.75256554336522,2379
189.81494475106626,195.03704439241014,2380
189.536746579154,195.3215791334771,2381
189.25777654264402,195.60615112286789,2382
188.978051573385,195.89074156625944,2383
188.69758891555458,196.17533152173388,2384
188.41640612492492,196.45990190293384,2385
188.1345210678971,196.7444334823404,2386
187.8519519203023,197.02890689467606,2387
187.56871716596194,197.31330264043146,2388
187.28483559500617,197.59760108951636,2389
187.00032630194391,197.88178248503345,2390
186.71520868348188,198.16582694717653,2391
186.42950243608917,198.4497144772504,2392
186.1432275533038,198.73342496181354,2393
185.8564043227784,199.0169381769413,2394
185.56905332306178,199.30023379261021,2395
185.2811954201165,199.58329137720094,2396
184.992851763566,199.86609040211954,2397
184.7040437826743,200.14861024653513,2398
184.414793182055,200.43083020223327,2399
184.1251219371072,200.7127294785821,2400
183.83505228918008,200.99428720761054,2401
183.54460674046686,201.2754824491964,2402
183.2538080486236,201.55629419636134,2403
182.96267922111932,201.83670138067154,2404
182.67124350931596,202.11668287774134,2405
182.37952440227846,202.3962175128363,2406
182.0875456203195,202.67528406657405,2407
181.79533110828078,202.95386128071945,2408
181.5029050285513,203.23192786407074,2409
181.2102917538321,203.50946249843383,2410
180.91751585964175,203.7864438446805,2411
180.62460211657765,204.06285054888804,2412
180.33157548233032,204.3386612485551,2413
180.0384610934636,204.61385457889088,2414
179.7452842569433,204.88840917917298,2415
179.45207044146792,205.16230369916983,2416
179.15884526855825,205.4355168056228,2417
178.8656345034372,205.7080271887839,2418
178.57246404570486,205.97981356900428,2419
178.27935991982008,206.25085470336765,2420
177.98634826538805,206.5211293923653,2421
177.69345532726916,206.79061648660553,2422
177.400707445517,207.0592948935536,2423
177.10813104515583,207.32714358429635,2424
176.81575262580552,207.59414160032534,2425
176.52359875116707,207.86026806033368,2426
176.23169603837746,208.12550216702013,2427
175.94007114724587,208.38982321389477,2428
175.64875076938293,208.65321059208048,2429
175.35776161723427,208.9156437971035,2430
175.06713041302902,209.17710243566793,2431
174.7768838776592,209.437566232407,2432
174.48704871949778,209.69701503660556,2433
174.19765162317185,209.95542882888725,2434
173.9087192383011,210.21278772785982,2435
173.6202781682156,210.46907199671298,2436
173.33235495866674,210.72426204976156,2437
173.04497608654188,210.97833845892842,2438
172.75816794859867,211.23128196016032,2439
172.47195685023024,211.48307345977094,2440
172.18636899427588,211.7336940407042,2441
171.9014304698884,211.9831249687126,2442
171.6171672414733,212.2313476984435,2443
171.33360513771208,212.47834387942828,2444
171.05076984068094,212.72409536196758,2445
170.76868687508053,212.9685842029075,2446
170.48738159758634,213.21179267130069,2447
170.20687918633388,213.45370325394714,2448
169.92720463055056,213.69429866080839,2449
169.6483827203449,213.93356183029115,2450
169.37043803666626,214.17147593439404,2451
169.09339494144467,214.40802438371307,2452
168.81727756792353,214.64319083230154,2453
168.5421098111938,214.87695918237833,2454
168.26791531894125,215.10931358888203,2455
167.99471748241595,215.34023846386555,2456
167.72253942763354,215.56971848072754,2457
167.45140400681706,215.79773857827712,2458
167.18133379008827,216.02428396462827,2459
166.9123510574156,216.2493401209204,2460
166.64447779082758,216.472892804863,2461
166.3777356668974,216.69492805410036,2462
166.1121460495063,216.91543218939478,2463
165.8477299828914,217.1343918176259,2464
165.58450818498324,217.35179383460365,2465
165.32250104103866,217.56762542769414,2466
165.0617285975731,217.78187407825556,2467
164.80221055659624,217.99452756388482,2468
164.54396627015495,218.20557396047204,2469
164.28701473518575,218.41500164406386,2470
164.0313745886798,218.62279929253424,2471
163.77706410316165,218.828955887063,2472
163.52410118248415,219.03346071342227,2473
163.27250335793846,219.23630336307122,2474
163.0222877846821,219.43747373405964,2475
162.7734712384822,219.6369620317414,2476
162.52607011277524,219.8347587692991,2477
162.2801004160411,220.03085476808104,2478
162.03557776949012,220.22524115775235,2479
161.792517405061,220.41790937626197,2480
161.5509341637275,220.608851169628,2481
161.3108424941098,220.79805859154325,2482
161.07225645138882,220.98552400280397,2483
160.83518969651806,221.17124007056373,2484
160.59965549573045,221.35519976741668,2485
160.36566672033402,221.5373963703117,2486
160.1332358467932,221.7178234593023,2487
159.90237495708922,221.89647491613437,2488
159.67309573935515,222.07334492267594,2489
159.4454094887789,222.24842795919346,2490
159.21932710876885,222.42171880247687,2491
158.99485911237582,222.59321252381866,2492
158.772015623964,222.76290448685089,2493
158.550806381125,222.93079034524408,2494
158.33124073682785,223.0968660402726,2495
158.11332766179765,223.26112779825047,2496
157.8970757471155,223.42357212784307,2497
157.6824932070328,223.58419581725818,2498
157.4695878819918,223.74299593132167,2499
157.25836724184535,223.8999698084425,2500
157.04883838926736,224.0551150574713,2501
156.8410080633472,224.2084295544578,2502
156.63488264335913,224.35991143931145,2503
156.43046815269972,224.5095591123703,2504
156.2277702629851,224.65737123088283,2505
156.0267942982997,224.8033467054073,2506
155.8275452395897,224.94748469613384,2507
155.63002772919168,225.08978460913335,2508
155.43424607549088,225.2302460925388,2509
155.24020425769874,225.36886903266284,2510
155.04790593074438,225.5056535500566,2511
154.85735443027093,225.64059999551435,2512
154.66855277772967,225.7737089460288,2513
154.48150368556435,225.90498120070092,2514
154.29620956247913,226.03441777660888,2515
154.11267251878175,226.1620199046411,2516
153.9308943717957,226.28778902529672,2517
153.7508766513342,226.41172678445795,2518
153.57262060522947,226.53383502913914,2519
153.39612720490987,226.65411580321546,2520
153.22139715101952,226.77257134313572,2521
153.04843087907318,226.8892040736232,2522
152.8772285651406,227.0040166033679,2523
152.7077901315544,227.11701172071417,2524
152.5401152526354,227.22819238934687,2525
152.37420336043027,227.33756174397976,2526
152.21005365045522,227.44512308604942,2527
152.0476650874412,227.55087987941764,2528
151.88703641107531,227.65483574608567,2529
151.72816614173325,227.75699446192314,2530
151.5710525861982,227.8573599524147,2531
151.41569384336194,227.95593628842664,2532
151.26208780990322,228.05272768199697,2533
151.11023218593994,228.14773848215074,2534
150.96012448065017,228.24097317074327,2535
150.81176201785937,228.332436358334,2536
150.66514194158933,228.42213278009245,2537
150.52026122156556,228.51006729173895,2538
150.37711665868022,228.59624486552184,2539
150.23570489040685,228.6806705862334,2540
150.0960223961647,228.76334964726564,2541
149.95806550262952,228.84428734670834,2542
149.82183038898793,228.92348908349027,2543
149.68731309213362,229.0009603535658,2544
149.55450951180265,229.07670674614758,2545
149.42341541564588,229.1507339399868,2546
149.29402644423658,229.22304769970265,2547
149.16633811601113,229.2936538721613,2548
149.04034583214192,229.3625583829059,2549
148.91604488133999,229.42976723263894,2550
148.79343044458642,229.49528649375645,2551
148.67249759979177,229.55912230693636,2552
148.55324132638128,229.62128087778078,2553
148.43565650980602,229.68176847351268,2554
148.31973794597803,229.74059141972836,2555
148.20548034562992,229.79775609720528,2556
148.0928783385969,229.8532689387658,2557
147.98192647802185,229.90713642619775,2558
147.87261924448248,229.95936508723128,2559
147.7649510500401,230.00996149257253,2560
147.65891624221015,230.0589322529944,2561
147.55450910785402,230.10628401648404,2562
147.4517238769925,230.15202346544754,2563
147.35055472654017,230.1961573139714,2564
147.25099578396157,230.23869230514114,2565
147.15304113084903,230.27963520841593,2566
147.05668480642228,230.31899281706055,2567
146.96192081095035,230.35677194563294,2568
146.868743109096,230.3929794275282,2569
146.77714563318318,230.42762211257767,2570
146.68712228638833,230.4607068647043,2571
146.59866694585529,230.4922405596314,2572
146.5117734657352,230.52223008264764,2573
146.4264356801518,230.5506823264244,2574
146.3426474060926,230.5776041888881,2575
146.26040244622698,230.60300257114437,2576
146.17969459165184,230.62688437545538,2577
146.10051762456538,230.64925650326884,2578
146.02286532087066,230.67012585329846,2579
145.94673145270875,230.68949931965489,2580
145.87210979092305,230.70738379002688,2581
145.79899410745583,230.72378614391187,2582
145.72737817767725,230.73871325089547,2583
145.65725578264843,230.75217196897873,2584
145.58862071131972,230.76416914295302,2585
145.52146676266423,230.77471160282175,2586
145.45578774774887,230.78380616226767,2587
145.39157749174305,230.79145961716605,2588
145.32882983586634,230.7976787441418,2589
145.26753863927655,230.80247029917064,2590
145.20769778089849,230.80584101622364,2591
145.1493011611953,230.80779760595354,2592
145.09234270388296,230.80834675442307,2593
145.03681635758917,230.8074951218738,2594
144.98271609745765,230.80524934153544,2595
144.93003592669908,230.80161601847396,2596
144.8787698780897,230.79660172847878,2597
144.82891201541844,230.79021301698717,2598
144.78045643488394,230.7824563980466,2599
144.73339726644272,230.7733383533122,2600
144.6877286751087,230.76286533108095,2601
144.64344486220622,230.75104374535982,2602
144.600540066577,230.73787997496845,2603
144.55900856574198,230.72338036267527,2604
144.51884467701964,230.70755121436542,2605
144.48004275860137,230.69039879824172,2606
144.4425972105849,230.67192934405583,2607
144.40650247596713,230.6521490423704,2608
144.3717530415972,230.63106404385084,2609
144.33834343909047,230.60868045858595,2610
144.3062682457052,230.5850043554372,2611
144.27552208518193,230.56004176141568,2612
144.24609962854694,230.53379866108563,2613
144.21799559488133,230.50628099599479,2614
144.1912047520553,230.4774946641303,2615
144.16572191742992,230.44744551939937,2616
144.14154195852637,230.416139371135,2617
144.11865979366388,230.38358198362457,2618
144.0970703925674,230.34977907566213,2619
144.07676877694533,230.31473632012347,2620
144.05775002103888,230.27845934356247,2621
144.0400092521432,230.24095372582926,2622
144.02354165110134,230.20222499970896,2623
144.00834245277247,230.16227865058082,2624
143.9944069464736,230.12112011609653,2625
143.9817304763972,230.07875478587857,2626
143.97030844200495,230.03518800123572,2627
143.96013629839737,229.9904250548981,2628
143.95120955666184,229.94447119076855,2629
143.94352378419802,229.89733160369133,2630
143.93707460502262,229.84901143923784,2631
143.9318577000533,229.7995157935078,2632
143.92786880737307,229.74884971294588,2633
143.9251037224752,229.69701819417386,2634
143.92355829848987,229.64402618383713,2635
143.92322844639273,229.58987857846523,2636
143.9241101351962,229.53458022434646,2637
143.92619939212386,229.47813591741544,2638
143.92949230276906,229.42055040315384,2639
143.9339850112376,229.36182837650335,2640
143.93967372027547,229.30197448179084,2641
143.94655469138206,229.24099331266538,2642
143.95462424490947,229.1788894120461,2643
143.96387876014822,229.11566727208134,2644
143.9743146754,229.05133133411877,2645
143.98592848803793,228.9858859886847,2646
143.99871675455483,228.91933557547424,2647
144.01267609059954,228.85168438335057,2648
144.02780317100277,228.7829366503538,2649
144.04409472979157,228.71309656371815,2650
144.06154756019376,228.64216825989843,2651
144.08015851463253,228.57015582460443,2652
144.09992450471145,228.49706329284356,2653
144.12084250119034,228.42289464897115,2654
144.14290953395218,228.34765382674826,2655
144.1661226919622,228.27134470940678,2656
144.19047912321804,228.19397112972152,2657
144.21597603469323,228.11553687008902,2658
144.2426106922722,228.03604566261274,2659
144.27038042067895,227.95550118919476,2660
144.29928260339855,227.87390708163346,2661
144.32931468259244,227.79126692172682,2662
144.36047415900714,227.70758424138182,2663
144.3927585918772,227.6228625227287,2664
144.42616559882262,227.53710519824105,2665
144.4606928557405,227.4503156508605,2666
144.4963380966916,227.3624972141267,2667
144.53309911378219,227.2736531723117,2668
144.57097375704055,227.18378676055903,2669
144.60995993428966,227.09290116502726,2670
144.6500556110149,227.00099952303776,2671
144.69125881022794,226.90808492322657,2672
144.7335676123266,226.8141604057002,2673
144.7769801549508,226.71922896219561,2674
144.82149463283505,226.6232935362435,2675
144.86710929765732,226.52635702333546,2676
144.9138224578846,226.4284222710949,2677
144.96163247861526,226.32949207945074,2678
145.01053778141835,226.2295692008153,2679
145.06053684417003,226.12865634026454,2680
145.111628200887,226.02675615572235,2681
145.16381044155727,225.92387125814727,2682
145.21708221196843,225.8200042117224,2683
145.2714422135331,225.71515753404864,2684
145.32688920311205,225.60933369634046,2685
145.38342199283503,225.50253512362437,2686
145.4410394499191,225.39476419494082,2687
145.49974049648455,225.2860232435484,2688
145.55952410936914,225.17631455713092,2689
145.62038931993925,225.06564037800715,2690
145.68233521389993,224.95400290334354,2691
145.7453609311017,224.84140428536915,2692
145.8094656653461,224.72784663159382,2693
145.8746486641888,224.6133320050285,2694
145.94090922874042,224.49786242440868,2695
146.00824671346538,224.38143986442032,2696
146.07666052597875,224.26406625592838,2697
146.1461501268407,224.14574348620857,2698
146.2167150293488,224.02647339918104,2699
146.28835479932815,223.90625779564775,2700
146.36106905491934,223.78509843353208,2701
146.4348574663636,223.66299702812162,2702
146.50971975578634,223.53995525231372,2703
146.58565569697726,223.41597473686411,2704
146.66266511516878,223.29105707063857,2705
146.74074788681136,223.1652038008678,2706
146.81990393934615,223.03841643340522,2707
146.90013325097487,222.91069643298852,2708
146.98143585042686,222.78204522350396,2709
147.06381181672273,222.6524641882549,2710
147.14726127893536,222.52195467023293,2711
147.23178441594683,222.3905179723938,2712
147.3173814562029,222.25815535793606,2713
147.4040526774628,222.12486805058427,2714
147.49179840654602,221.99065723487607,2715
147.58061901907487,221.8555240564533,2716
147.67051493921286,221.7194696223575,2717
147.76148663939898,221.58249500132996,2718
147.85353464007738,221.44460122411607,2719
147.9466595094222,221.30578928377471,2720
148.04086186305776,221.16606013599238,2721
148.13614236377347,221.02541469940252,2722
148.23250172123343,220.88385385591002,2723
148.32994069168032,220.74137845102123,2724
148.42846007763353,220.5979892941795,2725
148.52806072758125,220.45368715910683,2726
148.62874353566602,220.30847278415118,2727
148.73050944136367,220.1623468726404,2728
148.83335942915537,220.01531009324242,2729
148.93729452819238,219.86736308033238,2730
149.04231581195342,219.7185064343663,2731
149.1484243978937,219.56874072226253,2732
149.2556214470864,219.41806647779003,2733
149.36390816385497,219.2664842019649,2734
149.47328579539712,219.11399436345442,2735
149.58375563139896,218.96059739898988,2736
149.69531900364,218.80629371378734,2737
149.807977285588,218.65108368197764,2738
149.92173189198317,218.49496764704543,2739
150.03658427841177,218.3379459222777,2740
150.15253594086863,218.1800187912218,2741
150.2695884153075,218.02118650815407,2742
150.38774327717988,217.86144929855823,2743
150.50700214096074,217.7008073596151,2744
150.62736665966167,217.53926086070325,2745
150.74883852433015,217.37680994391087,2746
150.87141946353498,217.2134547245601,2747
150.9951112428372,217.0491952917429,2748
151.11991566424592,216.8840317088701,2749
151.24583456565875,216.7179640142332,2750
151.37286982028564,216.55099222157943,2751
151.50102333605676,216.3831163207015,2752
151.63029705501248,216.21433627804035,2753
151.76069295267607,216.0446520373038,2754
151.89221303740743,215.8740635200995,2755
152.02485934973836,215.70257062658433,2756
152.1586339616876,215.53017323612912,2757
152.29353897605608,215.35687120800029,2758
152.42957652570084,215.18266438205887,2759
152.56674877278743,215.00755257947625,2760
152.70505790802014,214.83153560346898,2761
152.844506149849,214.6546132400514,2762
152.9850957436533,214.47678525880772,2763
153.12682896090044,214.29805141368365,2764
153.26970809827972,214.11841144379844,2765
153.4137354768103,213.9378650742772,2766
153.55891344092208,213.7564120171052,2767
153.70524435750974,213.57405197200342,2768
153.85273061495778,213.39078462732692,2769
154.00137462213698,213.20660966098646,2770
154.1511788073707,213.02152674139336,2771
154.30214561737068,212.83553552842906,2772
154.45427751614096,212.64863567443922,2773
154.60757698384938,212.46082682525395,2774
154.76204651566613,212.27210862123354,2775
154.9176886205673,212.08248069834178,2776
155.0745058201044,211.89194268924595,2777
155.2325006471366,211.70049422444595,2778
155.39167564452703,211.50813493343134,2779
155.55203336380058,211.3148644458687,2780
155.71357636376325,211.12068239281862,2781
155.87630720908118,210.92558840798412,2782
156.0402284688195,210.72958212899013,2783
156.20534271493892,210.5326631986959,2784
156.3716525207501,210.3348312665399,2785
156.53916045932365,210.136085989919,2786
156.70786910185603,209.93642703560155,2787
156.87778101598929,209.7358540811764,2788
157.04889876408416,209.53436681653702,2789
157.22122490144568,209.33196494540292,2790
157.39476197449943,209.12864818687837,2791
157.5695125189186,208.92441627704886,2792
157.74547905769964,208.71926897061695,2793
157.9226640991866,208.51320604257728,2794
158.10107013504214,208.3062272899323,2795
158.28069963816492,208.09833253344863,2796
158.4615550605516,207.88952161945562,2797
158.6436388311039,207.67979442168598,2798
158.8269533533774,207.46915084316004,2799
159.0115010032733,207.25759081811339,2800
159.197284126671,207.0451143139699,2801
159.3843050370008,206.83172133335916,2802
159.57256601275535,206.61741191618032,2803
159.7620692949399,206.4021861417127,2804
159.95281708445935,206.1860441307733,2805
160.1448115394417,205.96898604792247,2806
160.338054772497,205.75101210371773,2807
160.53254884791093,205.5321225570173,2808
160.72829577877184,205.31231771733266,2809
160.9252975240313,205.09159794723158,2810
161.12355598549604,204.86996366479195,2811
161.32307300475196,204.64741534610667,2812
161.52385036001866,204.42395352784033,2813
161.7258897629337,204.19957880983787,2814
161.92919285526685,203.97429185778603,2815
162.13376120556305,203.74809340592714,2816
162.3395963057133,203.52098425982652,2817
162.54669956745414,203.29296529919338,2818
162.7550723187943,203.06403748075488,2819
162.9647158003684,202.83420184118472,2820
163.17563116171772,202.60345950008522,2821
163.38781945749778,202.37181166302355,2822
163.60128164361228,202.1392596246225,2823
163.81601857327354,201.9058047717046,2824
164.0320309929897,201.6714485864908,2825
164.24931953847846,201.4361926498526,2826
164.46788473050773,201.20003864461785,2827
164.6877269706636,200.96298835892992,2828
164.90884653704555,200.7250436896593,2829
165.1312435798903,200.48620664586824,2830
165.35491811712416,200.24647935232673,2831
165.57987002984464,200.00586405307993,2832
165.80609905773298,199.76436311506586,2833
166.03360479439755,199.52197903178316,2834
166.26238668265,199.2787144270073,2835
166.49244400971506,199.03457205855437,2836
166.72377590237525,198.78955482209207,2837
166.95638132205295,198.5436657549956,2838
167.19025905983003,198.29690804024722,2839
167.4254077314081,198.04928501037955,2840
167.66182577201116,197.80080015145856,2841
167.89951143123253,197.55145710710661,2842
168.13846276782832,197.3012596825625,2843
168.3786776444607,197.05021184877722,2844
168.62015372239284,196.79831774654315,2845
168.86288845613907,196.54558169065353,2846
169.1068790880728,196.29200817409205,2847
169.35212264299594,196.0376018722469,2848
169.59861592267308,195.7823676471499,2849
169.84635550033425,195.52631055173512,2850
170.09533771515004,195.26943583411565,2851
170.34555866668313,195.0117489418747,2852
170.59701420932097,194.75325552636804,2853
170.8496999466935,194.4939614470337,2854
171.1036112260816,194.23387277570637,2855
171.35874313281954,193.97299580093141,2856
171.6150904846996,193.71133703227545,2857
171.87264782638076,193.44890320462906,2858
172.13140942381003,193.185701282497,2859
172.39136925866046,192.9217384642721,2860
172.65252102279348,192.65702218648732,2861
172.91485811275007,192.39156012804216,2862
173.1783736242791,192.12536021439723,2863
173.4430603469089,191.85843062173277,2864
173.70891075856898,191.5907797810654,2865
173.975917020269,191.3224163823175,2866
174.24407097084335,191.05334937833356,2867
174.5133641217678,190.78358798883804,2868
174.78378765205724,190.51314170432795,2869
175.05533240325158,190.2420202898947,2870
175.32798887449883,189.9702337889688,2871
175.6017472177435,189.69779252698092,2872
175.8765972330295,189.4247071149317,2873
176.15252836392446,189.15098845286582,2874
176.42952969307757,188.87664773324116,2875
176.70758993791736,188.60169644418767,2876
176.9866974464998,188.3261463726478,2877
177.26684019351487,188.05000960739224,2878
177.54800577646563,187.77329854190256,2879
177.83018141202103,187.4960258771151,2880
178.1133539325599,187.21820462401647,2881
178.3975097829132,186.9398481060852,2882
178.68263501731184,186.66096996157106,2883
178.9687152965528,186.38158414560417,2884
179.2557358853952,186.10170493212695,2885
179.5436816501868,185.82134691564187,2886
179.8325370567437,185.54052501276533,2887
180.12228616848432,185.25925446358278,2888
180.4129126448252,184.9775508327955,2889
180.70439973986464,184.69543001065313,2890
180.99673030133127,184.41290821366326,2891
181.28988676983968,184.13000198507214,2892
181.58385117845376,183.84672819510826,2893
181.87860515254744,183.56310404098213,2894
182.17412990999392,183.2791470466369,2895
182.47040626168473,182.99487506223966,2896
182.7674146123792,182.71030626341184,2897
183.06513496190342,182.4254591501871,2898
183.3635469066984,182.14035254569637,2899
183.66262964172532,181.85500559456864,2900
183.96236196273875,181.5694377610465,2901
184.2627222689288,181.2836688268089,2902
184.56368856593937,180.99771888849855,2903
184.86523846927062,180.7116083549451,2904
185.16734920806502,180.42535794408758,2905
185.4699976292863,180.1389886795767,2906
185.77316020229102,179.85252188709504,2907
186.0768130237976,179.56597919030057,2908
186.3809318232551,179.27938250653474,2909
186.6854919686125,178.99275404214,2910
186.99046847249005,178.70611628749674,2911
187.29583599875352,178.4194920117228,2912
187.60156886949034,178.1329042570528,2913
187.90764107238635,177.84637633290018,2914
188.21402626850258,177.55993180958944,2915
188.52069780044815,177.27359451177654,2916
188.8276287009469,176.98738851154485,2917
189.13479170179312,176.70133812118715,2918
189.44215924319232,176.41546788567499,2919
189.74970348348057,176.1298025748172,2920
190.05739630921613,175.84436717511383,2921
190.36520934563757,175.55918688130998,2922
190.67311396747786,175.27428708765277,2923
190.98108131012827,174.98969337886163,2924
191.2890822811411,174.70543152081373,2925
191.5970875720612,174.42152745095612,2926
191.90506767057573,174.13800726844872,2927
192.2129928729696,173.85489722405066,2928
192.52083329687508,173.57222370975418,2929
192.8285588943015,173.29001324818051,2930
193.13613946493203,173.0082924817441,2931
193.44354466967184,172.7270881615984,2932
193.75074404443407,172.44642713637376,2933
194.05770701414616,172.16633634071792,2934
194.36440290696177,171.88684278365383,2935
194.67080096866005,171.60797353676554,2936
194.97687037721596,171.329755722226,2937
195.28258025752334,171.05221650068083,2938
195.58789969625238,170.77538305900157,2939
195.89279775682292,170.49928259792293,2940
196.19724349447478,170.22394231957833,2941
196.501205971416,169.94938941495033,2942
196.8046542720283,169.67565105124874,2943
197.1075575181118,169.40275435923468,2944
197.4098848841477,169.13072642050378,2945
197.71160561255923,168.85959425474684,2946
198.01268902895137,168.58938480700178,2947
198.3131045573083,168.32012493491484,2948
198.6128217351295,168.0518413960257,2949
198.9118102284834,167.7845608350946,2950
199.21003984696026,167.5183097714851,2951
199.50748055850264,167.2531145866211,2952
199.80410250409625,166.98900151153305,2953
200.09987601229975,166.7259966145086,2954
200.3947716135969,166.46412578886458,2955
200.68876005455078,166.20341474085575,2956
200.98181231174286,165.94388897773422,2957
201.2738996054793,165.68557379597658,2958
201.56499341324758,165.42849426969144,2959
201.855065482906,165.1726752392232,2960
202.1440878455913,164.9181412999651,2961
202.43203282832766,164.66491679139529,2962
202.71887306632397,164.4130257863493,2963
203.0045815149433,164.162492080541,2964
203.28913146133334,163.91333918234437,2965
203.57249653570312,163.66559030284796,2966
203.85465072223565,163.41926834619233,2967
204.1355683696246,163.17439590020183,2968
204.4152242012247,162.9309952273198,2969
204.69359332480641,162.68908825585663,2970
204.97065124190658,162.44869657155996,2971
205.24637385676579,162.20984140951393,2972
205.5207374848473,161.97254364637567,2973
205.79371886092954,161.73682379295522,2974
206.06529514676788,161.50270198714554,2975
206.33544393832054,161.2701979872068,2976
206.60414327253497,161.03933116541114,2977
206.8713716336926,160.8101205020506,2978
207.13710795930794,160.5825845798124,2979
207.40133164558335,160.35674157852353,2980
207.6640225524167,160.1326092702675,2981
207.9251610079637,159.9102050148738,2982
208.1847278127551,159.68954575578113,2983
208.4427042433716,159.4706480162746,2984
208.69907205567742,159.2535278960957,2985
208.95381348761774,159.0382010684248,2986
209.2069112615824,158.8246827772333,2987
209.4583485863412,158.61298783500413,2988
209.70810915855603,158.40313062081648,2989
209.9561771638753,158.1951250787927,2990
210.20253727761767,157.98898471690174,2991
210.44717466505125,157.78472260611596,2992
210.69007498127704,157.58235137991554,2993
210.93122437072276,157.38188323413516,2994
211.17060946625745,157.18332992714716,2995
211.40821738793446,156.98670278037486,2996
211.6440357413722,156.79201267912882,2997
211.87805261578305,156.59927007375973,2998
212.11025658165929,156.40848498112004,2999
212.3406366881274,156.21966698632627,3000
212.56918245998023,156.03282524481477,3001
212.7958838943988,155.84796848468162,3002
213.02073145737364,155.66510500929917,3003
213.24371607983807,155.48424270019942,3004
213.46482915352325,155.30538902021593,3005
213.68406252654796,155.12855101687484,3006
213.90140849875334,154.95373532602602,3007
214.1168598167948,154.7809481757043,3008
214.3304096690027,154.6101953902121,3009
214.54205168002335,154.44148239441324,3010
214.75177990525157,154.27481421822836,3011
214.9595888250672,154.11019550132298,3012
215.16547333888616,153.94763049797726,3013
215.36942875903816,153.7871230821292,3014
215.5714508044822,153.62867675258042,3015
215.77153559437085,153.47229463835578,3016
215.96967964147464,153.31797950420673,3017
216.16587984547763,153.16573375624935,3018
216.36013348615458,153.01555944772747,3019
216.55243821644004,152.86745828489177,3020
216.7427920554008,152.72143163298546,3021
216.9311933811207,152.57748052232793,3022
217.11764092350828,152.43560565448732,3023
217.302133757037,152.29580740853316,3024
217.4846712934272,152.1580858473611,3025
217.66525327427934,152.02244072408064,3026
217.84387976366727,151.88887148845856,3027
218.0205511407003,151.75737729340932,3028
218.1952680920623,151.6279570015252,3029
218.36803160453633,151.50060919163866,3030
218.53884295752218,151.3753321654092,3031
218.70770371555486,151.25212395392788,3032
218.8746157208312,151.13098232433282,3033
219.0395810857511,151.01190478642877,3034
219.2026021854812,150.8948885993043,3035
219.36368165054603,150.7799307779406,3036
219.52282235945424,150.667028099806,3037
219.68002743136452,150.55617711143037,3038
219.83530021879773,150.44737413495378,3039
219.98864430039995,150.34061527464442,3040
220.14006347376184,150.23589642338098,3041
220.28956174829895,150.13321326909409,3042
220.43714333819747,150.03256130116262,3043
220.5828126554295,149.9339358167608,3044
220.72657430284252,149.83733192715175,3045
220.8684330673253,149.74274456392322,3046
221.00839391305584,149.65016848516294,3047
221.14646197483236,149.55959828156878,3048
221.2826425514921,149.47102838249174,3049
221.4169410994196,149.3844530619079,3050
221.5493632261474,149.29986644431702,3051
221.67991468405168,149.21726251056486,3052
221.80860136414444,149.13663510358714,3053
221.93542928996453,149.0579779340724,3054
222.06040461156917,148.98128458604234,3055
222.18353359962734,148.9065485223472,3056
222.30482263961642,148.83376309007517,3057
222.4242782261232,148.7629215258731,3058
222.54190695725052,148.6940169611789,3059
222.65771552912992,148.62704242736268,3060
222.77171073054112,148.56199086077677,3061
222.88389943763903,148.49885510771313,3062
222.99428860878845,148.43762792926756,3063
223.1028852795066,148.3783020061102,3064
223.20969655751384,148.3208699431615,3065
223.3147296178922,148.2653242741735,3066
223.41799169835218,148.21165746621628,3067
223.5194900946065,148.15986192406908,3068
223.6192321558516,148.1099299945164,3069
223.71722528035545,148.0618539705489,3070
223.81347691115198,148.0156260954695,3071
223.90799453184047,147.97123856690453,3072
224.00078566249005,147.92868354072093,3073
224.09185785564793,147.88795313484917,3074
224.18121869245073,147.84903943301308,3075
224.2688757788379,147.8119344883666,3076
224.35483674186588,147.77663032703842,3077
224.43910922612247,147.74311895158553,3078
224.52170089023988,147.7113923443555,3079
224.60261940350517,147.68144247075927,3080
224.68187244256714,147.65326128245508,3081
224.75946768823843,147.62684072044414,3082
224.83541282239085,147.60217271807932,3083
224.9097155249435,147.57924920398798,3084
224.9823834709415,147.55806210490982,3085
225.05342432772454,147.5386033484506,3086
225.1228457521832,147.52086486575357,3087
225.19065538810193,147.50483859408905,3088
225.25686086358755,147.49051647936378,3089
225.32146978858069,147.47789047855088,3090
225.38448975244975,147.46695256204234,3091
225.44592832166572,147.45769471592413,3092
225.5057930375551,147.4501089441767,3093
225.5640914141313,147.44418727080043,3094
225.6208309360017,147.439921741869,3095
225.67601905634874,147.4373044275106,3096
225.72966319498445,147.4363274238193,3097
225.78177073647618,147.43698285469702,3098
225.83234902834167,147.43926287362805,3099
225.88140537931324,147.4431596653873,3100
225.92894705766813,147.44866544768323,3101
225.97498128962417,147.4557724727372,3102
226.01951525779953,147.46447302880023,3103
226.06255609973437,147.47475944160868,3104
226.10411090647355,147.48662407578004,3105
226.14418672120857,147.50005933615,3106
226.1827905379773,147.51505766905237,3107
226.21992930042052,147.53161156354264,3108
226.255609900593,147.54971355256706,3109
226.2898391778287,147.56935621407786,3110
226.3226239176581,147.59053217209615,3111
226.35397085077628,147.61323409772376,3112
226.38388665206077,147.63745471010492,3113
226.4123779396377,147.6631867773394,3114
226.43945127399473,147.69042311734788,3115
226.46511315713997,147.71915659869074,3116
226.48937003180487,147.74938014134176,3117
226.5122282806909,147.78108671741734,3118
226.53369422575773,147.8142693518628,3119
226.55377412755257,147.84892112309655,3120
226.57247418457897,147.88503516361308,3121
226.5898005327039,147.92260466054628,3122
226.60575924460292,147.9616228561937,3123
226.6203563292407,148.00208304850287,3124
226.63359773138745,148.0439785915206,3125
226.64548933116922,148.0873028958066,3126
226.65603694365126,148.1320494288116,3127
226.66524631845368,148.17821171522175,3128
226.67312313939797,148.2257833372698,3129
226.679673024184,148.27475793501355,3130
226.68490152409598,148.32512920658345,3131
226.6888141237368,148.37689090839908,3132
226.69141624078986,148.43003685535618,3133
226.69271322580738,148.48456092098456,3134
226.69271036202426,148.54045703757788,3135
226.69141286519695,148.59771919629603,3136
226.68882588346656,148.65634144724075,3137
226.68495449724463,148.71631789950547,3138
226.67980371912194,148.77764272119992,3139
226.67337849379885,148.84031013945005,3140
226.66568369803667,148.9043144403742,3141
226.6567241406294,148.96964996903623,3142
226.6465045623949,149.0363111293757,3143
226.63502963618544,149.10429238411655,3144
226.622303966916,149.17358825465422,3145
226.60833209161072,149.244193320922,3146
226.59311847946637,149.3161022212372,3147
226.57666753193195,149.3893096521279,3148
226.55898358280476,149.46381036814014,3149
226.54007089834138,149.53959918162707,3150
226.51993367738373,149.6166709625195,3151
226.49857605149947,149.69502063807928,3152
226.476002085136,149.7746431926353,3153
226.452215775788,149.8555336673026,3154
226.42722105417786,149.9376871596859,3155
226.40102178444826,150.0210988235665,3156
226.37362176436724,150.10576386857414,3157
226.3450247255441,150.19167755984404,3158
226.31523433365732,150.2788352176588,3159
226.28425418869247,150.3672322170764,3160
226.25208782519118,150.4568639875439,3161
226.21873871250975,150.5477260124979,3162
226.18421025508755,150.63981382895133,3163
226.14850579272493,150.73312302706762,3164
226.11162860086998,150.82764924972184,3165
226.07358189091437,150.92338819204963,3166
226.03436881049726,151.0203356009839,3167
225.99399244381786,151.11848727477994,3168
225.9524558119554,151.21783906252813,3169
225.90976187319725,151.3183868636563,3170
225.86591352337456,151.42012662742,3171
225.8209135962045,151.52305435238233,3172
225.77476486364006,151.62716608588283,3173
225.72747003622675,151.7324579234958,3174
225.67903176346542,151.83892600847815,3175
225.62945263418206,151.9465665312073,3176
225.57873517690348,152.05537572860862,3177
225.52688186023946,152.16534988357327,3178
225.47389509327067,152.27648532436612,3179
225.41977722594254,152.3887784240241,3180
225.3645305494648,152.50222559974497,3181
225.30815729671664,152.61682331226663,3182
225.25065964265767,152.73256806523733,3183
225.1920397047437,152.84945640457653,3184
225.13229954334867,152.96748491782654,3185
225.07144116219092,153.0866502334955,3186
225.00946650876568,153.20694902039097,3187
224.94637747478174,153.32837798694496,3188
224.88217589660402,153.45093388052985,3189
224.81686355570062,153.57461348676588,3190
224.75044217909533,153.69941362881957,3191
224.68291343982494,153.8253311666936,3192
224.61427895740164,153.9523629965081,3193
224.5445402982803,154.08050604977322,3194
224.4736989763311,154.209757292653,3195
224.40175645331672,154.3401137252209,3196
224.32871413937497,154.47157238070656,3197
224.25457339350638,154.60413032473394,3198
224.1793355240668,154.7377846545511,3199
224.1030017892653,154.87253249825116,3200
224.02557339766727,155.00837101398494,3201
223.94705150870288,155.14529738916463,3202
223.86743723318048,155.28330883965916,3203
223.7867316338061,155.4224026089809,3204
223.70493572570786,155.5625759674635,3205
223.62205047696634,155.7038262114311,3206
223.53807680915034,155.84615066235915,3207
223.45301559785892,155.98954666602577,3208
223.36686767326867,156.13401159165508,3209
223.27963382068762,156.27954283105126,3210
223.19131478111493,156.4261377977236,3211
223.10191125180714,156.5737939260031,3212
223.01142388685048,156.72250867014978,3213
222.91985329774002,156.87227950345087,3214
222.82720005396547,157.0231039173102,3215
222.73346468360376,157.1749794203285,3216
222.63864767391883,157.32790353737403,3217
222.54274947196825,157.4818738086446,3218
222.44577048521768,157.63688778871995,3219
222.34771108216253,157.79294304560494,3220
222.24857159295752,157.95003715976318,3221
222.14835231005404,158.1081677231414,3222
222.04705348884576,158.26733233818433,3223
221.94467534832248,158.4275286168397,3224
221.8412180717326,158.58875417955417,3225
221.73668180725429,158.75100665425913,3226
221.63106666867543,158.91428367534704,3227
221.5243727360832,159.07858288263787,3228
221.41660005656263,159.2439019203359,3229
221.3077486449051,159.41023843597665,3230
221.19781848432658,159.57759007936352,3231
221.0868095271961,159.74595450149516,3232
220.9747216957745,159.91532935348246,3233
220.86155488296393,160.08571228545546,3234
220.74730895306834,160.25710094546034,3235
220.63198374256478,160.42949297834664,3236
220.51557906088658,160.60288602464377,3237
220.39809469121784,160.7772777194279,3238
220.2795303913003,160.95266569117862,3239
220.1598858942521,161.12904756062514,3240
220.0391609093993,161.30642093958292,3241
219.91735512312016,161.48478342977953,3242
219.79446819970258,161.66413262167083,3243
219.67049978221502,161.84446609324687,3244
219.54544949339103,162.0257814088275,3245
219.41931693652785,162.2080761178479,3246
219.29210169639921,162.39134775363465,3247
219.16380334018334,162.5755938321706,3248
219.03442141840486,162.76081185085087,3249
218.9039554658931,162.94699928722824,3250
218.77240500275516,163.1341535977489,3251
218.63976953536542,163.32227221647813,3252
218.50604855737072,163.51135255381672,3253
218.37124155071263,163.70139199520713,3254
218.23534798666623,163.89238789983054,3255
218.0983673268962,164.08433759929395,3256
217.96029902453054,164.2772383963084,3257
217.82114252525176,164.47108756335774,3258
217.68089726840674,164.6658823413578,3259
217.53956268813474,164.8616199383075,3260
217.39713821451434,165.05829752793034,3261
217.2536232747296,165.25591224830754,3262
217.10901729425558,165.45446120050244,3263
216.96331969806394,165.65394144717695,3264
216.81652991184816,165.85435001119947,3265
216.66864736327003,166.05568387424503,3266
216.51967148322595,166.25793997538773,3267
216.36960170713525,166.4611152096856,3268
216.21843747624936,166.66520642675823,3269
216.06617823898307,166.87021042935768,3270
215.9128234522675,167.07612397193185,3271
215.75837258292583,167.28294375918247,3272
215.60282510907126,167.49066644461607,3273
215.44618052152865,167.69928862908958,3274
215.28843832527852,167.90880685935,3275
215.1295980409254,168.11921762656925,3276
214.96965920618953,168.33051736487397,3277
214.80862137742292,168.54270244987063,3278
214.64648413114983,168.755769197167,3279
214.48324706563176,168.96971386088936,3280
214.31890980245748,169.1845326321966,3281
214.15347198815817,169.40022163779176,3282
213.9869332958479,169.61677693843018,3283
213.81929342689,169.83419452742658,3284
213.65055211258897,170.05247032916026,3285
213.48070911590858,170.27160019757875,3286
213.30976423321627,170.49157991470136,3287
213.1377172960539,170.71240518912285,3288
212.96456817293515,170.93407165451666,3289
212.79031677116967,171.1565748681399,3290
212.6149630387141,171.37991030933995,3291
212.4385069660502,171.60407337806214,3292
212.26094858808992,171.82905939336138,3293
212.082287986108,172.05486359191602,3294
211.90252528970166,172.2814811265466,3295
211.72166067877748,172.5089070647379,3296
211.53969438556618,172.73713638716734,3297
211.35662669666428,172.96616398623848,3298
211.17245795510343,173.19598466462102,3299
210.98718856244713,173.42659313379843,3300
210.80081898091456,173.65798401262325,3301
210.61334973553184,173.89015182588017,3302
210.4247814163104,174.1230910028601,3303
210.23511468045223,174.35679587594262,3304
210.04435025458216,174.5912606791903,3305
209.85248893700657,174.82647954695395,3306
209.65953159999896,175.06244651249042,3307
209.4654791921111,175.29915550659408,3308
209.2703327405108,175.53660035624108,3309
209.0740933533447,175.77477478324948,3310
208.87676222212662,176.01367240295423,3311
208.6783406241509,176.25328672289865,3312
208.47882992492998,176.49361114154377,3313
208.27823158065604,176.73463894699452,3314
208.07654714068607,176.97636331574668,3315
207.87377825005044,177.21877731145125,3316
207.66992665198302,177.46187388370282,3317
207.4649941904738,177.70564586684503,3318
207.2589828128424,177.95008597880368,3319
207.05189457233166,178.19518681993893,3320
206.84373163072158,178.4409408719251,3321
206.63449626096138,178.68734049665161,3322
206.42419084982006,178.934377935156,3323
206.21281790055366,179.18204530657732,3324
206.00038003558922,179.4303346071438,3325
205.78687999922306,179.6792377091855,3326
205.57232066033382,179.92874636017964,3327
205.35670501510802,180.1788521817972,3328
205.14003618977776,180.42954666908489,3329
204.9223174433683,180.68082118951222,3330
204.70355217045582,180.9326669821973,3331
204.48374390393198,181.18507515710368,3332
204.2628963177759,181.43803669427814,3333
204.0410132298305,181.6915424431331,3334
203.81809860458262,181.94558312176295,3335
203.59415655594466,182.20014931629757,3336
203.369191350037,182.45523148029667,3337
203.14320740796808,182.71081993418497,3338
202.91620930861154,182.96690486472662,3339
202.6882017913785,183.2234763245436,3340
202.45918975898167,183.4805242316758,3341
202.2291782801914,183.73803836918606,3342
201.99817259257964,183.9960083848087,3343
201.766178105251,184.25442379064555,3344
201.53320040155802,184.51327396290753,3345
201.29924524179853,184.7725481417035,3346
201.06431856589307,185.03223543087907,3347
200.8284264960391,185.29232479790255,3348
200.5915753393406,185.55280507380297,3349
200.35377159040993,185.81366495315874,3350
200.11502193393883,186.07489299413683,3351
199.87533324723708,186.33647761858663,3352
199.6347126027351,186.5984071121864,3353
199.39316727044786,186.86066962464366,3354
199.15070472039724,187.12325316995188,3355
198.9073326249906,187.38614562670188,3356
198.6630588613508,187.64933473845142,3357
198.41789151359683,187.9128081141508,3358
198.17183887506997,188.1765532286279,3359
197.92490945050338,188.4405574231316,3360
197.6771119581319,188.70480790593507,3361
197.42845533173804,188.96929175299928,3362
197.17894872263145,189.23399590869855,3363
196.9286015015585,189.49890718660623,3364
196.67742326053798,189.7640122703445,3365
196.42542381462013,190.0292977144963,3366
196.17261320356542,190.29474994558097,3367
195.91900169343836,190.56035526309464,3368
195.66459977811536,190.82609984061514,3369
195.40941818070004,191.09196972697237,3370
195.15346785484468,191.35795084748455,3371
194.89675998597323,191.62402900526124,3372
194.63930599240206,191.89018988257297,3373
194.38111752635615,192.1564190422884,3374
194.12220647487487,192.42270192937917,3375
193.86258496060645,192.68902387249338,3376
193.60226534248523,192.9553700855971,3377
193.34126021628947,193.22172566968538,3378
193.07958241507592,193.488075614562,3379
192.8172450094876,193.7544048006896,3380
192.55426130793109,194.02069800110849,3381
192.29064485662056,194.28693988342638,3382
192.02640943948464,194.553115011878,3383
191.76156907793307,194.81920784945513,3384
191.49613803048032,195.08520276010677,3385
191.23013079222213,195.35108401101036,3386
190.96356209416328,195.61683577491306,3387
190.69644690239224,195.8824421325438,3388
190.42880041710106,196.1478870750955,3389
190.16063807144724,196.41315450677786,3390
189.89197553025517,196.67822824744013,3391
189.62282868855448,196.94309203526393,3392
189.35321366995333,197.20772952952544,3393
189.08314682484433,197.47212431342726,3394
188.81264472844097,197.73625989699892,3395
188.54172417864334,198.00011972006595,3396
188.27040219373038,198.263687155287,3397
187.99869600987805,198.5269455112582,3398
187.72662307850223,198.7898780356844,3399
187.45420106342453,199.0524679186166,3400
187.18144783786104,199.31469829575423,3401
186.90838148123206,199.57655225181247,3402
186.6350202757943,199.83801282395265,3403
186.36138270309303,200.0990630052752,3404
186.08748744023606,200.35968574837477,3405
185.8133533559892,200.61986396895452,3406
185.53899950669293,200.87958054950062,3407
185.26444513200215,201.13881834301392,3408
184.9897096504497,201.39756017679858,3409
184.7148126548339,201.6557888563048,3410
184.4397739074336,201.91348716902627,3411
184.1646133350502,202.17063788844808,3412
183.88935102388103,202.42722377804574,3413
183.61400721422402,202.6832275953318,3414
183.3386022950183,202.93863209594926,3415
183.06315679822313,203.19342003780912,3416
182.78769139303574,203.4475741852705,3417
182.51222687995758,203.70107731336068,3418
182.2367841847034,203.95391221203317,3419
181.96138435196823,204.20606169046158,3420
181.68604853904648,204.4575085813666,3421
181.41079800931297,204.7082357453733,3422
181.13565412557165,204.95822607539736,3423
180.86063834326947,205.207462501056,3424
180.58577220359376,205.4559279931022,3425
180.31107732644372,205.70360556787836,3426
180.0365754032883,205.95047829178762,3427
179.7622881899466,206.19652928577864,3428
179.4882374991859,206.44174172984162,3429
179.21444519334005,206.68609886751258,3430
178.94093317674592,206.92958401038194,3431
178.66772338814692,207.17218054260496,3432
178.39483779300386,207.41387192541023,3433
178.12229837574571,207.65464170160342,3434
177.85012713195906,207.8944735000624,3435
177.57834606052518,208.13335104022013,3436
177.3069771557125,208.37125813653327,3437
177.03604239923342,208.6081787029308,3438
176.76556375227003,208.84409675724098,3439
176.49556314747971,209.07899642559232,3440
176.22606248098842,209.31286194678498,3441
175.9570836043767,209.54567767662928,3442
175.6886483166715,209.7774280922476,3443
175.4207783563465,210.00809779633576,3444
175.15349539334346,210.23767152138126,3445
174.88682102112074,210.4661341338336,3446
174.62077674873672,210.69347063822414,3447
174.3553839929777,210.9196661812311,3448
174.0906640705377,211.14470605568718,3449
173.82663819025754,211.36857570452554,3450
173.56332744543232,211.5912607246609,3451
173.3007528061939,211.81274687080287,3452
173.0389351119778,212.03302005919747,3453
172.77789506407976,212.2520663712942,3454
172.5176532183122,212.46987205733515,3455
172.25822997776604,212.68642353986323,3456
171.99964558568453,212.90170741714616,3457
171.74192011845932,213.11571046651386,3458
171.48507347875108,213.32841964760587,3459
171.2291253887459,213.53982210552604,3460
170.97409538354904,213.7499051739027,3461
170.72000280472722,213.9586563778501,3462
170.466866794001,214.1660634368305,3463
170.214706287096,214.37211426741348,3464
169.96354000775696,214.5767969859305,3465
169.7133864619298,214.78009991102277,3466
169.464263932117,214.9820115660803,3467
169.21619047191126,215.18252068157082,3468
168.9691839007109,215.38161619725574,3469
168.72326179862148,215.5792872642932,3470
168.47844150154745,215.77552324722535,3471
168.2347400964778,215.97031372584925,3472
167.9921744169671,216.16364849697078,3473
167.75076103881702,216.35551757603918,3474
167.51051627595973,216.54591119866282,3475
167.2714561765447,216.73481982200465,3476
167.0335965192327,216.92223412605722,3477
166.79695280969662,217.10814501479643,3478
166.56154027733206,217.29254361721433,3479
166.32737387217762,217.47542128823045,3480
166.09446826204578,217.6567696094817,3481
165.8628378298655,217.83658038999138,3482
165.63249667123551,218.01484566671718,3483
165.40345859218905,218.19155770497903,3484
165.17573710716908,218.36670899876717,3485
164.9493454372133,218.54029227093102,3486
164.72429650834857,218.7123004732503,3487
164.50060295019176,218.88272678638896,3488
164.27827709475795,219.0515646197327,3489
164.05733097547196,219.2188076111125,3490
163.83777632638225,219.38444962641424,3491
163.61962458157524,219.54848475907653,3492
163.40288687478608,219.7109073294786,3493
163.18757403920526,219.87171188421934,3494
162.97369660747606,220.03089319528956,3495
162.76126481188126,220.1884462591397,3496
162.55028858471476,220.3443662956445,3497
162.34077755883578,220.49864874696692,3498
162.13274106840012,220.65128927632352,3499
161.9261881497673,220.8022837666538,3500
161.721127542577,220.95162831919504,3501
161.51756769099225,221.0993192519661,3502
161.31551674510507,221.24535309816176,3503
161.11498256249956,221.38972660446063,3504
160.91597270996863,221.53243672924887,3505
160.71849446537956,221.67348064076288,3506
160.5225548196838,221.81285571515284,3507
160.3281604790662,221.9505595344705,3508
160.1353178672296,222.08658988458365,3509
159.94403312780878,222.22094475302012,3510
159.7543121269102,222.35362232674387,3511
159.5661604557716,222.4846209898665,3512
159.3795834335374,222.61393932129633,3513
159.19458611014406,222.74157609232867,3514
159.0111732693118,222.86753026417912,3515
158.82934943163605,222.991800985464,3516
158.64911885777514,223.11438758962942,3517
158.4704855517289,223.23528959233275,3518
158.29345326420247,223.35450668877917,3519
158.11802549605196,223.47203875101562,3520
157.9442055018059,223.58788582518534,3521
157.77199629325838,223.70204812874593,3522
157.60140064312856,223.81452604765303,3523
157.43242108878277,223.92532013351294,3524
157.26505993601378,224.03443110070657,3525
157.09931926287305,224.1418598234872,3526
156.93520092355146,224.24760733305533,3527
156.77270655230433,224.35167481461193,3528
156.6118375674157,224.4540636043941,3529
156.4525951751989,224.55477518669423,3530
156.29498037402783,224.65381119086635,3531
156.13899395839624,224.7511733883206,3532
155.9846365229998,224.84686368950972,3533
155.83190846683848,224.94088414090837,3534
155.68080999733397,225.0332369219885,3535
155.53134113445995,225.12392434219262,3536
155.3835017148805,225.2129488379067,3537
155.23729139609404,225.3003129694352,3538
155.09270966057866,225.38601941798012,3539
154.9497558199366,225.47007098262577,3540
154.80842901903387,225.55247057733138,3541
154.66872824013228,225.63322122793306,3542
154.53065230701122,225.71232606915717,3543
154.39419988907616,225.78978834164653,3544
154.2593695054511,225.8656113890011,3545
154.12615952905256,225.93979865483476,3546
153.9945681906427,226.01235367984972,3547
153.86459358285876,226.0832800989298,3548
153.73623366421725,226.15258163825413,3549
153.60948626309022,226.2202621124324,3550
153.48434908165143,226.2863254216631,3551
153.3608196997911,226.35077554891572,3552
153.238895578997,226.41361655713828,3553
153.1185740661997,226.47485258649095,3554
152.9998523975815,226.534487851607,3555
152.8827277023461,226.592526638882,3556
152.7671970064487,226.64897330379208,3557
152.65325723628422,226.70383226824208,3558
152.54090522233332,226.75710801794466,3559
152.4301377027642,226.8088050998305,3560
152.32095132698947,226.85892811949083,3561
152.213342659177,226.90748173865288,3562
152.10730818171396,226.95447067268844,3563
152.00284429862288,226.9998996881564,3564
151.89994733892925,227.04377360037964,3565
151.79861355997986,227.0860972710567,3566
151.69883915071102,227.12687560590877,3567
151.6006202348667,227.16611355236205,3568
151.50395287416524,227.2038160972661,3569
151.40883307141524,227.23998826464822,3570
151.31525677357914,227.27463511350425,3571
151.22321987478517,227.30776173562586,3572
151.13271821928697,227.33937325346466,3573
151.04374760437062,227.36947481803293,3574
150.9563037832092,227.39807160684134,3575
150.87038246766457,227.42516882187365,3576
150.78597933103697,227.45077168759835,3577
150.70309001076126,227.4748854490172,3578
150.62171011105102,227.49751536975063,3579
150.5418352054903,227.51866673016028,3580
150.4634608395728,227.53834482550775,3581
150.38658253318906,227.55655496415054,3582
150.31119578306206,227.573302465774,3583
150.23729606513064,227.5885926596599,3584
150.1648788368824,227.60243088299077,3585
150.09393953963507,227.61482247919065,3586
150.0244736007677,227.6257727963008,3587
149.95647643590132,227.63528718539138,3588
149.88994345103055,227.6433709990081,3589
149.82487004460506,227.6500295896536,3590
149.76125160956283,227.65526830830345,3591
149.69908353531503,227.65909250295638,3592
149.63836120968298,227.66150751721844,3593
149.57908002078787,227.6625186889205,3594
149.52123535889376,227.66213134876935,3595
149.4648226182048,227.66035081903107,3596
149.40983719861646,227.6571824122474,3597
149.35627450742209,227.6526314299837,3598
149.30412996097508,227.64670316160874,3599
149.25339898630733,227.639402883106,3600
149.2040770227049,227.6307358559152,3601
149.1561595232405,227.62070732580497,3602
149.10964195626542,227.60932252177489,3603
149.06451980685904,227.59658665498748,3604
149.02078857823886,227.58250491772924,3605
148.9784437931304,227.56708248240014,3606
148.93748099509762,227.5503245005319,3607
148.8978957498357,227.53223610183346,3608
148.8596836464254,227.51282239326426,3609
148.82284029855057,227.4920884581342,3610
148.78736134567927,227.47003935523023,3611
148.75324245420904,227.4466801179688,3612
148.72047931857736,227.42201575357407,3613
148.68906766233738,227.39605124228098,3614
148.65900323920022,227.36879153656332,3615
148.63028183404433,227.34024156038578,3616
148.60289926389186,227.31040620847986,3617
148.57685137885417,227.2792903456432,3618
148.5521340630458,227.24689880606167,3619
148.5287432354679,227.21323639265407,3620
148.50667485086257,227.17830787643874,3621
148.48592490053716,227.14211799592186,3622
148.4664894131611,227.10467145650685,3623
148.44836445553406,227.0659729299246,3624
148.43154613332757,227.02602705368392,3625
148.41603059179948,226.9848384305419,3626
148.40181401648277,226.942411627994,3627
148.388892633849,226.8987511777829,3628
148.37726271194674,226.8538615754263,3629
148.36692056101595,226.80774727976276,3630
148.35786253407875,226.76041271251583,3631
148.35008502750708,226.71186225787528,3632
148.34358448156794,226.66210026209566,3633
148.33835738094652,226.61113103311172,3634
148.33440025524797,226.55895884017005,3635
148.33170967947862,226.50558791347677,3636
148.33028227450626,226.45102244386106,3637
148.3301147075012,226.39526658245384,3638
148.3312036923575,226.3383244403814,3639
148.33354599009567,226.28020008847395,3640
148.3371384092469,226.22089755698818,3641
148.34197780621952,226.16042083534384,3642
148.34806108564777,226.09877387187427,3643
148.35538520072407,226.03596057358996,3644
148.36394715351426,225.97198480595526,3645
148.37374399525717,225.90685039267797,3646
148.3847728266485,225.84056111551126,3647
148.39703079810906,225.77312071406777,3648
148.4105151100387,225.7045328856457,3649
148.42522301305547,225.63480128506652,3650
148.44115180822104,225.56392952452384,3651
148.45829884725188,225.49192117344376,3652
148.47666153271788,225.41877975835578,3653
148.4962373182273,225.34450876277447,3654
148.51702370859962,225.26911162709138,3655
148.5390182600259,225.19259174847733,3656
148.56221858021703,225.11495248079447,3657
148.58662232854078,225.03619713451812,3658
148.61222721614706,224.956328976668,3659
148.6390310060824,224.87535123074895,3660
148.66703151339345,224.79326707670066,3661
148.69622660522046,224.71007965085633,3662
148.7266142008799,224.62579204591012,3663
148.75819227193756,224.5404073108931,3664
148.79095884227183,224.4539284511578,3665
148.8249119881276,224.36635842837066,3666
148.86004983816048,224.27770016051298,3667
148.89637057347247,224.1879565218895,3668
148.93387242763873,224.0971303431451,3669
148.9725536867252,224.00522441128876,3670
149.01241268929863,223.91224146972564,3671
149.0534478264274,223.81818421829612,3672
149.09565754167505,223.7230553133224,3673
149.13904033108514,223.62685736766227,3674
149.18359474315906,223.52959295077022,3675
149.2293193788254,223.43126458876517,3676
149.27621289140245,223.33187476450559,3677
149.32427398655278,223.23142591767123,3678
149.37350142223096,223.12992044485196,3679
149.42389400862353,223.02736069964305,3680
149.47545060808264,222.92374899274725,3681
149.52817013505162,222.81908759208378,3682
149.5820515559848,222.7133787229036,3683
149.63709388925935,222.60662456791144,3684
149.69329620508083,222.4988272673945,3685
149.75065762538205,222.38998891935736,3686
149.8091773237148,222.28011157966378,3687
149.86885452513505,222.16919726218478,3688
149.92968850608133,222.05724793895348,3689
149.9916785942467,221.9442655403262,3690
150.05482416844347,221.8302519551503,3691
150.11912465846166,221.7152090309386,3692
150.18457954492052,221.59913857405041,3693
150.25118835911323,221.48204234987907,3694
150.31895068284484,221.36392208304633,3695
150.38786614826333,221.24477945760353,3696
150.45793443768372,221.12461611723938,3697
150.52915528340506,221.0034336654948,3698
150.60152846752067,220.88123366598467,3699
150.6750538217206,220.75801764262653,3700
150.74973122708755,220.6337870798765,3701
150.82556061388482,220.50854342297248,3702
150.90254196133685,220.38228807818453,3703
150.98067529740237,220.25502241307274,3704
151.0599606985395,220.12674775675274,3705
151.1403982894631,219.99746540016878,3706
151.2219882428937,219.8671765963748,3707
151.30473077929878,219.73588256082346,3708
151.38862616662468,219.6035844716629,3709
151.47367472002077,219.47028347004252,3710
151.5598768015543,219.3359806604264,3711
151.6472328199161,219.20067711091633,3712
151.73574323011715,219.0643738535824,3713
151.8254085331758,218.9270718848039,3714
151.91622927579473,218.78877216561844,3715
152.0082060500284,218.64947562208113,3716
152.10133949293973,218.50918314563305,3717
152.19563028624648,218.36789559347974,3718
152.29107915595665,218.2256137889798,3719
152.38768687199266,218.08233852204378,3720
152.48545424780403,217.93807054954365,3721
152.58438213996828,217.79281059573336,3722
152.68447144777954,217.6465593526803,3723
152.78572311282474,217.4993174807083,3724
152.8881381185469,217.3510856088522,3725
152.99171748979484,217.20186433532484,3726
153.09646229235983,217.05165422799567,3727
153.20237363249754,216.9004558248828,3728
153.30945265643587,216.74826963465753,3729
153.4177005498679,216.59509613716205,3730
153.52711853742903,216.44093578394134,3731
153.63770788215913,216.28578899878858,3732
153.74946988494744,216.12965617830523,3733
153.8624058839616,215.97253769247564,3734
153.97651725405873,215.81443388525688,3735
154.09180540617942,215.65534507518421,3736
154.20827178672272,215.49527155599228,3737
154.32591787690305,215.3342135972529,3738
154.44474519208723,215.1721714450292,3739
154.56475528111181,215.00914532254745,3740
154.68594972557992,214.8451354308863,3741
154.80833013913713,214.68014194968399,3742
154.93189816672535,214.5141650378644,3743
155.0566554838147,214.34720483438193,3744
155.18260379561255,214.17926145898585,3745
155.30974483624863,214.010335013005,3746
155.43808036793638,213.8404255801526,3747
155.56761218010902,213.66953322735236,3748
155.69834208853038,213.49765800558583,3749
155.83027193437917,213.3247999507622,3750
155.96340358330676,213.15095908461055,3751
156.0977389244667,212.976135415595,3752
156.23327986951625,212.8003289398542,3753
156.37002835158856,212.62353964216442,3754
156.5079863242349,212.44576749692803,3755
156.64715576033635,212.26701246918702,3756
156.78753865098383,212.08727451566304,3757
156.92913700432598,211.90655358582353,3758
157.07195284438373,211.72484962297563,3759
157.21598820983144,211.5421625653875,3760
157.36124515274264,211.35849234743858,3761
157.50772573730072,211.17383890079844,3762
157.65543203847295,210.98820215563603,3763
157.80436614064706,210.80158204185872,3764
157.95453013623012,210.61397849038292,3765
158.10592612420788,210.42539143443585,3766
158.25855620866426,210.2358208108904,3767
158.4124224972603,210.04526656163205,3768
158.56752709967105,209.85372863496067,3769
158.72387212597994,209.66120698702562,3770
158.88145968502948,209.4677015832965,3771
159.0402918827277,209.27321240006935,3772
159.20037082030893,209.07773942600957,3773
159.36169859254835,208.88128266373138,3774
159.52427728592926,208.68384213141556,3775
159.68810897676215,208.4854178644652,3776
159.85319572925476,208.28600991720083,3777
160.01953959353187,208.08561836459515,3778
160.18714260360412,207.8842433040482,3779
160.35600677528532,207.6818848572036,3780
160.5261341040564,207.47854317180668,3781
160.69752656287608,207.2742184236047,3782
160.8701860999366,207.0689108182905,3783
161.04411463636404,206.86262059348934,3784
161.21931406386256,206.65534802079023,3785
161.39578624230072,206.44709340782236,3786
161.57353299724045,206.23785710037637,3787
161.75255611740633,206.02763948457238,3788
161.93285735209594,205.816440989074,3789
162.11443840852877,205.60426208734975,3790
162.2973009491347,205.3911032999822,3791
162.48144658877987,205.1769651970249,3792
162.66687689192972,204.96184840040826,3793
162.8535933697492,204.7457535863943,3794
163.04159747713817,204.52868148808085,3795
163.23089060970275,204.31063289795563,3796
163.4214741006606,204.0916086705005,3797
163.6133492176815,203.87160972484637,3798
163.80651715966033,203.65063704747845,3799
164.0009790534247,203.42869169499315,3800
164.19673595037426,203.20577479690556,3801
164.39378882305343,202.9818875585089,3802
164.59213856165584,202.75703126378508,3803
164.79178597046138,202.5312072783667,3804
164.9927317642047,202.30441705255103,3805
165.194976564376,202.07666212436493,3806
165.39852089545326,201.8479441226816,3807
165.60336518106675,201.6182647703882,3808
165.80950974009565,201.38762588760468,3809
166.01695478269662,201.15602939495295,3810
166.2257004062655,200.92347731687664,3811
166.4357465913318,200.68997178501044,3812
166.64709319738694,200.45551504159891,3813
166.8597399586468,200.22010944296386,3814
167.07368647974903,199.9837574630196,3815
167.2889322313863,199.7464616968357,3816
167.50547654587643,199.50822486424596,3817
167.72331861267034,199.26904981350245,3818
167.9424574737987,199.0289395249743,3819
168.16289201925952,198.78789711488952,3820
168.38462098234743,198.54592583911835,3821
168.60764293492605,198.30302909699753,3822
168.83195628264627,198.05921043519325,3823
169.05755926011102,197.81447355160182,3824
169.28444992598946,197.56882229928564,3825
169.51262615808287,197.32226069044322,3826
169.7420856483435,197.07479290041098,3827
169.9728258978508,196.82642327169486,3828
170.2048442117455,196.57715631802935,3829
170.43813769412634,196.3269967284617,3830
170.67270324291172,196.07594937145885,3831
170.90853754466903,195.82401929903418,3832
171.14563706941604,195.57121175089168,3833
171.38399806539752,195.31753215858433,3834
171.62361655384035,195.06298614968344,3835
171.86448832369248,194.8075795519564,3836
172.1066089263486,194.55131839754844,3837
172.34997367036743,194.29420892716598,3838
172.5945776161857,194.03625759425694,3839
172.84041557083253,193.77747106918454,3840
173.0874820826509,193.5178562433907,3841
173.33577143602895,193.25742023354474,3842
173.58527764614948,192.99617038567297,3843
173.83599445376095,192.73411427926453,3844
174.0879153199768,192.47125973134968,3845
174.34103342110933,192.20761480054426,3846
174.59534164354338,191.9431877910572,3847
174.8508325786581,191.6779872566537,3848
175.107498517801,191.41202200457133,3849
175.36533144732354,191.1453010993815,3850
175.62432304368326,190.87783386679206,3851
175.88446466862146,190.60962989738437,3852
176.14574736442245,190.34069905028008,3853
176.4081618492626,190.0710514567304,3854
176.67169851265675,189.8006975236227,3855
176.9363474110102,189.52964793689736,3856
177.20209826328434,189.2579136648697,3857
177.46894044678268,188.98550596144904,3858
177.73686299306846,188.71243636924905,3859
178.00585458401963,188.43871672258325,3860
178.2759035480313,188.16435915033748,3861
178.54699785637425,187.889376078714,3862
178.81912511971512,187.61378023383907,3863
179.0922725848164,187.33758464422743,3864
179.36642713140867,187.0608026430974,3865
179.64157526926653,186.78344787052808,3866
179.91770313547525,186.5055342754529,3867
180.19479649188818,186.22707611748126,3868
180.47284072287988,185.94808796854204,3869
180.7518208332013,185.66858471434213,3870
181.03172144617858,185.38858155563094,3871
181.31252680210898,185.10809400926664,3872
181.59422075691387,184.8271379090752,3873
181.87678678106096,184.5457294064962,3874
182.16020795875139,184.26388497100794,3875
182.44446698738915,183.9816213903268,3876
182.72954617733527,183.69895577037175,3877
183.01542745195715,183.41590553499051,3878
183.30209234798082,183.13248842543854,3879
183.5895220161524,182.84872249960657,3880
183.87769722221753,182.56462613099114,3881
184.1665983482238,182.28021800740032,3882
184.45620539415376,181.99551712939098,3883
184.74649797989517,181.7105428084335,3884
185.03745534755282,181.42531466479716,3885
185.3290563641082,181.13985262515158,3886
185.62127952443248,180.8541769198832,3887
185.91410295465548,180.56830808011682,3888
186.20750441589752,180.2822669344498,3889
186.50146130836416,179.99607460539704,3890
186.79595067581005,179.70975250544117,3891
187.09094921037251,179.4233223330267,3892
187.38643325777613,179.13680606792522,3893
187.68237882291277,178.85022596653172,3894
187.97876157579347,178.5636045567657,3895
188.2755568578759,178.27696463267617,3896
188.57273968876444,177.99032924874155,3897
188.87028477328292,177.7037217138654,3898
189.1681665089179,177.4171655850633,3899
189.4663589936291,177.13068466084943,3900
189.76483603402534,176.84430297432084,3901
190.06357115390003,176.55804478594342,3902
190.3625376031234,176.2719345760426,3903
190.66170836688477,175.9859970370039,3904
190.96105617527965,175.70025706518442,3905
191.26055351323407,175.41473975254564,3906
191.56017263075984,175.12947037800703,3907
191.85988555353057,174.84447439853187,3908
192.1596640937723,174.55977743994808,3909
192.45947986145612,174.27540528751425,3910
192.759304275785,173.99138387623665,3911
193.05910857696242,173.70773928094627,3912
193.35886383823185,173.42449770614573,3913
193.65854097817433,173.141685475634,3914
193.95811077325223,172.85932902191968,3915
194.2575438705845,172.57745487543298,3916
194.55681080094067,172.2960896535485,3917
194.855881991938,172.01526004942835,3918
195.15472778142745,171.73499282069847,3919
195.45331843105265,171.45531477797104,3920
195.75162413996551,171.17625277322415,3921
196.04961505868314,170.89783368805325,3922
196.3472613030676,170.62008442180726,3923
196.64453296841322,170.3430318796223,3924
196.94140014362264,170.0667029603684,3925
197.2378329254542,169.7911245445229,3926
197.533801432823,169.51632348198464,3927
197.8292758211374,169.24232657984436,3928
198.12422629665244,168.969160590126,3929
198.418623130822,168.69685219751378,3930
198.71243667463122,168.42542800708023,3931
199.00563737289048,168.15491453203103,3932
199.29819577847314,167.88533818148042,3933
199.59008256647778,167.61672524827466,3934
199.8812685482975,167.34910189687625,3935
200.17172468557783,167.0824941513261,3936
200.46142210404517,166.81692788329786,3937
200.75033210718877,166.5524288002587,3938
201.03842618977828,166.2890224337527,3939
201.32567605119996,166.0267341278201,3940
201.61205360859557,165.76558902756707,3941
201.89753100978666,165.50561206790053,3942
202.18208064596922,165.2468279624405,3943
202.46567516416314,164.98926119262475,3944
202.74828747940174,164.7329359970176,3945
203.02989078664692,164.47787636083578,3946
203.31045857241668,164.2241060057041,3947
203.5899646261113,163.97164837965144,3948
203.86838305102657,163.7205266473594,3949
204.1456882750411,163.47076368067374,3950
204.42185506096814,163.22238204938915,3951
204.69685851655993,162.9754040123164,3952
204.97067410415576,162.72985150864207,3953
205.24327764996482,162.4857461495882,3954
205.51464535297498,162.24310921038085,3955
205.78475379348026,162.00196162253434,3956
206.0535799412205,161.76232396645793,3957
206.32110116312705,161.52421646439169,3958
206.5872952306689,161.287658973676,3959
206.8521403267953,161.05267098036126,3960
207.11561505247076,160.81927159315978,3961
207.37769843279992,160.58747953774608,3962
207.63836992273937,160.3573131514065,3963
207.89760941239564,160.1287903780416,3964
208.1553972319084,159.90192876352307,3965
208.4117141559185,159.6767454514061,3966
208.66654140762188,159.45325717899738,3967
208.9198606624112,159.2314802737797,3968
209.17165405110563,159.01143065019204,3969
209.42190416277373,158.79312380676308,3970
209.67059404715076,158.57657482359804,3971
209.91770721665543,158.36179836021543,3972
210.16322764801055,158.1488086537309,3973
210.40713978347213,157.9376195173855,3974
210.64942853167324,157.72824433941406,3975
210.8900792680882,157.52069608224915,3976
211.12907783512406,157.3149872820569,3977
211.3664105418466,157.1111300485981,3978
211.60206416334762,156.90913606541022,3979
211.8360259397626,156.7090165903035,3980
212.0682835749458,156.51078245616526,3981
212.29882523481274,156.31444407206575,3982
212.5276395453575,156.12001142465812,3983
212.75471559035586,155.9274940798656,3984
212.98004290876221,155.73690118484805,3985
213.203611491811,155.5482414702404,3986
213.42541177983222,155.36152325265434,3987
213.64543465879146,155.1767544374356,3988
213.86367145656428,154.99394252166792,3989
214.0801139389559,154.81309459741556,3990
214.29475430547623,154.63421735519483,3991
214.5075851848815,154.45731708766678,3992
214.7185996304923,154.28239969354118,3993
214.92779111529924,154.1094706816835,3994
215.13515352686724,153.9385351754152,3995
215.34068116204833,153.76959791699852,3996
215.54436872151388,153.60266327229678,3997
215.74621130411748,153.43773523560057,3998
215.946204401098,153.2748174346114,3999
216.14434389013383,153.11391313557314,4000
216.34062602925846,152.95502524854237,4001
216.53504745064768,152.79815633278912,4002
216.7276051542882,152.6433086023186,4003
216.91829650153753,152.49048393150548,4004
217.10711920858546,152.339683860832,4005
217.29407133982565,152.19090960272126,4006
217.47915130114748,152.0441620474578,4007
217.662357833157,151.89944176918618,4008
217.84369000433563,151.75674903198095,4009
218.02314720414586,151.61608379597882,4010
218.20072913609187,151.47744572356586,4011
218.37643581074357,151.3408341856123,4012
218.55026753873207,151.20624826774718,4013
218.72222492372413,151.07368677666588,4014
218.8923088553832,150.94314824646364,4015
219.06052050232438,150.814630944988,4016
219.22686130506995,150.6881328802043,4017
219.39133296901255,150.5636518065666,4018
219.55393745739238,150.4411852313894,4019
219.7146769842943,150.32073042121323,4020
219.87355400767134,150.20228440815853,4021
220.0305712223997,150.08584399626315,4022
220.1857315533711,149.97140576779677,4023
220.3390381486277,149.8589660895485,4024
220.4904943725438,149.74852111908243,4025
220.6401037990599,149.64006681095617,4026
220.7878702049731,149.5335989228983,4027
220.93379756328784,149.42911302194082,4028
221.0778900366312,149.32660449050195,4029
221.22015197073654,149.2260685324163,4030
221.3605878879984,149.12750017890826,4031
221.49920248110251,149.03089429450552,4032
221.6360006067338,148.93624558288968,4033
221.77098727936473,148.84354859268095,4034
221.90416766512723,148.75279772315383,4035
222.03554707577007,148.6639872298817,4036
222.16513096270407,148.577111230308,4037
222.29292491113728,148.4921637092408,4038
222.41893463430168,148.4091385242705,4039
222.5431659677729,148.3280294111069,4040
222.66562486388503,148.24882998883527,4041
222.78631738624105,148.17153376508946,4042
222.90524970432034,148.09613414114025,4043
223.02242808818434,148.02262441689885,4044
223.13785890328074,147.9509977958332,4045
223.2515486053474,147.88124738979653,4046
223.3635037354159,147.81336622376836,4047
223.47373091491565,147.74734724050535,4048
223.5822368408785,147.68318330510348,4049
223.689028281244,147.6208672094695,4050
223.79411207026524,147.5603916767024,4051
223.8974951040157,147.50174936538403,4052
223.9991843359959,147.44493287377938,4053
224.09918677284062,147.38993474394576,4054
224.19750947012562,147.33674746575178,4055
224.29415952827344,147.2853634808056,4056
224.38914408855788,147.23577518629324,4057
224.4824703292066,147.1879749387272,4058
224.5741454616007,147.14195505760526,4059
224.66417672657087,147.09770782898107,4060
224.752571390789,147.05522550894585,4061
224.8393367432546,147.0145003270228,4062
224.92448009187456,146.97552448947448,4063
225.00800876013582,146.93829018252393,4064
225.0899300838696,146.90278957549023,4065
225.17025140810568,146.8690148238399,4066
225.2489800840163,146.8369580721543,4067
225.32612346594777,146.80661145701424,4068
225.40168890853937,146.77796710980334,4069
225.47568376392712,146.75101715943,4070
225.54811537903228,146.72575373497025,4071
225.6189910929325,146.70216896823172,4072
225.68831823431475,146.68025499624002,4073
225.7561041190082,146.66000396364896,4074
225.82235604759606,146.64140802507552,4075
225.88708130310502,146.62445934736056,4076
225.9502871487704,146.60915011175678,4077
226.0119808258761,146.59547251604513,4078
226.07216955166786,146.58341877658037,4079
226.1308605173382,146.57298113026795,4080
226.18806088608162,146.56415183647215,4081
226.24377779121912,146.55692317885803,4082
226.29801833438978,146.5512874671674,4083
226.35078958380885,146.54723703893103,4084
226.40209857259018,146.54476426111685,4085
226.4519522971324,146.54386153171734,4086
226.5003577155665,146.54452128127565,4087
226.54732174626426,146.54673597435243,4088
226.59285126640552,146.5504981109348,4089
226.63695311060354,146.5558002277881,4090
226.67963406958643,146.5626348997521,4091
226.72090088893367,146.5709947409826,4092
226.7607602678666,146.5808724061399,4093
226.7992188580909,146.5922605915248,4094
226.83628326269056,146.60515203616416,4095
226.8719600350712,146.61953952284625,4096
226.9062556779524,146.63541587910765,4097
226.93917664240703,146.65277397817272,4098
226.97072932694658,146.67160673984645,4099
227.00092007665148,146.6919071313625,4100
227.02975518234493,146.71366816818656,4101
227.0572408798094,146.73688291477703,4102
227.08338334904397,146.7615444853034,4103
227.10818871356247,146.78764604432385,4104
227.1316630397299,146.81518080742293,4105
227.15381233613752,146.84414204180996,4106
227.17464255301425,146.8745230668799,4107
227.19415958167409,146.90631725473722,4108
227.2123692539984,146.93951803068333,4109
227.22927734195156,146.9741188736695,4110
227.24488955712997,147.0101133167155,4111
227.25921155034206,147.04749494729455,4112
227.27224891121978,147.0862574076868,4113
227.2840071678596,147.1263943953004,4114
227.29449178649256,147.1678996629627,4115
227.30370817118236,147.21076701918122,4116
227.31166166355084,147.25499032837584,4117
227.31835754252936,147.30056351108271,4118
227.32380102413617,147.34748054413086,4119
227.32799726127823,147.39573546079205,4120
227.33095134357686,147.44532235090497,4121
227.3326682972167,147.4962353609738,4122
227.33315308481696,147.5484686942429,4123
227.3324106053242,147.60201661074726,4124
227.33044569392626,147.65687342733997,4125
227.32726312198608,147.71303351769743,4126
227.32286759699542,147.77049131230237,4127
227.31726376254724,147.82924129840606,4128
227.3104561983263,147.88927801996977,4129
227.30244942011757,147.95059607758589,4130
227.29324787983128,148.0131901283803,4131
227.2828559655449,148.0770548858953,4132
227.27127800156055,148.14218511995423,4133
227.2585182484777,148.2085756565087,4134
227.24458090328105,148.27622137746783,4135
227.22947009944193,148.3451172205113,4136
227.2131899070342,148.4152581788855,4137
227.19574433286283,148.48663930118423,4138
227.1771373206053,148.55925569111355,4139
227.15737275096575,148.63310250724194,4140
227.13645444184002,148.70817496273563,4141
227.11438614849348,148.78446832507973,4142
227.0911715637484,148.86197791578576,4143
227.06681431818316,148.9406991100854,4144
227.0413179803408,149.02062733661143,4145
227.01468605694794,149.1017580770657,4146
226.98692199314291,149.18408686587517,4147
226.95802917271325,149.2676092898351,4148
226.92801091834167,149.35232098774108,4149
226.8968704918609,149.4382176500096,4150
226.86461109451656,149.52529501828698,4151
226.8312358672376,149.6135488850477,4152
226.79674789091496,149.70297509318226,4153
226.76115018668693,149.79356953557428,4154
226.7244457162322,149.88532815466743,4155
226.68663738206914,149.97824694202308,4156
226.64772802786203,150.0723219378672,4157
226.60772043873362,150.1675492306288,4158
226.56661734158357,150.26392495646837,4159
226.5244214054133,150.36144529879766,4160
226.48113524165615,150.46010648779009,4161
226.43676140451333,150.55990479988287,4162
226.3913023912952,150.66083655727024,4163
226.34476064276774,150.7628981273883,4164
226.2971385435043,150.8660859223917,4165
226.24843842224186,150.97039639862197,4166
226.1986625522426,151.07582605606794,4167
226.14781315165973,151.18237143781815,4168
226.09589238390802,151.29002912950563,4169
226.04290235803893,151.3987957587447,4170
225.98884512911962,151.50866799456054,4171
225.93372269861695,151.61964254681075,4172
225.87753701478482,151.73171616559995,4173
225.82028997305625,151.84488564068675,4174
225.7619834164392,151.9591478008834,4175
225.70261913591628,152.07449951344842,4176
225.64219887084872,152.1909376834718,4177
225.58072430938395,152.3084592532531,4178
225.51819708886688,152.42706120167273,4179
225.45461879625543,152.54674054355587,4180
225.3899909685396,152.66749432902932,4181
225.32431509316422,152.78931964287165,4182
225.25759260845564,152.91221360385615,4183
225.18982490405222,153.03617336408678,4184
225.1210133213384,153.16119610832737,4185
225.0511591538829,153.28727905332354,4186
224.98026364788035,153.41441944711804,4187
224.90832800259702,153.54261456835874,4188
224.83535337082043,153.67186172560005,4189
224.7613408593126,153.80215825659693,4190
224.6862915292679,153.9335015275922,4191
224.610206396774,154.06588893259692,4192
224.53308643327782,154.19931789266317,4193
224.45493256605488,154.3337858551505,4194
224.37574567868344,154.46929029298465,4195
224.29552661152258,154.6058287039096,4196
224.21427616219478,154.74339860973203,4197
224.13199508607286,154.88199755555894,4198
224.0486840967717,155.02162310902756,4199
223.9643438666444,155.16227285952868,4200
223.8789750272833,155.3039444174219,4201
223.79257817002585,155.4466354132436,4202
223.7051538464655,155.59034349690802,4203
223.61670256896767,155.73506633690027,4204
223.527224811191,155.88080161946192,4205
223.43672100861383,156.02754704776905,4206
223.3451915590665,156.17530034110268,4207
223.25263682326892,156.32405923401134,4208
223.15905712537426,156.47382147546597,4209
223.06445275351834,156.6245848280069,4210
222.96882396037532,156.77634706688298,4211
222.87217096371953,156.92910597918274,4212
222.774493946994,157.08285936295752,4213
222.67579305988494,157.23760502633667,4214
222.57606841890396,157.39334078663424,4215
222.47532010797644,157.55006446944788,4216
222.37354817903753,157.70777390774936,4217
222.27075265263528,157.86646694096655,4218
222.16693351854136,158.0261414140575,4219
222.06209073636944,158.18679517657566,4220
221.95622423620188,158.34842608172684,4221
221.84933391922388,158.5110319854176,4222
221.7414196583668,158.67461074529524,4223
221.63248129895922,158.83916021977876,4224
221.52251865938774,159.0046782670817,4225
221.41153153176583,159.17116274422563,4226
221.29951968261253,159.33861150604574,4227
221.18648285354075,159.50702240418664,4228
221.07242076195453,159.67639328609033,4229
220.9573331017572,159.8467219939746,4230
220.84121954406905,160.01800636380293,4231
220.72407973795575,160.19024422424533,4232
220.6059133111673,160.3634333956305,4233
220.48671987088824,160.5375716888887,4234
220.3664990044986,160.7126569044861,4235
220.24525028034662,160.88868683134982,4236
220.12297324853324,161.06565924578427,4237
219.99966744170837,161.2435719103786,4238
219.87533237587948,161.42242257290482,4239
219.7499675512328,161.6022089652077,4240
219.6235724529672,161.78292880208508,4241
219.4961465521414,161.96457978015985,4242
219.36768930653406,162.14715957674287,4243
219.23820016151797,162.33066584868706,4244
219.10767855094787,162.51509623123303,4245
218.9761238980626,162.7004483368457,4246
218.8435356164018,162.8867197540428,4247
218.70991311073686,163.0739080462139,4248
218.57525577801786,163.26201075043238,4249
218.4395630083349,163.45102537625766,4250
218.3028341858956,163.64094940453,4251
218.16506869001847,163.83178028615686,4252
218.02626589614232,164.0235154408911,4253
217.88642517685216,164.2161522561015,4254
217.74554590292234,164.4096880855351,4255
217.60362744437586,164.6041202480724,4256
217.46066917156216,164.7994460264744,4257
217.31667045625161,164.9956626661228,4258
217.17163067274856,165.1927673737529,4259
217.02554919902235,165.39075731617905,4260
216.87842541785687,165.589629619014,4261
216.73025871801892,165.78938136538105,4262
216.58104849544566,165.99000959462003,4263
216.43079415445158,166.1915113009872,4264
216.27949510895482,166.39388343234876,4265
216.1271507837234,166.59712288886928,4266
215.97376061564202,166.8012265216941,4267
215.81932405499882,167.0061911316269,4268
215.66384056679308,167.21201346780222,4269
215.50730963206388,167.41869022635348,4270
215.34973074923977,167.62621804907653,4271
215.1911034355103,167.83459352208945,4272
215.0314272282186,168.0438131744884,4273
214.87070168627653,168.25387347700052,4274
214.70892639160147,168.46477084063343,4275
214.54610095057586,168.67650161532245,4276
214.382224995529,168.8890620885757,4277
214.21729818624166,169.10244848411708,4278
214.05132021147398,169.31665696052806,4279
213.884290790516,169.53168360988815,4280
213.71620967476193,169.74752445641568,4281
213.54707664930768,169.96417545510715,4282
213.3768915345721,170.18163249037806,4283
213.20565418794195,170.39989137470434,4284
213.03336450544066,170.61894784726437,4285
212.86002242342136,170.83879757258376,4286
212.6856279202838,171.05943613918205,4287
212.51018101821552,171.28085905822186,4288
212.3336817849571,171.5030617621625,4289
212.1561303355922,171.7260396034162,4290
211.97752683436138,171.94978785300978,4291
211.79787149650056,172.174301699251,4292
211.6171645901039,172.399576246401,4293
211.4354064380108,172.62560651335215,4294
211.2525974197175,172.85238743231383,4295
211.06873797331258,173.07991384750488,4296
210.88382859743692,173.308180513855,4297
210.69786985326763,173.5371820957137,4298
210.51086236652574,173.7669131655705,4299
210.32280682950795,173.99736820278324,4300
210.13370400314176,174.22854159231926,4301
209.94355471906414,174.46042762350638,4302
209.75235988172332,174.69302048879663,4303
209.56012047050345,174.9263142825438,4304
209.36683754187194,175.16030299979363,4305
209.17251223154918,175.39498053508794,4306
208.97714575669997,175.63034068128565,4307
208.78073941814696,175.86637712839823,4308
208.5832946026047,176.1030834624421,4309
208.384812784935,176.3404531643086,4310
208.18529553042202,176.5784796086524,4311
207.9847444970674,176.81715606279823,4312
207.7831614379046,177.05647568566766,4313
207.5805482033314,177.29643152672742,4314
207.3769067434608,177.5370165249571,4315
207.17223911048896,177.77822350783956,4316
206.9665474610797,178.02004519037803,4317
206.75983405876494,178.26247417413018,4318
206.55210127635982,178.50550294627118,4319
206.34335159839227,178.74912387868432,4320
206.13358762354576,178.99332922707129,4321
205.9228120671143,179.23811113009688,4322
205.7110277634687,179.48346160855468,4323
205.49823766853333,179.7293725645671,4324
205.28444486227193,179.97583578081026,4325
205.06965255118155,180.2228429197831,4326
204.85386407079335,180.47038552307814,4327
204.63708288817912,180.71845501071553,4328
204.41931260446202,180.96704268049567,4329
204.20055695733046,181.21613970738605,4330
203.98081982355365,181.46573714294357,4331
203.76010522149681,181.7158259147737,4332
203.53841731363582,181.96639682602444,4333
203.31576040906836,182.2174405549196,4334
203.09213896602046,182.4689476543258,4335
202.8675575943472,182.72090855136284,4336
202.64202105802514,182.97331354705216,4337
202.41553427763495,183.22615281600233,4338
202.1881023328325,183.47941640614155,4339
201.95973046480623,183.73309423848735,4340
201.7304240787192,183.9871761069615,4341
201.50018874613332,184.2416516782475,4342
201.26903020741383,184.49651049169304,4343
201.0369543741122,184.75174195925644,4344
200.80396733132486,185.00733536550018,4345
200.57007534002537,185.26327986763036,4346
200.33528483936817,185.51956449558324,4347
200.09960244896112,185.77617815216044,4348
199.86303497110472,186.03310961321256,4349
199.6255893929951,186.29034752787214,4350
199.38727288888833,186.54788041883685,4351
199.14809282222416,186.8056966827038,4352
198.9080567477052,187.06378459035517,4353
198.66717241332998,187.3221322873955,4354
198.4254477623766,187.58072779464288,4355
198.18289093533454,187.8395590086727,4356
197.93951027178085,188.09861370241515,4357
197.6953143121992,188.35787952580924,4358
197.45031179973802,188.61734400650923,4359
197.20451168190465,188.87699455064933,4360
196.95792311219293,189.13681844366366,4361
196.71055545164114,189.39680285116287,4362
196.462418270317,189.65693481986878,4363
196.2135213487268,189.91720127860683,4364
195.96387467914573,190.17758903935632,4365
195.71348846686567,190.4380847983605,4366
195.46237313135848,190.6986751372949,4367
195.21053930735002,190.95934652449606,4368
194.95799784580348,191.22008531625005,4369
194.70475981480746,191.4808777581416,4370
194.45083650036682,191.74170998646403,4371
194.1962394070921,192.0025680296904,4372
193.9409802587852,192.26343781000548,4373
193.68507099891815,192.52430514490072,4374
193.42852379100117,192.78515574882968,4375
193.17135101883815,193.045975234927,4376
192.9135652866656,193.3067491167885,4377
192.6551794191728,193.56746281031496,4378
192.39620646139923,193.82810163561757,4379
192.1366596785083,194.08865081898676,4380
191.8765525554325,194.34909549492343,4381
191.61589879638876,194.60942070823342,4382
191.35471232426053,194.86961141618409,4383
191.09300727984504,195.12965249072448,4384
190.8307980209616,195.3895287207675,4385
190.56809912142106,195.6492248145347,4386
190.30492536985128,195.90872540196386,4387
190.04129176837918,196.16801503717792,4388
189.77721353116542,196.42707820101637,4389
189.51270608279083,196.68589930362802,4390
189.24778505649277,196.94446268712463,4391
188.9824662922492,197.20275262829583,4392
188.7167658347096,197.4607533413836,4393
188.4506999309713,197.71844898091723,4394
188.18428502820007,197.9758236446071,4395
187.91753777109375,198.23286137629694,4396
187.6504749991879,198.48954616897404,4397
187.38311374400462,198.74586196783687,4398
187.1154712260407,199.0017926734183,4399
186.84756485159895,199.25732214476506,4400
186.57941220945852,199.512434202671,4401
186.31103106738826,199.76711263296443,4402
186.0424393685002,200.02134118984733,4403
185.7736552274457,200.27510359928624,4404
185.50469692645487,200.52838356245303,4405
185.23558291121904,200.78116475921465,4406
184.96633178661847,201.03343085167,4407
184.69696231229756,201.2851654877335,4408
184.4274933980867,201.53635230476235,4409
184.1579440992758,201.78697493322747,4410
183.88833361173891,202.03701700042558,4411
183.61868126691377,202.2864621342309,4412
183.34900652663902,202.5352939668848,4413
183.0793289778511,202.7834961388215,4414
182.80966832714392,203.0310523025278,4415
182.5400443951954,203.27794612643487,4416
182.2704771110646,203.5241612988405,4417
182.0009865063603,203.76968153185862,4418
181.73159270929085,204.0144905653949,4419
181.46231593859164,204.25857217114586,4420
181.19317649734185,204.50191015661875,4421
180.92419476667237,204.74448836917028,4422
180.65539119936682,204.98629070006155,4423
180.3867863133668,205.22730108852642,4424
180.1184006851776,205.46750352585119,4425
179.85025494319618,205.70688205946246,4426
179.58236976093656,205.94542079702094,4427
179.31476585020894,206.18310391051776,4428
179.04746395419173,206.41991564037116,4429
178.7804848404647,206.6558402995205,4430
178.5138492939764,206.89086227751432,4431
178.2475781099509,207.12496604458994,4432
177.9816920867594,207.3581361557416,4433
177.71621201874635,207.5903572547738,4434
177.45115868902576,207.8216140783371,4435
177.1865528622491,208.05189145994314,4436
176.92241527735666,208.28117433395607,4437
176.65876664031592,208.50944773955717,4438
176.39562761685457,208.73669682467892,4439
176.1330188251966,208.96290684990674,4440
175.8709608288071,209.18806319234423,4441
175.60947412915377,209.412151349439,4442
175.3485791584909,209.63515694276634,4443
175.0882962726754,209.8570657217672,4444
174.82864574401975,210.0778635674381,4445
174.56964775418862,210.2975364959688,4446
174.3113223871502,210.5160706623262,4447
174.05368962218205,210.73345236378012,4448
173.7967693269466,210.94966804336897,4449
173.540581250636,211.1647042933021,4450
173.28514501719715,211.37854785829586,4451
173.0304801186428,211.59118563884084,4452
172.77660590845363,211.8026046943977,4453
172.52354159507894,212.0127922465184,4454
172.27130623554274,212.22173568189083,4455
172.01991872915892,212.42942255530417,4456
171.76939781136394,212.63584059253245,4457
171.51976204767098,212.84097769313394,4458
171.2710298277516,213.0448219331646,4459
171.02321935965062,213.24736156780276,4460
170.7763486641378,213.44858503388357,4461
170.53043556920377,213.64848095234072,4462
170.2854977047017,213.8470381305543,4463
170.04155249714162,214.04424556460233,4464
169.7986171646407,214.24009244141476,4465
169.5567087120327,214.43456814082842,4466
169.3158439261419,214.6276622375411,4467
169.07603937122283,214.81936450296433,4468
168.8373113845711,215.0096649069727,4469
168.59967607230703,215.19855361954916,4470
168.36314930533496,215.38602101232584,4471
168.12774671548033,215.57205766001854,4472
167.89348369180775,215.75665434175502,4473
167.66037537712089,215.93980204229644,4474
167.4284366646459,216.1214919531511,4475
167.19768219490027,216.3017154735809,4476
166.96812635274787,216.48046421149945,4477
166.73978326464103,216.6577299842624,4478
166.5126667960499,216.83350481935025,4479
166.2867905490801,217.00778095494294,4480
166.06216786027852,217.1805508403875,4481
165.83881179862627,217.3518071365585,4482
165.61673516371948,217.52154271611238,4483
165.39595048413696,217.6897506636359,4484
165.1764700159931,217.8564242756896,4485
164.95830574167587,218.02155706074748,4486
164.74146936876824,218.18514273903332,4487
164.52597232915093,218.3471752422553,4488
164.31182577828554,218.5076487132397,4489
164.09904059467559,218.66655750546525,4490
163.88762737950336,218.8238961824994,4491
163.67759645644037,218.97965951733806,4492
163.46895787162856,219.13384249165023,4493
163.2617213938303,219.28644029492946,4494
163.05589651474327,219.43744832355375,4495
162.85149244947783,219.5868621797554,4496
162.64851813719415,219.73467767050323,4497
162.4469822418945,219.88089080629882,4498
162.24689315336883,220.0254977998889,4499
162.0482589882889,220.16849506489567,4500
161.85108759144774,220.30987921436773,4501
161.65538653714128,220.4496470592533,4502
161.46116313068688,220.58779560679835,4503
161.26842441007642,220.72432205887145,4504
161.07717714775882,220.8592238102184,4505
160.88742785254868,220.992498446648,4506
160.69918277165618,221.12414374315222,4507
160.51244789283487,221.25415766196278,4508
160.32722894664232,221.38253835054664,4509
160.14353140881025,221.5092841395425,4510
159.96136050271897,221.63439354064155,4511
159.78072120197268,221.75786524441415,4512
159.60161823307064,221.87969811808549,4513
159.42405607817048,221.99989120326208,4514
159.2480389779386,222.1184437136123,4515
159.07357093448448,222.2353550325029,4516
158.90065571437356,222.3506247105941,4517
158.72929685171488,222.4642524633958,4518
158.5594976513194,222.57623816878737,4519
158.3912611919246,222.68658186450304,4520
158.22459032948115,222.79528374558603,4521
158.05948770049798,222.90234416181292,4522
157.89595572544084,223.00776361509128,4523
157.73399661218153,223.11154275683276,4524
157.57361235949247,223.21368238530334,4525
157.41480476058442,223.314183442954,4526
157.2575754066815,223.41304701373315,4527
157.1019256906318,223.5102743203833,4528
156.9478568105483,223.60586672172437,4529
156.79536977347772,223.69982570992534,4530
156.64446539909264,223.79215290776642,4531
156.49514432340447,223.882850065894,4532
156.3474070024935,223.97191906006975,4533
156.20125371625235,224.05936188841676,4534
156.0566845721406,224.14518066866336,4535
155.91369950894642,224.2293776353874,4536
155.7722983005531,224.31195513726263,4537
155.63248055970712,224.39291563430822,4538
155.4942457417847,224.47226169514406,4539
155.357593148555,224.54999599425258,4540
155.22252193193626,224.62612130924947,4541
155.08903109774292,224.7006405181639,4542
154.9571195094213,224.77355659673066,4543
154.82678589177135,224.8448726156948,4544
154.69802883465212,224.91459173813078,4545
154.5708467966689,224.9827172167768,4546
154.44523810883976,225.04925239138626,4547
154.32120097824014,225.11420068609695,4548
154.19873349162248,225.17756560681926,4549
154.07783361901022,225.23935073864493,4550
153.95849921726347,225.29955974327666,4551
153.84072803361556,225.35819635648022,4552
153.7245177091784,225.4152643855596,4553
153.60986578241526,225.4707677068561,4554
153.49676969257965,225.52471026327282,4555
153.38522678311904,225.57709606182414,4556
153.27523430504206,225.62792917121217,4557
153.1667894202484,225.6772137194303,4558
153.05988920481963,225.72495389139414,4559
152.95453065227068,225.77115392660153,4560
152.85071067676077,225.8158181168209,4561
152.74842611626275,225.8589508038096,4562
152.64767373569046,225.9005563770619,4563
152.54845022998308,225.94063927158774,4564
152.45075222714598,225.9792039657219,4565
152.35457629124738,226.01625497896478,4566
152.25991892537053,226.05179686985463,4567
152.16677657452067,226.0858342338711,4568
152.07514562848633,226.11837170137179,4569
151.98502242465528,226.14941393556003,4570
151.89640325078378,226.17896563048615,4571
151.80928434771977,226.20703150908045,4572
151.7236619120793,226.23361632121973,4573
151.63953209887663,226.25872484182608,4574
151.55689102410696,226.28236186899883,4575
151.47573476728263,226.30453222217955,4576
151.3960593739227,226.32524074034973,4577
151.31786085799496,226.34449228026162,4578
151.24113520431214,226.3622917147018,4579
151.16587837088062,226.37864393078783,4580
151.092086291203,226.3935538282973,4581
151.0197548765346,226.4070263180299,4582
150.94888001809332,226.41906632020155,4583
150.87945758922393,226.4296787628714,4584
150.8114834475169,226.43886858040057,4585
150.74495343688164,226.44664071194313,4586
150.6798633895748,226.45300009996873,4587
150.61620912818412,226.45795168881713,4588
150.55398646756805,226.4615004232834,4589
150.49319121675123,226.46365124723513,4590
150.4338191807767,226.46440910225962,4591
150.37586616251517,226.46377892634217,4592
150.31932796443166,226.46176565257437,4593
150.26420039031,226.45837420789246,4594
150.2104792469358,226.45360951184546,4595
150.15816034573808,226.4474764753923,4596
150.10723950439086,226.43997999972834,4597
150.0577125483738,226.4311249751405,4598
150.00957531249423,226.42091627989043,4599
149.96282364236924,226.40935877912608,4600
149.9174533958702,226.39645732382067,4601
149.8734604445285,226.38221674973906,4602
149.83084067490478,226.3666418764308,4603
149.78958998992056,226.34973750625016,4604
149.7497043101545,226.33150842340186,4605
149.7111795751022,226.3119593930128,4606
149.67401174440164,226.2910951602295,4607
149.63819679902377,226.2689204493398,4608
149.60373074242943,226.24543996292007,4609
149.57060960169267,226.22065838100627,4610
149.53882942859175,226.1945803602887,4611
149.508386300668,226.16721053333072,4612
149.47927632225262,226.13855350781014,4613
149.45149562546322,226.10861386578378,4614
149.4250403711697,226.0773961629738,4615
149.3999067499302,226.04490492807648,4616
149.37609098289826,226.01114466209245,4617
149.35358932270069,225.9761198376778,4618
149.33239805428832,225.9398348985166,4619
149.3125134957584,225.90229425871328,4620
149.29393199915046,225.86350230220532,4621
149.27664995121592,225.82346338219557,4622
149.26066377416163,225.7821818206042,4623
149.24596992636825,225.73966190753916,4624
149.23256490308393,225.69590790078536,4625
149.22044523709374,225.6509240253123,4626
149.20960749936557,225.60471447279951,4627
149.20004829967272,225.5572834011793,4628
149.19176428719393,225.50863493419698,4629
149.18475215109135,225.45877316098796,4630
149.17900862106683,225.407702135671,4631
149.1745304678971,225.35542587695812,4632
149.17131450394837,225.3019483677801,4633
149.16935758367063,225.2472735549276,4634
149.16865660407237,225.19140534870746,4635
149.1692085051761,225.13434762261403,4636
149.17101027045493,225.0761042130151,4637
149.17405892725108,225.01667891885194,4638
149.17835154717608,224.95607550135375,4639
149.183885246494,224.89429768376544,4640
149.1906571864872,224.8313491510893,4641
149.1986645738056,224.7672335498394,4642
149.20790466079995,224.70195448780925,4643
149.21837474583867,224.63551553385201,4644
149.2300721736098,224.56792021767302,4645
149.24299433540753,224.4991720296346,4646
149.257138669404,224.42927442057268,4647
149.27250266090698,224.35823080162504,4648
149.28908384260313,224.28604454407116,4649
149.30687979478793,224.21271897918305,4650
149.3258881455821,224.1382573980873,4651
149.34610657113475,224.06266305163763,4652
149.36753279581424,223.98593915029838,4653
149.39016459238627,223.90808886403792,4654
149.4139997821798,223.82911532223264,4655
149.4390362352414,223.74902161358068,4656
149.46527187047764,223.66781078602554,4657
149.49270465578653,223.5854858466894,4658
149.52133260817737,223.5020497618158,4659
149.55115379388045,223.4175054567217,4660
149.58216632844534,223.33185581575856,4661
149.6143683768296,223.2451036822827,4662
149.64775815347664,223.1572518586342,4663
149.68233392238432,223.0683031061249,4664
149.71809399716298,222.97826014503457,4665
149.75503674108478,222.887125654616,4666
149.79316056712284,222.79490227310816,4667
149.83246393798177,222.7015925977578,4668
149.8729453661189,222.6071991848491,4669
149.9146034137565,222.51172454974144,4670
149.95743669288535,222.41517116691526,4671
150.00144386526003,222.31754147002565,4672
150.04662364238473,222.21883785196388,4673
150.09297478549183,222.11906266492673,4674
150.14049610551146,222.01821822049345,4675
150.1891864630331,221.91630678971035,4676
150.23904476825888,221.81333060318312,4677
150.29006998094926,221.7092918511768,4678
150.34226111036034,221.60419268372294,4679
150.39561721517347,221.49803521073457,4680
150.4501374034169,221.39082150212872,4681
150.50582083237995,221.28255358795616,4682
150.56266670851878,221.17323345853893,4683
150.6206742873549,221.0628630646151,4684
150.67984287336586,220.95144431749105,4685
150.74017181986812,220.8389790892017,4686
150.801660528892,220.72546921267752,4687
150.86430845104925,220.61091648191982,4688
150.92811508539245,220.49532265218323,4689
150.9930799792668,220.37868944016617,4690
151.05920272815393,220.26101852420848,4691
151.12648297550797,220.14231154449752,4692
151.19492041258323,220.02257010328157,4693
151.2645147782542,219.90179576509158,4694
151.3352658588274,219.77999005697026,4695
151.40717348784446,219.6571544687102,4696
151.48023754587757,219.5332904530993,4697
151.55445796031603,219.408399426175,4698
151.6298347051442,219.2824827674867,4699
151.70636780071098,219.1555418203669,4700
151.78405731349008,219.02757789221064,4701
151.86290335583175,218.89859225476434,4702
151.9429060857048,218.7685861444227,4703
152.02406570642955,218.63756076253557,4704
152.10638246640133,218.50551727572355,4705
152.18985665880382,218.37245681620306,4706
152.27448862131305,218.2383804821211,4707
152.3602787357905,218.1032893378998,4708
152.44722742796665,217.9671844145908,4709
152.53533516711312,217.83006671023992,4710
152.62460246570438,217.69193719026197,4711
152.71502987906814,217.5527967878267,4712
152.80661800502457,217.41264640425482,4713
152.8993674835133,217.2714869094255,4714
152.993278996209,217.1293191421953,4715
153.08835326612444,216.98614391082816,4716
153.18459105720075,216.84196199343756,4717
153.28199317388496,216.69677413844067,4718
153.3805604606942,216.55058106502463,4719
153.48029380176624,216.4033834636258,4720
153.58119412039602,216.25518199642173,4721
153.68326237855783,216.10597729783615,4722
153.78649957641258,215.95576997505796,4723
153.8909067518003,215.80456060857358,4724
153.99648497971643,215.65234975271395,4725
154.10323537177266,215.49913793621548,4726
154.21115907564106,215.3449256627965,4727
154.3202572744815,215.18971341174844,4728
154.4305311863513,215.03350163854273,4729
154.5419820635976,214.87629077545373,4730
154.65461119223104,214.71808123219796,4731
154.7684198912808,214.5588733965901,4732
154.8834095121301,214.39866763521593,4733
154.9995814378322,214.23746429412304,4734
155.11693708240568,214.07526369952947,4735
155.2354778901089,213.9120661585505,4736
155.35520533469304,213.74787195994452,4737
155.47612091863286,213.58268137487818,4738
155.59822617233522,213.41649465771096,4739
155.7215226533236,213.24931204680036,4740
155.84601194539968,213.0811337653272,4741
155.97169565777938,212.9119600221427,4742
156.09857542420488,212.74179101263655,4743
156.22665290202985,212.57062691962759,4744
156.35592977127885,212.39846791427678,4745
156.48640773367939,212.22531415702352,4746
156.61808851166614,212.05116579854553,4747
156.75097384735693,211.87602298074285,4748
156.885065501499,211.69988583774668,4749
157.02036525238591,211.52275449695338,4750
157.1568748947433,211.3446290800844,4751
157.29459623858352,211.16550970427244,4752
157.43353110802826,210.98539648317458,4753
157.57368134009772,210.804289528113,4754
157.71504878346659,210.62218894924342,4755
157.8576352971853,210.43909485675286,4756
158.00144274936648,210.2550073620857,4757
158.14647301583426,210.0699265792006,4758
158.29272797873836,209.8838526258568,4759
158.4402095251288,209.69678562493226,4760
158.58891954549355,209.5087257057729,4761
158.73885993225576,209.3196730055742,4762
158.89003257823174,209.12962767079566,4763
159.04243937504722,208.93858985860854,4764
159.1960822115123,208.74655973837787,4765
159.3509629719536,208.55353749317857,4766
159.50708353450284,208.3595233213474,4767
159.664445769341,208.16451743807033,4768
159.8230515368975,207.96852007700656,4769
159.98290268600326,207.77153149194925,4770
160.14400105199675,207.5735519585242,4771
160.30634845478264,207.37458177592669,4772
160.4699466968413,207.17462126869682,4773
160.63479756118957,206.97367078853455,4774
160.80090280929107,206.7717307161543,4775
160.96826417891512,206.5688014631804,4776
161.13688338194447,206.36488347408334,4777
161.30676210212982,206.1599772281575,4778
161.47790199279143,205.95408324154118,4779
161.650304674466,205.74720206927913,4780
161.82397173249913,205.5393343074279,4781
161.9989047145819,205.33048059520516,4782
162.17510512823085,205.12064161718257,4783
162.35257443821138,204.90981810552353,4784
162.53131406390293,204.69801084226515,4785
162.71132537660614,204.48522066164625,4786
162.8926096967909,204.27144845248003,4787
163.0751682912847,204.0566951605734,4788
163.25900237040102,203.8409617911922,4789
163.44411308500725,203.6242494115726,4790
163.63050152353094,203.40655915347992,4791
163.8181687089054,203.18789221581363,4792
164.00711559545258,202.96824986726008,4793
164.1973430657042,202.7476334489918,4794
164.38885192716018,202.5260443774145,4795
164.58164290898412,202.30348414696124,4796
164.7757166586364,202.07995433293397,4797
164.97107373844344,201.85545659439214,4798
165.16771462210463,201.62999267708852,4799
165.36563969113544,201.40356441645213,4800
165.56484923124825,201.17617374061732,4801
165.7653434286694,200.94782267350013,4802
165.96712236639462,200.7185133379199,4803
166.17018602038118,200.48824795876706,4804
166.37453425567915,200.2570288662158,4805
166.58016682250008,200.02485849898144,4806
166.78708335222584,199.79173940762183,4807
166.99528335335668,199.5576742578818,4808
167.20476620740016,199.32266583408014,4809
167.41553116470146,199.08671704253828,4810
167.6275773402163,198.84983091504955,4811
167.84090370922738,198.61201061238762,4812
168.0555091030056,198.37325942785384,4813
168.27139220441717,198.13358079086163,4814
168.48855154347945,197.8929782705561,4815
168.70698549286445,197.65145557946911,4816
168.9266922633545,197.40901657720576,4817
169.14766989925008,197.16566527416336,4818
169.3699162737329,196.921405835279,4819
169.5934290841861,196.67624258380445,4820
169.8182058474729,196.4301800051073,4821
170.04424389517837,196.18322275049448,4822
170.27154036881421,195.9353756410578,4823
170.50009221499215,195.68664367153747,4824
170.72989618056582,195.43703201420226,4825
170.96094880774783,195.18654602274316,4826
171.19324642920114,194.93519123617787,4827
171.42678516311284,194.682973382763,4828
171.66156090824938,194.4298983839117,4829
171.89756933900057,194.17597235811223,4830
172.13480590041453,193.92120162484602,4831
172.3732658032283,193.6655927084994,4832
172.6129440188985,193.409152342268,4833
172.85383527463634,193.15188747204786,4834
173.09593404845188,192.89380526031064,4835
173.3392345642126,192.63491308995904,4836
173.58373078672142,192.37521856815678,4837
173.82941641681842,192.1147295301309,4838
174.07628488651346,191.8534540429404,4839
174.3243293541545,191.59140040920732,4840
174.57354269963687,191.32857717080495,4841
174.82391751966017,191.0649931124998,4842
175.07544612303994,190.8006572655399,4843
175.32812052607812,190.53557891118652,4844
175.58193244800114,190.26976758418323,4845
175.8368733064708,190.0032330761566,4846
176.0929342131765,189.73598543894323,4847
176.3501059695137,189.46803498783805,4848
176.60837906235724,189.1993923047575,4849
176.86774365993705,188.9300682413118,4850
177.12818960782252,188.6600739217808,4851
177.38970642502412,188.38942074598688,4852
177.65228330021952,188.11812039205964,4853
177.9159090881125,187.84618481908475,4854
178.18057230593104,187.57362626963217,4855
178.44626113007624,187.30045727215625,4856
178.71296339292428,187.0266906432628,4857
178.9806665797963,186.75233948983453,4858
179.24935782609683,186.47741721101087,4859
179.5190239146403,186.20193750001366,4860
179.78965127315388,185.92591434581345,4861
180.0612259719947,185.64936203462992,4862
180.3337337220579,185.37229515125847,4863
180.6071598729119,185.09472858021923,4864
180.88148941113275,184.81667750671943,4865
181.15670695889764,184.5381574174243,4866
181.43279677279634,184.25918410103012,4867
181.70974274289438,183.97977364863317,4868
181.9875283920504,183.6999424538874,4869
182.26613687549013,183.41970721294697,4870
182.5455509806561,183.13908492418688,4871
182.82575312732607,182.85809288769408,4872
183.1067253680177,182.57674870452803,4873
183.38844938868135,182.29507027574078,4874
183.67090650968933,182.01307580115426,4875
183.95407768712613,181.73078377788897,4876
184.2379435143886,181.44821299864014,4877
184.52248422409744,181.16538254969447,4878
184.80767969032846,180.88231180868794,4879
185.09350943116846,180.5990204420962,4880
185.37995261159745,180.3155284024586,4881
185.6669880467048,180.03185592532364,4882
185.95459420523926,179.74802352593298,4883
186.2427492135007,179.46405199560317,4884
186.53143085957026,179.17996239786333,4885
186.82061659788732,178.89577606427557,4886
187.1102835541703,178.61151458999706,4887
187.40040853068464,178.32719982904987,4888
187.69096801185808,178.04285388930364,4889
187.98193817024347,177.7584991271807,4890
188.27329487282796,177.47415814207477,4891
188.5650136876884,177.18985377048287,4892
188.8570698909899,176.90560907986415,4893
189.14943847432653,176.62144736221174,4894
189.4420941524003,176.3373921273498,4895
189.7350113710354,176.05346709595733,4896
190.02816431552256,175.76969619231937,4897
190.32152691928962,175.4861035368113,4898
190.61507287289226,175.20271343812018,4899
190.90877563331873,174.91955038520842,4900
191.20260843360174,174.63663903902437,4901
191.49654429273045,174.3540042239664,4902
191.7905560258534,174.07167091910654,4903
192.08461625476542,173.78966424918067,4904
192.37869741866697,173.508009475353,4905
192.67277178518816,173.22673198576192,4906
192.9668114616648,172.94585728585665,4907
193.26078840665747,172.66541098853284,4908
193.55467444169986,172.38541880407664,4909
193.84844126326598,172.10590652992667,4910
194.1420604549421,171.82690004026523,4911
194.4355034997908,171.548425275448,4912
194.72874179289377,171.27050823128351,4913
195.02174665405806,170.9931749481748,4914
195.31448934067262,170.71645150013381,4915
195.6069410606988,170.44036398368104,4916
195.89907298578055,170.16493850664287,4917
196.1908562644581,169.89020117685956,4918
196.4822620354692,169.61617809081585,4919
196.77326144112197,169.34289532220836,4920
197.06382564072274,169.0703789104629,4921
197.35392582404216,168.79865484921484,4922
197.64353322480346,168.52774907476646,4923
197.93261913417487,168.25768745453573,4924
198.22115491425055,167.98849577550854,4925
198.50911201150205,167.7201997327114,4926
198.7964619701842,167.4528249177153,4927
199.0831764456776,167.18639680718687,4928
199.3692272177519,166.92094075149998,4929
199.6545862037325,166.65648196342232,4930
199.93922547155444,166.39304550688914,4931
200.223117252687,166.1306562858798,4932
200.50623395491363,165.86933903340932,4933
200.78854817495008,165.6091183006483,4934
201.07003271088684,165.35001844618512,4935
201.35066057443973,165.09206362544185,4936
201.63040500299428,164.8352777802579,4937
201.90923947142957,164.57968462865225,4938
202.1871377037079,164.32530765477713,4939
202.46407368421634,164.0721700990745,4940
202.74002166884813,163.82029494864568,4941
203.01495619581053,163.56970492784615,4942
203.28885209614896,163.32042248911452,4943
203.561684503974,163.07246980404685,4944
203.83342886638303,162.8258687547242,4945
204.10406095306465,162.5806409253038,4946
204.3735568655778,162.33680759388125,4947
204.64189304629602,162.0943897246318,4948
204.90904628700952,161.85340796023885,4949
205.17499373717712,161.61388261461474,4950
205.43971291182189,161.3758336659224,4951
205.7031816990641,161.13928074990162,4952
205.9653783672864,160.90424315350612,4953
206.22628157192656,160.67073980885579,4954
206.48587036189386,160.43878928750786,4955
206.7441241856059,160.20840979505104,4956
207.0010228966433,159.97961916602475,4957
207.25654675902044,159.7524348591663,4958
207.51067645207087,159.52687395298784,4959
207.7633930749473,159.30295314168367,4960
208.0146781507357,159.0806887313691,4961
208.2645136301849,158.86009663665095,4962
208.5128818950522,158.64119237752894,4963
208.75976576106828,158.42399107662706,4964
209.0051484805225,158.2085074567539,4965
209.24901374447293,157.9947558387893,4966
209.49134568458408,157.78275013989563,4967
209.73212887459692,157.5725038720498,4968
209.97134833143588,157.3640301408939,4969
210.208989515958,157.15734164489942,4970
210.4450383333497,156.95245067484154,4971
210.67948113317786,156.74936911357887,4972
210.91230470910122,156.5481084361334,4973
211.14349629824937,156.3486797100651,4974
211.37304358027632,156.15109359613632,4975
211.60093467609673,155.95536034925883,4976
211.82715814631223,155.76148981971792,4977
212.05170298933675,155.5694914546671,4978
212.27455863922864,155.3793742998854,4979
212.49571496323884,155.1911470017919,4980
212.71516225908385,155.00481780970858,4981
212.9328912519528,154.82039457836484,4982
213.148893091258,154.6378847706358,4983
213.36315934713775,154.4572954605064,4984
213.5756820067222,154.27863333625368,4985
213.7864534701709,154.1019047038384,4986
213.99546654649222,153.92711549049878,4987
214.20271444915434,153.75427124853715,4988
214.40819079149767,153.5833771592921,4989
214.61188958195854,153.41443803728674,4990
214.81380521911387,153.24745833454548,4991
215.01393248655683,153.08244214507042,4992
215.21226654761296,152.91939320946966,4993
215.4088029399064,152.75831491972787,4994
215.60353756978628,152.5992103241123,4995
215.7964667066223,152.4420821322049,4996
215.98758697697883,152.2869327200526,4997
216.17689535867714,152.133764135428,4998
216.36438917475468,151.9825781031919,4999
216.55006608733018,151.83337603074992,5000
216.733924091384,151.68615901359578,5001
216.9159615084613,151.54092784093305,5002
217.0961769803074,151.39768300136788,5003
217.27456946244342,151.2564246886658,5004
217.4511382176897,151.1171528075646,5005
217.62588280964533,150.97986697963688,5006
217.79880309613142,150.84456654919487,5007
217.96989922260528,150.71125058923113,5008
218.1391716155529,150.57991790738822,5009
218.30662097586648,150.45056705195117,5010
218.47224827221396,150.3231963178564,5011
218.63605473440708,150.19780375271168,5012
218.79804184677374,150.07438716281993,5013
218.95821134154144,149.9529441192028,5014
219.11656519223718,149.8334719636179,5015
219.2731056071091,149.7159678145639,5016
219.42783502257598,149.6004285732698,5017
219.5807560967087,149.48685092966215,5018
219.7318717027496,149.37523136830686,5019
219.88118492267327,149.26556617431976,5020
220.02869904079392,149.1578514392434,5021
220.17441753742347,149.0520830668841,5022
220.31834408258362,148.94825677910762,5023
220.46048252977656,148.8463681215875,5024
220.60083690981713,148.7464124695043,5025
220.73941142473015,148.64838503319206,5026
220.87621044171553,148.55228086372838,5027
221.0112384871848,148.4580948584658,5028
221.1445002408707,148.3658217665016,5029
221.2760005300136,148.2754561940832,5030
221.40574432362564,148.18699260994737,5031
221.53373672683594,148.10042535059043,5032
221.65998297531817,148.01574862546778,5033
221.78448842980208,147.9329565221208,5034
221.90725857067125,147.85204301122928,5035
222.02829899264788,147.773001951588,5036
222.1476153995661,147.69582709500574,5037
222.265213599235,147.620512091126,5038
222.38109949839225,147.54705049216727,5039
222.49527909774898,147.47543575758326,5040
222.60775848712711,147.40566125864058,5041
222.7185438406892,147.33772028291474,5042
222.82764141226104,147.2716060387024,5043
222.9350575307484,147.2073116593501,5044
223.0407985956468,147.14483020749933,5045
223.1448710726453,147.08415467924652,5046
223.24728148932365,147.0252780082191,5047
223.3480364309435,146.96819306956624,5048
223.4471425363326,146.9128926838654,5049
223.54460649386198,146.85936962094394,5050
223.64043503751626,146.80761660361583,5051
223.7346349430557,146.7576263113349,5052
223.82721302427018,146.7093913837633,5053
223.91817612932394,146.66290442425682,5054
224.00753113719117,146.61815800326684,5055
224.09528495418078,146.57514466165944,5056
224.1814445105502,146.53385691395283,5057
224.26601675720684,146.4942872514729,5058
224.34900866249725,146.45642814542813,5059
224.4304272090817,146.42027204990438,5060
224.510279390894,146.3858114047803,5061
224.5885722101859,146.35303863856427,5062
224.6653126746537,146.32194617115394,5063
224.7405077946473,146.2925264165184,5064
224.81416458045953,146.26477178530521,5065
224.88629003969567,146.2386746873719,5066
224.95689117472048,146.21422753424423,5067
225.02597498018326,146.19142274150076,5068
225.09354844061812,146.17025273108646,5069
225.15961852811927,146.15070993355474,5070
225.2241922000898,146.13278679023998,5071
225.28727639706213,146.11647575536173,5072
225.34887804058982,146.10176929806084,5073
225.4090040312086,146.08865990436948,5074
225.46766124646575,146.07714007911568,5075
225.52485653901616,146.06720234776375,5076
225.58059673478462,146.05883925819165,5077
225.63488863119161,146.0520433824063,5078
225.6877389954427,146.0468073181984,5079
225.73915456287955,146.04312369073722,5080
225.78914203539105,146.0409851541073,5081
225.8377080798837,146.0403843927875,5082
225.88485932681,146.04131412307422,5083
225.93060236875294,146.04376709444898,5084
225.9749437590664,146.04773609089273,5085
226.01789001056864,146.0532139321469,5086
226.0594475942894,146.0601934749229,5087
226.09962293826794,146.06866761406116,5088
226.1384224264017,146.0786292836406,5089
226.17585239734362,146.0900714580396,5090
226.21191914344772,146.10298715295005,5091
226.2466289097612,146.11736942634477,5092
226.2799878930618,146.13321137940008,5093
226.31200224093976,146.1505061573741,5094
226.34267805092307,146.16924695044204,5095
226.37202136964433,146.18942699448934,5096
226.4000381920492,146.211039571864,5097
226.426734460644,146.23407801208867,5098
226.4521160647828,146.25853569253366,5099
226.47618883999186,146.28440603905185,5100
226.49895856733073,146.3116825265767,5101
226.5204309727894,146.3403586796836,5102
226.5406117267197,146.37042807311633,5103
226.55950644330073,146.40188433227874,5104
226.57712068003693,146.4347211336933,5105
226.5934599372879,146.46893220542657,5106
226.6085296578291,146.50451132748333,5107
226.62233522644274,146.54145233216934,5108
226.63488196953722,146.57974910442405,5109
226.64617515479551,146.61939558212435,5110
226.6562199908504,146.6603857563591,5111
226.66502162698603,146.70271367167635,5112
226.67258515286613,146.7463734263035,5113
226.67891559828598,146.7913591723408,5114
226.68401793294947,146.83766511592967,5115
226.68789706626887,146.88528551739594,5116
226.69055784718776,146.93421469136888,5117
226.6920050640256,146.98444700687665,5118
226.6922434443436,147.03597688741917,5119
226.6912776548309,147.0887988110184,5120
226.6891123012113,147.14290731024707,5121
226.68575192816826,147.19829697223648,5122
226.68120101928926,147.25496243866394,5123
226.67546399702772,147.31289840572015,5124
226.66854522268244,147.37209962405734,5125
226.66044899639365,147.43256089871883,5126
226.65117955715561,147.49427708905,5127
226.64074108284436,147.55724310859196,5128
226.62913769026127,147.62145392495765,5129
226.61637343519035,147.6869045596913,5130
226.60245231247052,147.75359008811182,5131
226.58737825608085,147.82150563913999,5132
226.57115513923927,147.8906463951106,5133
226.55378677451375,147.96100759156937,5134
226.53527691394595,148.03258451705577,5135
226.51562924918645,148.10537251287082,5136
226.49484741164133,148.17936697283233,5137
226.47293497263004,148.25456334301555,5138
226.4498954435534,148.33095712148176,5139
226.4257322760723,148.4085438579936,5140
226.40044886229566,148.48731915371815,5141
226.37404853497858,148.56727866091822,5142
226.34653456772892,148.6484180826317,5143
226.31791017522332,148.73073317233946,5144
226.28817851343138,148.81421973362248,5145
226.25734267984805,148.89887361980763,5146
226.2254057137342,148.98469073360326,5147
226.19237059636447,149.0716670267242,5148
226.1582402512829,149.159798499507,5149
226.1230175445653,149.2490812005148,5150
226.08670528508873,149.33951122613328,5151
226.0493062248076,149.43108472015638,5152
226.01082305903608,149.52379787336346,5153
225.9712584267368,149.61764692308722,5154
225.93061491081545,149.7126281527727,5155
225.88889503842137,149.80873789152776,5156
225.8461012812536,149.90597251366484,5157
225.8022360558724,150.00432843823475,5158
225.75730172401626,150.10380212855202,5159
225.7113005929235,150.2043900917122,5160
225.66423491565965,150.30608887810135,5161
225.6161068914489,150.40889508089765,5162
225.56691866601088,150.51280533556545,5163
225.51667233190162,150.6178163193417,5164
225.4653699288591,150.72392475071476,5165
225.4130134441535,150.8311273888962,5166
225.35960481294123,150.9394210332849,5167
225.3051459186235,151.04880252292426,5168
225.249638593209,151.15926873595228,5169
225.19308461768046,151.27081658904407,5170
225.13548572236542,151.3834430368482,5171
225.07684358731072,151.49714507141536,5172
225.0171598426612,151.61191972162052,5173
224.95643606904179,151.72776405257798,5174
224.89467379794388,151.84467516504995,5175
224.83187451211523,151.96265019484773,5176
224.76803964595356,152.08168631222688,5177
224.70317058590427,152.20178072127493,5178
224.6372686708616,152.32293065929272,5179
224.57033519257348,152.44513339616915,5180
224.50237139605053,152.56838623374864,5181
224.4333784799785,152.69268650519248,5182
224.36335759713464,152.818031574333,5183
224.29230985480783,152.94441883502128,5184
224.22023631522265,153.07184571046804,5185
224.14713799596743,153.20030965257737,5186
224.0730158704258,153.32980814127444,5187
223.99787086821308,153.46033868382574,5188
223.9217038756158,153.5918988141524,5189
223.84451573603585,153.72448609213745,5190
223.76630725043893,153.85809810292503,5191
223.68707917780682,153.99273245621367,5192
223.60683223559445,154.12838678554175,5193
223.52556710019098,154.26505874756646,5194
223.44328440738582,154.40274602133542,5195
223.35998475283895,154.5414463075512,5196
223.2756686925562,154.68115732782869,5197
223.1903367433691,154.82187682394502,5198
223.10398938342001,154.96360255708257,5199
223.01662705265198,155.1063323070642,5200
222.92825015330413,155.25006387158123,5201
222.838859050412,155.3947950654141,5202
222.74845407231365,155.54052371964488,5203
222.6570355111613,155.68724768086318,5204
222.56460362343853,155.8349648103633,5205
222.47115863048356,155.98367298333432,5206
222.37670071901852,156.13337008804203,5207
222.28123004168492,156.2840540250035,5208
222.1847467175855,156.43572270615266,5209
222.08725083283252,156.5883740539991,5210
221.98874244110286,156.74200600077793,5211
221.88922156420014,156.89661648759176,5212
221.7886881926236,157.05220346354446,5213
221.68714228614448,157.20876488486664,5214
221.58458377438978,157.36629871403275,5215
221.48101255743362,157.52480291886957,5216
221.37642850639656,157.68427547165672,5217
221.27083146405283,157.84471434821785,5218
221.16422124544604,158.00611752700408,5219
221.05659763851304,158.16848298816788,5220
220.94796040471692,158.33180871262905,5221
220.83830927968847,158.49609268113127,5222
220.72764397387698,158.66133287329006,5223
220.6159641732106,158.82752726663202,5224
220.50326953976605,158.99467383562458,5225
220.38955971244812,159.16277055069736,5226
220.27483430767958,159.33181537725406,5227
220.15909292010107,159.50180627467554,5228
220.042335123282,159.67274119531353,5229
219.92456047044158,159.84461808347544,5230
219.80576849518167,160.01743487439975,5231
219.68595871223067,160.19118949322237,5232
219.56513061819888,160.3658798539336,5233
219.44328369234583,160.54150385832597,5234
219.32041739736002,160.7180593949329,5235
219.19653118015054,160.8955443379577,5236
219.07162447265173,161.0739565461938,5237
218.945696692641,161.2532938619354,5238
218.81874724456907,161.43355410987886,5239
218.69077552040477,161.6147350960151,5240
218.5617809004928,161.7968346065123,5241
218.43176275442607,161.97985040659003,5242
218.30072044193213,162.16378023938367,5243
218.1686533137744,162.34862182479986,5244
218.0355607126683,162.53437285836318,5245
217.90144197421264,162.7210310100534,5246
217.76629642783638,162.90859392313394,5247
217.63012339776157,163.0970592129715,5248
217.492922203982,163.28642446584664,5249
217.35469216325842,163.4766872377562,5250
217.21543259013063,163.66784505320652,5251
217.07514279794626,163.85989540399805,5252
216.933822099907,164.05283574800222,5253
216.79146981013253,164.24666350792972,5254
216.64808524474196,164.44137607009017,5255
216.50366772295402,164.6369707831444,5256
216.35821656820497,164.83344495684855,5257
216.2117311092859,165.03079586079073,5258
216.0642106814987,165.22902072311976,5259
215.9156546278316,165.4281167292669,5260
215.76606230015398,165.62808102066023,5261
215.61543306043137,165.82891069343242,5262
215.4637662819605,166.03060279712108,5263
215.31106135062473,166.23315433336353,5264
215.15731766617014,166.43656225458452,5265
215.00253464350288,166.64082346267836,5266
214.84671171400726,166.84593480768518,5267
214.68984832688582,167.05189308646175,5268
214.5319439505206,167.25869504134704,5269
214.37299807385696,167.46633735882307,5270
214.2130102078091,167.6748166681708,5271
214.05197988668826,167.8841295401223,5272
213.88990666965358,168.09427248550867,5273
213.72679014218565,168.30524195390444,5274
213.5626299175833,168.51703433226896,5275
213.39742563848372,168.72964594358442,5276
213.2311769784057,168.9430730454925,5277
213.06388364331687,169.1573118289278,5278
212.8955453732244,169.3723584167505,5279
212.72616194378995,169.58820886237768,5280
212.5557331679685,169.80485914841364,5281
212.38425889767143,170.02230518528026,5282
212.2117390254538,170.24054280984745,5283
212.0381734862265,170.45956778406443,5284
211.8635622589922,170.6793757935921,5285
211.68790536860652,170.89996244643697,5286
211.51120288756346,171.1213232715879,5287
211.33345493780556,171.34345371765482,5288
211.15466169255885,171.5663491515119,5289
210.9748233781922,171.79000485694354,5290
210.7939402761019,172.01441603329525,5291
210.61201272461994,172.2395777941304,5292
210.42904112094774,172.46548516589147,5293
210.24502592311396,172.69213308656848,5294
210.05996765195627,172.91951640437404,5295
209.87386689312828,173.14762987642666,5296
209.6867242991295,173.37646816744132,5297
209.4985405913601,173.60602584842985,5298
209.3093165621985,173.8362973954109,5299
209.119053077103,174.06727718813028,5300
208.92775107673643,174.29895950879185,5301
208.73541157911342,174.53133854080122,5302
208.54203568177053,174.76440836752104,5303
208.34762456395833,174.99816297104059,5304
208.1521794888554,175.23259623095885,5305
207.95570180580373,175.4677019231819,5306
207.75819295256466,175.70347371873774,5307
207.5596544575958,175.93990518260568,5308
207.3600879423474,176.17698977256396,5309
207.15949512357813,176.41472083805508,5310
206.95787781568941,176.65309161907047,5311
206.7552379330782,176.89209524505455,5312
206.55157749250662,177.13172473382886,5313
206.34689861548833,177.37197299053878,5314
206.14120353069097,177.61283280662184,5315
205.93449457635325,177.85429685879808,5316
205.72677420271654,178.09635770808796,5317
205.51804497446926,178.3390077988492,5318
205.30830957320381,178.58223945784582,5319
205.09757079988475,178.82604489334125,5320
204.8858315773269,179.07041619421435,5321
204.67309495268282,179.31534532911382,5322
204.45936409993797,179.56082414563204,5323
204.24464232241266,179.80684436951722,5324
204.02893305526928,180.05339760390666,5325
203.81223986802394,180.30047532860107,5326
203.59456646706047,180.54806889938274,5327
203.37591669814583,180.796169547326,5328
203.15629454894534,181.0447683781944,5329
202.93570415153627,181.29385637183893,5330
202.7141497849178,181.54342438164684,5331
202.49163587751613,181.79346313402164,5332
202.2681670096829,182.04396322790868,5333
202.043747916185,182.29491513435298,5334
201.81838348868396,182.5463091961014,5335
201.59207877820342,182.79813562724505,5336
201.36483899758178,183.05038451290372,5337
201.1366695239093,183.3030458089518,5338
200.90757590094648,183.55610934179137,5339
200.67756384152224,183.80956480816675,5340
200.44663922990935,184.06340177502636,5341
200.21480812417477,184.31760967942998,5342
199.98207675850352,184.57217782850478,5343
199.74845154549217,184.82709539944796,5344
199.51393907841097,185.0823514395796,5345
199.27854613343115,185.33793486644433,5346
199.04227967181575,185.59383446796454,5347
198.80514684207014,185.8500389026446,5348
198.56715498205114,186.10653669982744,5349
198.3283116210308,186.3633162600043,5350
198.08862448171277,186.6203658551777,5351
197.8481014821982,186.87767362928048,5352
197.60675073789824,187.13522759864816,5353
197.3645805633913,187.3930156525494,5354
197.12159947422,187.65102555377146,5355
196.8778161886275,187.90924493926445,5356
196.63323962922814,188.16766132084308,5357
196.38787892461033,188.42626208594734,5358
196.14174341086877,188.685034498463,5359
195.89484263306244,188.94396569960142,5360
195.64718634659542,189.2030427088411,5361
195.39878451851786,189.46225242492918,5362
195.14964732874324,189.7215816269462,5363
194.8997851711797,189.98101697543223,5364
194.64920865477126,190.2405450135759,5365
194.3979286044467,190.50015216846745,5366
194.14595606197275,190.75982475241477,5367
193.8933022867082,191.01954896432414,5368
193.6399787562557,191.2793108911453,5369
193.38599716700895,191.53909650938186,5370
193.1313694345916,191.7988916866665,5371
192.87610769418478,192.05868218340268,5372
192.62022430074046,192.31845365447057,5373
192.36373182907812,192.57819165100125,5374
192.1066430738607,192.8378816222153,5375
191.84897104944835,193.0975089173291,5376
191.59072898962606,193.3570587875269,5377
191.3319303472032,193.61651638800046,5378
191.07258879348197,193.875866780054,5379
190.81271821759216,194.13509493327746,5380
190.55233272569026,194.39418572778504,5381
190.29144664001956,194.6531239565209,5382
190.03007449783038,194.91189432763133,5383
189.76823105015646,195.17048146690263,5384
189.5059312604471,195.42886992026524,5385
189.24319030305273,195.68704415636367,5386
188.98002356156098,195.94498856919108,5387
188.71644662698301,196.2026874807894,5388
188.45247529578828,196.46012514401332,5389
188.18812556778525,196.71728574535848,5390
187.92341364384876,196.97415340785287,5391
187.65835592349103,197.23071219401047,5392
187.392969002277,197.4869461088475,5393
187.12726966908215,197.7428391029591,5394
186.86127490319322,197.99837507565687,5395
186.5950018712505,198.2535378781652,5396
186.3284679240326,198.5083113168766,5397
186.06169059308235,198.76267915666392,5398
185.79468758717655,199.01662512424932,5399
185.52747678863682,199.27013291162731,5400
185.26007624948429,199.52318617954285,5401
184.992504187439,199.77576856102095,5402
184.72477898176447,200.0278636649476,5403
184.45691916895873,200.2794550797003,5404
184.18894343829385,200.53052637682663,5405
183.9208706272052,200.78106111476893,5406
183.65271971653337,201.0310428426339,5407
183.38450982561906,201.28045510400491,5408
183.11626020725672,201.52928144079542,5409
182.8479902425059,201.77750539714123,5410
182.579719435365,202.02511052333023,5411
182.31146740731157,202.27208037976655,5412
182.04325389171154,202.518398540968,5413
181.77509872809838,202.76404859959402,5414
181.50702185633264,203.0090141705015,5415
181.2390433106394,203.25327889482708,5416
180.97118321352758,203.49682644409245,5417
180.7034617696086,203.739640524331,5418
180.43589925929254,203.9817048802326,5419
180.16851603239715,204.2230032993041,5420
179.90133250166429,204.46351961604324,5421
179.63436913614953,204.70323771612235,5422
179.36764645458922,204.94214154057988,5423
179.10118501862377,205.18021509001682,5424
178.83500542599268,205.41744242879403,5425
178.56912830363052,205.65380768922935,5426
178.30357430072453,205.8892950757896,5427
178.03836408170068,206.123888869276,5428
177.77351831916704,206.35757343099877,5429
177.50905768681338,206.59033320693882,5430
177.24500285227296,206.82215273189215,5431
176.98137446995864,207.05301663359532,5432
176.71819317386922,207.28290963682758,5433
176.45547957038744,207.5118165674872,5434
176.19325423106443,207.73972235663805,5435
175.93153768540276,207.96661204452465,5436
175.67035041364508,208.19247078455064,5437
175.40971283957506,208.41728384721915,5438
175.14964532333656,208.64103662403085,5439
174.89016815427874,208.86371463133676,5440
174.63130154383515,209.08530351414325,5441
174.37306561844207,209.30578904986507,5442
174.11548041250455,209.5251571520244,5443
173.8585658614161,209.7433938738923,5444
173.60234179463882,209.96048541206935,5445
173.34682792885158,210.1764181100034,5446
173.09204386117258,210.39117846144043,5447
172.8380090624622,210.60475311380677,5448
172.58474287071294,210.81712887151897,5449
172.33226448453402,211.02829269921932,5450
172.08059295673436,211.23823172493385,5451
171.82974718801213,211.4469332431507,5452
171.5797459207559,211.65438471781619,5453
171.3306077329631,211.86057378524586,5454
171.0823510322812,212.06548825694915,5455
170.83499405017733,212.2691161223643,5456
170.58855483624131,212.4714455515022,5457
170.3430512526265,212.67246489749712,5458
170.09850096863448,212.87216269906173,5459
169.85492145544666,213.0705276828459,5460
169.61232998100758,213.26754876569606,5461
169.37074360506463,213.46321505681487,5462
169.13017917436684,213.657515859819,5463
168.89065331802706,213.85044067469386,5464
168.65218244305058,214.04197919964435,5465
168.4147827300331,214.23212133283997,5466
168.1784701290317,214.42085717405396,5467
167.94326035560954,214.60817702619536,5468
167.70916888705872,214.79407139673273,5469
167.47621095880177,214.97853099901022,5470
167.24440156097432,215.16154675345416,5471
167.01375543519,215.3431097886707,5472
166.7842870714891,215.523211442434,5473
166.5560107054719,215.70184326256492,5474
166.3289403156174,215.87899700770015,5475
166.10308962078798,216.05466464795214,5476
165.87847207791984,216.22883836545984,5477
165.65510087989998,216.40151055483108,5478
165.43298895362852,216.5726738234764,5479
165.21214895826657,216.74232099183612,5480
164.99259328366878,216.91044509349985,5481
164.77433404899924,217.07703937522064,5482
164.5573831015297,217.2420972968245,5483
164.3417520156194,217.40561253101546,5484
164.12745209187344,217.56757896307838,5485
163.91449435647954,217.72799069048077,5486
163.70288956071983,217.8868420223738,5487
163.4926481806563,218.04412747899568,5488
163.28378041698687,218.1998417909777,5489
163.07629619507088,218.35397989855514,5490
162.8702051651187,218.5065369506845,5491
162.66551670254583,218.65750830406927,5492
162.46223990848586,218.80688952209562,5493
162.2603836104602,218.95467637368026,5494
162.05995636320165,219.10086483203253,5495
161.86096644962754,219.24545107333273,5496
161.6634218819593,219.38843147532856,5497
161.4673304029851,219.52980261585228,5498
161.27269948746138,219.6695612712608,5499
161.07953634364964,219.80770441480047,5500
160.8878479149846,219.94422921489962,5501
160.69764088187003,220.07913303339052,5502
160.50892166359745,220.21241342366372,5503
160.3216964203844,220.34406812875693,5504
160.13597105552796,220.4740950793808,5505
159.95175121766906,220.60249239188406,5506
159.7690423031634,220.72925836616088,5507
159.58784945855558,220.8543914835025,5508
159.4081775831506,220.97789040439557,5509
159.23003133168032,221.0997539662703,5510
159.05341511705913,221.2199811812003,5511
158.87833311322538,221.33857123355668,5512
158.70478925806427,221.4555234776193,5513
158.53278725640766,221.57083743514715,5514
158.36233058310702,221.684512792911,5515
158.19342248617485,221.7965494001895,5516
158.026065989991,221.9069472662328,5517
157.8602638985695,222.0157065576949,5518
157.6960187988818,222.12282759603738,5519
157.53333306423255,222.22831085490714,5520
157.37220885768414,222.33215695749027,5521
157.21264813552563,222.43436667384418,5522
157.054652650783,222.5349409182106,5523
156.89822395676603,222.63388074631132,5524
156.74336341064898,222.7311873526291,5525
156.59007217708125,222.82686206767582,5526
156.43835123182396,222.92090635524957,5527
156.2882013654095,223.0133218096837,5528
156.13962318682098,223.10411015308853,5529
155.9926171271874,223.1932732325889,5530
155.84718344349196,223.2808130175585,5531
155.70332222229024,223.36673159685364,5532
155.56103338343542,223.4510311760475,5533
155.42031668380721,223.53371407466736,5534
155.28117172104166,223.6147827234358,5535
155.14359793725947,223.69423966151825,5536
155.00759462279012,223.77208753377795,5537
154.8731609198882,223.84832908803986,5538
154.74029582644135,223.92296717236565,5539
154.6089981996654,223.99600473234034,5540
154.47926675978593,224.06744480837253,5541
154.35110009370297,224.1372905330097,5542
154.22449665863755,224.2055451282692,5543
154.09945478575736,224.2722119029868,5544
153.97597268378016,224.33729425018382,5545
153.8540484425526,224.40079564445347,5546
153.73368003660298,224.46271963936854,5547
153.61486532866613,224.52306986491024,5548
153.49760207317902,224.58185002492007,5549
153.38188791974503,224.63906389457526,5550
153.2677204165663,224.6947153178886,5551
153.1550970138421,224.74880820523387,5552
153.04401506713205,224.80134653089704,5553
152.93447184068333,224.8523343306546,5554
152.82646451072074,224.90177569937924,5555
152.719990168698,224.9496747886739,5556
152.61504582450982,224.99603580453427,5557
152.51162840966413,225.04086300504105,5558
152.4097347804127,225.08416069808152,5559
152.30936172084037,225.12593323910195,5560
152.21050594591156,225.16618502889028,5561
152.11316410447367,225.20492051139018,5562
152.01733278221687,225.24214417154664,5563
151.92300850458966,225.27786053318295,5564
151.83018773966978,225.3120741569102,5565
151.73886690099002,225.3447896380689,5566
151.6490423503186,225.37601160470297,5567
151.56071040039436,225.4057447155666,5568
151.4738673176153,225.43399365816393,5569
151.38850932468173,225.46076314682153,5570
151.30463260319297,225.48605792079405,5571
151.22223329619757,225.5098827424029,5572
151.14130751069757,225.53224239520793,5573
151.06185132010626,225.55314168221244,5574
150.9838607666594,225.57258542410102,5575
150.90733186378077,225.59057845751067,5576
150.83226059840104,225.60712563333453,5577
150.75864293323104,225.62223181505894,5578
150.6864748089892,225.63590187713274,5579
150.61575214658316,225.64814070336968,5580
150.54647084924648,225.6589531853827,5581
150.47862680462998,225.6683442210511,5582
150.4122158868483,225.67631871301933,5583
150.3472339584823,225.68288156722787,5584
150.28367687253714,225.68803769147573,5585
150.2215404743566,225.6917919940142,5586
150.16082060349436,225.69414938217216,5587
150.10151309554195,225.69511476101164,5588
150.04361378391454,225.69469303201473,5589
149.98711850159447,225.69288909180008,5590
149.93202308283347,225.68970783087005,5591
149.8783233648133,225.6851541323872,5592
149.82601518926623,225.67923287098,5593
149.77509440405515,225.67194891157828,5594
149.7255568647142,225.66330710827665,5595
149.67739843595015,225.6533123032266,5596
149.63061499310538,225.64196932555683,5597
149.58520242358276,225.62928299032086,5598
149.5411566282332,225.61525809747212,5599
149.49847352270618,225.59989943086612,5600
149.4571490387638,225.58321175728895,5601
149.41717912555941,225.56519982551214,5602
149.37855975088073,225.54586836537314,5603
149.34128690235843,225.52522208688146,5604
149.30535658864082,225.50326567934985,5605
149.27076484053447,225.48000381054987,5606
149.23750771211283,225.45544112589212,5607
149.20558128179164,225.4295822476301,5608
149.17498165337327,225.4024317740877,5609
149.1457049570594,225.37399427890983,5610
149.11774735043335,225.34427431033566,5611
149.0911050194124,225.31327639049448,5612
149.06577417917063,225.2810050147232,5613
149.04175107503266,225.2474646509058,5614
149.0190319833395,225.2126597388336,5615
148.99761321228627,225.17659468958686,5616
148.97749110273307,225.13927388493624,5617
148.95866202898875,225.10070167676506,5618
148.94112239956914,225.06088238651046,5619
148.92486865792924,225.01982030462472,5620
148.90989728317086,224.97751969005498,5621
148.89620479072528,224.933984769742,5622
148.88378773301253,224.88921973813675,5623
148.8726427000767,224.84322875673547,5624
148.86276632019886,224.79601595363175,5625
148.854155260487,224.74758542308646,5626
148.84680622744463,224.69794122511388,5627
148.84071596751758,224.6470873850851,5628
148.83588126762018,224.59502789334695,5629
148.83229895564043,224.54176670485754,5630
148.82996590092603,224.48730773883696,5631
148.82887901475013,224.43165487843328,5632
148.8290352507585,224.37481197040367,5633
148.8304316053978,224.31678282481022,5634
148.83306511832586,224.25757121472998,5635
148.83693287280394,224.19718087597934,5636
148.84203199607205,224.13561550685165,5637
148.8483596597071,224.07287876786924,5638
148.8559130799645,224.00897428154795,5639
148.8646895181037,223.9439056321749,5640
148.87468628069803,223.8776763655992,5641
148.88590071992925,223.81028998903474,5642
148.89833023386683,223.74174997087547,5643
148.91197226673293,223.6720597405226,5644
148.92682430915283,223.60122268822346,5645
148.94288389839164,223.5292421649221,5646
148.96014861857714,223.45612148212084,5647
148.9786161009096,223.38186391175336,5648
148.99828402385847,223.30647268606808,5649
149.0191501133465,223.22995099752268,5650
149.0412121429212,223.1523019986889,5651
149.0644679339147,223.07352880216771,5652
149.08891535559138,222.99363448051432,5653
149.11455232528417,222.91262206617338,5654
149.1413768085194,222.83049455142387,5655
149.16938681913095,222.74725488833332,5656
149.1985804193631,222.66290598872192,5657
149.22895571996338,222.57745072413536,5658
149.26051088026443,222.49089192582733,5659
149.2932441082566,222.4032323847504,5660
149.32715366064963,222.31447485155638,5661
149.3622378429256,222.22462203660498,5662
149.39849500938135,222.13367660998122,5663
149.43592356316245,222.0416412015214,5664
149.47452195628736,221.94851840084732,5665
149.51428868966286,221.85431075740885,5666
149.55522231309047,221.75902078053494,5667
149.59732142526397,221.6626509394923,5668
149.64058467375898,221.56520366355247,5669
149.685010755013,221.46668134206675,5670
149.73059841429802,221.36708632454906,5671
149.77734644568423,221.26642092076665,5672
149.8252536919962,221.1646874008385,5673
149.8743190447601,221.06188799534152,5674
149.92454144414373,220.9580248954249,5675
149.97591987888808,220.8531002529311,5676
150.0284533862314,220.74711618052578,5677
150.08214105182495,220.64007475183436,5678
150.1369820096416,220.5319780015867,5679
150.19297544187603,220.4228279257695,5680
150.25012057883777,220.31262648178574,5681
150.30841669883583,220.2013755886227,5682
150.36786312805646,220.08907712702666,5683
150.4284592404325,219.97573293968594,5684
150.49020445750537,219.86134483142152,5685
150.55309824827907,219.74591456938518,5686
150.61714012906663,219.62944388326576,5687
150.68232966332855,219.51193446550315,5688
150.74866646150338,219.39338797150998,5689
150.8161501808305,219.2738060199018,5690
150.88478052516479,219.1531901927346,5691
150.95455724478305,219.03154203575127,5692
151.02548013618258,218.9088630586356,5693
151.09754904187128,218.78515473527497,5694
151.17076385014923,218.66041850403138,5695
151.24512449488228,218.53465576802103,5696
151.3206309552663,218.40786789540238,5697
151.39728325558318,218.2800562196733,5698
151.4750814649479,218.1512220399768,5699
151.55402569704617,218.021366621416,5700
151.6341161098633,217.8904911953783,5701
151.71535290540322,217.7585969598688,5702
151.79773632939816,217.62568507985327,5703
151.8812666710087,217.49175668761077,5704
151.96594426251315,217.3568128830963,5705
152.05176947898767,217.2208547343131,5706
152.13874273797504,217.08388327769578,5707
152.2268644991433,216.94589951850324,5708
152.31613526393318,216.80690443122273,5709
152.4065555751946,216.66689895998465,5710
152.49812601681134,216.52588401898808,5711
152.5908472133143,216.38386049293837,5712
152.6847198294825,216.24082923749546,5713
152.77974456993178,216.09679107973466,5714
152.875922178691,215.95174681861914,5715
152.97325343876497,215.80569722548495,5716
153.0717391716843,215.6586430445385,5717
153.17138023704146,215.510584993367,5718
153.2721775320129,215.36152376346206,5719
153.37413199086657,215.2114600207568,5720
153.477244584455,215.06039440617678,5721
153.58151631969292,214.9083275362049,5722
153.68694823901936,214.7552600034607,5723
153.79354141984373,214.60119237729478,5724
153.90129697397583,214.44612520439776,5725
154.01021604703826,214.29005900942505,5726
154.12029981786225,214.13299429563736,5727
154.23154949786536,213.97493154555724,5728
154.3439663304109,213.8158712216424,5729
154.45755159014874,213.6558137669755,5730
154.57230658233678,213.49475960597186,5731
154.68823264214276,213.3327091451042,5732
154.80533113392565,213.16966277364597,5733
154.92360345049642,213.0056208644331,5734
155.04305101235724,212.84058377464444,5735
155.16367526691903,212.67455184660182,5736
155.28547768769613,212.5075254085899,5737
155.40845977347843,212.3395047756961,5738
155.5326230474793,212.17049025067132,5739
155.65796905645968,212.00048212481187,5740
155.78449936982702,211.8294806788629,5741
155.9122155787088,211.657486183944,5742
156.04111929500007,211.48449890249736,5743
156.17121215038375,211.3105190892591,5744
156.302495795324,211.13554699225375,5745
156.43497189803116,210.95958285381334,5746
156.56864214339785,210.78262691162075,5747
156.70350823190586,210.604679399778,5748
156.83957187850237,210.42574054990035,5749
156.9768348114458,210.2458105922366,5750
157.11529877111965,210.06488975681546,5751
157.2549655088142,209.88297827462,5752
157.39583678547478,209.7000763787888,5753
157.53791437041676,209.51618430584614,5754
157.68120004000534,209.33130229696042,5755
157.82569557630063,209.14543059923233,5756
157.9714027656659,208.9585694670125,5757
158.11832339733962,208.77071916324985,5758
158.2664592619693,208.58187996087076,5759
158.41581215010729,208.39205214418988,5760
158.56638385066722,208.2012360103529,5761
158.71817614934022,208.00943187081177,5762
158.8711908269706,207.81664005283372,5763
159.02542965788982,207.6228609010431,5764
159.18089440820808,207.4280947789983,5765
159.33758683406282,207.23234207080273,5766
159.49550867982288,207.0356031827519,5767
159.65466167624837,206.83787854501566,5768
159.81504753860474,206.63916861335719,5769
159.97666796473035,206.4394738708889,5770
160.13952463305745,206.23879482986544,5771
160.3036192005845,206.0371320335152,5772
160.4689533008006,205.83448605790946,5773
160.63552854156006,205.63085751387106,5774
160.80334650290692,205.4262470489219,5775
160.97240873484864,205.22065534927057,5776
161.1427167550783,205.0140831418402,5777
161.31427204664428,204.80653119633655,5778
161.4870760555672,204.5980003273576,5779
161.66113018840295,204.38849139654437,5780
161.83643580975198,204.17800531477343,5781
162.01299423971312,203.96654304439156,5782
162.19080675128214,203.75410560149302,5783
162.36987456769447,203.54069405823918,5784
162.55019885971103,203.3263095452214,5785
162.73178074284738,203.11095325386694,5786
162.9146212745447,202.8946264388884,5787
163.09872145128352,202.6773304207765,5788
163.2840822056387,202.45906658833673,5789
163.47070440327553,202.23983640126957,5790
163.6585888398873,202.0196413927947,5791
163.84773623807325,201.79848317231912,5792
164.03814724415702,201.57636342814843,5793
164.22982242494575,201.3532839302428,5794
164.422762264429,201.12924653301567,5795
164.61696716041868,200.9042531781762,5796
164.8124374211281,200.67830589761488,5797
165.00917326169267,200.45140681633185,5798
165.20717480062996,200.22355815540803,5799
165.4064420562414,199.99476223501782,5800
165.6069749429543,199.76502147748403,5801
165.80877326760626,199.53433841037366,5802
166.01183672567026,199.30271566963378,5803
166.2161648974235,199.0701560027679,5804
166.42175724405848,198.836662272051,5805
166.62861310373842,198.60223745778254,5806
166.83673168759736,198.36688466157744,5807
167.04611207568573,198.13060710969265,5808
167.2567532128629,197.89340815638963,5809
167.46865390463742,197.65529128733013,5810
167.68181281295685,197.4162601230056,5811
167.89622845194742,197.17631842219743,5812
168.11189918360645,196.93547008546747,5813
168.32882321344815,196.69371915867717,5814
168.5469985861052,196.45106983653307,5815
168.7664231808871,196.2075264661579,5816
168.9870947072988,195.96309355068456,5817
169.20901070052014,195.71777575287135,5818
169.43216851684977,195.47157789873677,5819
169.65656532911518,195.22450498121063,5820
169.88219812205188,194.97656216380034,5821
170.10906368765401,194.7277547842695,5822
170.3371586205003,194.47808835832578,5823
170.56647931305707,194.22756858331616,5824
170.7970219509629,193.97620134192633,5825
171.0287825082973,193.72399270588153,5826
171.26175674283752,193.47094893964533,5827
171.49594019130726,193.21707650411403,5828
171.73132816462086,192.96238206030273,5829
171.96791574312752,192.70687247301944,5830
172.20569777185912,192.45055481452454,5831
172.4446688557869,192.19343636817106,5832
172.68482335509074,191.9355246320227,5833
172.9261553804472,191.67682732244464,5834
173.16865878833926,191.41735237766449,5835
173.41232717639448,191.1571079612975,5836
173.65715387875667,190.89610246583322,5837
173.90313196149575,190.63434451607836,5838
174.15025421806234,190.37184297255126,5839
174.39851316479218,190.10860693482346,5840
174.6479010364673,189.84464574480384,5841
174.8984097819384,189.57996898995987,5842
175.15003105981705,189.3145865064707,5843
175.4027562342418,189.04850838230848,5844
175.65657637072627,188.7817449602405,5845
175.91148223209638,188.51430684074853,5846
176.16746427452082,188.24620488485897,5847
176.4245126436458,187.9774502168785,5848
176.6826171708377,187.70805422703003,5849
176.9417673695427,187.4380285739823,5850
177.20195243177008,187.16738518726916,5851
177.46316122470708,186.8961362695898,5852
177.72538228747186,186.6242942989873,5853
177.9886038280143,186.35187203089748,5854
178.2528137201664,186.07888250006314,5855
178.51799950086286,185.80533902230613,5856
178.78414836751963,185.53125519615423,5857
179.05124717560008,185.2566449043136,5858
179.31928243635767,184.9815223149833,5859
179.58824031477818,184.7059018830044,5860
179.85810662771578,184.429798350838,5861
180.12886684223741,184.1532267493677,5862
180.4005060742009,183.8762023985188,5863
180.6730090870114,183.59874090768878,5864
180.94636029066365,183.3208581759852,5865
181.2205437409817,183.04257039226306,5866
181.49554313912057,182.76389403495818,5867
181.7713418313156,182.48484587170935,5868
182.0479228088922,182.20544295876547,5869
182.32526870853948,181.9257026401733,5870
182.6033618128553,181.6456425467383,5871
182.8821840511723,181.3652805947558,5872
183.1617170006659,181.08463498451079,5873
183.44194188775109,180.80372419853472,5874
183.72283958977718,180.52256699962157,5875
184.0043906370209,180.24118242859888,5876
184.28657521498425,179.95958980186873,5877
184.56937316700416,179.6778087085725,5878
184.85276399717227,179.39585900780475,5879
185.13672687357408,179.11376082516543,5880
185.42124063184815,178.8315345493534,5881
185.70628377906732,178.54920082837438,5882
185.99183449794612,178.26678056550918,5883
186.27787065137494,177.98429491501346,5884
186.56436978728297,177.70176527755245,5885
186.85130914383063,177.4192132953696,5886
187.13866565493163,177.13666084718872,5887
187.42641595610408,176.85413004285033,5888
187.71453639065143,176.57164321768252,5889
188.00300301616977,176.28922292660894,5890
188.29179161138148,176.00689193799326,5891
188.58087768329227,175.72467322722602,5892
188.87023647466685,175.44258997005295,5893
189.15984297182302,175.1606655356488,5894
189.4496719127368,174.87892347944316,5895
189.73969779545516,174.59738753569707,5896
190.02989488681118,174.3160816098398,5897
190.32023723143482,174.03502977056868,5898
190.61069866105302,173.75425624171658,5899
190.90125280407213,173.47378539389527,5900
191.19187309543457,173.1936417359191,5901
191.48253278674122,172.9138499060173,5902
191.77320495663108,172.63443466284065,5903
192.06386252140783,172.35542087627226,5904
192.3544782459044,172.07683351804863,5905
192.64502475457337,171.79869765220155,5906
192.93547454279357,171.5210384253279,5907
193.22579998838052,171.24388105669865,5908
193.515973363288,170.96725082821595,5909
193.8059668454899,170.69117307422766,5910
194.09575253102705,170.41567317121238,5911
194.3853024462077,170.14077652734287,5912
194.67458855994647,169.8665085719412,5913
194.96358279622814,169.59289474483617,5914
195.25225704668168,169.31996048563465,5915
195.5405831832498,169.04773122291934,5916
195.8285330709387,168.7762323633851,5917
196.11607858063323,168.50548928092564,5918
196.40319160196108,168.23552730568377,5919
196.6898440561915,167.96637171307748,5920
196.97600790915172,167.69804771281525,5921
197.26165518414578,167.4305804379131,5922
197.54675797485962,167.16399493372614,5923
197.83128845823643,166.89831614700805,5924
198.11521890730643,166.63356891501155,5925
198.39852170395505,166.36977795464247,5926
198.68116935161382,166.10696785168082,5927
198.9631344878581,165.84516305008083,5928
199.24438989689637,165.58438784136405,5929
199.52490852193554,165.3246663541171,5930
199.80466347740708,165.06602254360672,5931
200.08362806103955,164.80848018152435,5932
200.36177576576262,164.55206284587268,5933
200.6390802914284,164.2967939110054,5934
200.9155155563364,164.04269653783163,5935
201.19105570854845,163.78979366419702,5936
201.465675136981,163.53810799545116,5937
201.73934848226114,163.287661995213,5938
202.01205064733597,163.0384778763439,5939
202.28375680782187,162.79057759213777,5940
202.5544424220837,162.54398282773855,5941
202.82408324103295,162.29871499179313,5942
203.09265531763532,162.05479520834876,5943
203.36013501611748,161.8122443090027,5944
203.62649902086477,161.57108282531203,5945
203.89172434500188,161.33133098147036,5946
204.155788338648,161.09300868725813,5947
204.41866869684029,160.8561355312731,5948
204.68034346711906,160.62073077444595,5949
204.94079105676892,160.3868133438461,5950
205.1999902397107,160.15440182678324,5951
205.45792016304006,159.92351446520775,5952
205.71456035320892,159.69416915041327,5953
205.96989072184633,159.4663834180456,5954
206.2238915712168,159.2401744434192,5955
206.47654359931371,159.01555903714387,5956
206.727827904587,158.79255364106317,5957
206.9777259903043,158.57117432450463,5958
207.22621976854563,158.35143678084344,5959
207.47329156383265,158.13335632437824,5960
207.7189241163923,157.91694788751929,5961
207.96310058505887,157.7022260182879,5962
208.20580454981453,157.4892048781248,5963
208.44702001397252,157.27789824000692,5964
208.68673140600632,157.06831948686818,5965
208.9249235810281,156.8604816103236,5966
209.16158182192115,156.6543972096916,5967
209.3966918401312,156.45007849131207,5968
209.63023977612187,156.24753726815544,5969
209.86221219949962,156.04678495971868,5970
210.09259610881483,155.84783259220336,5971
210.32137893104482,155.6506907989706,5972
210.54854852076605,155.45536982126777,5973
210.7740931590227,155.26187950922068,5974
210.99800155189843,155.07022932308607,5975
211.2202628288,154.8804283347574,5976
211.44086654045952,154.6924852295179,5977
211.65980265666468,154.50640830803445,5978
211.87706156372448,154.32220548858422,5979
212.09263406167958,154.1398843095089,5980
212.30651136126576,153.9594519318872,5981
212.51868508063927,153.78091514242044,5982
212.72914724187345,153.60428035652117,5983
212.93789026723536,153.42955362160004,5984
213.14490697525153,153.2567406205408,5985
213.35019057657257,153.08584667535737,5986
213.5537346696452,152.91687675102423,5987
213.7555332362015,152.7498354594726,5988
213.95558063657438,152.58472706374442,5989
214.15387160484852,152.42155548229675,5990
214.35040124385614,152.26032429344795,5991
214.5451650200265,152.10103673995835,5992
214.73815875809856,151.94369573373757,5993
214.92937863570523,151.78830386067042,5994
215.11882117783873,151.63486338555416,5995
215.3064832512055,151.48337625713924,5996
215.49236205847905,151.3338441132659,5997
215.67645513246006,151.18626828608942,5998
215.85876033015117,151.04064980738687,5999
216.03927582675524,150.89698941393758,6000
216.21800010960504,150.7552875529709,6001
216.39493197203203,150.61554438767405,6002
216.57007050718204,150.47775980275296,6003
216.74341510178567,150.3419334100402,6004
216.91496542988992,150.2080645541428,6005
217.08472144655872,150.07615231812377,6006
217.2526833815496,149.94619552921174,6007
217.41885173297203,149.81819276453186,6008
217.58322726093496,149.69214235685274,6009
217.74581098118963,149.56804240034347,6010
217.90660415877292,149.44589075633564,6011
218.06560830165816,149.32568505908452,6012
218.2228251544182,149.20742272152467,6013
218.37825669190633,149.09110094101513,6014
218.53190511296057,148.97671670506915,6015
218.6837728341354,148.86426679706412,6016
218.83386248346656,148.7537478019275,6017
218.98217689427318,148.64515611179385,6018
219.1287190990008,148.53848793163,6019
219.27349232311042,148.4337392848239,6020
219.4164999790168,148.33090601873351,6021
219.55774566007966,148.22998381019255,6022
219.69723313465155,148.13096817096957,6023
219.8349663401853,148.03385445317772,6024
219.97094937740428,147.93863785463168,6025
220.1051865045382,147.84531342414934,6026
220.23768213162734,147.75387606679558,6027
220.36844081489733,147.66432054906585,6028
220.49746725120707,147.57664150400723,6029
220.62476627257178,147.4908334362744,6030
220.75034284076315,147.40689072711956,6031
220.87420204198838,147.32480763931352,6032
220.99634908164964,147.24457832199684,6033
221.1167892791855,147.1661968154593,6034
221.23552806299574,147.08965705584652,6035
221.3525709654505,147.01495287979225,6036
221.4679236179846,146.94207802897532,6037
221.58159174627883,146.87102615460032,6038
221.69358116552746,146.80179082180103,6039
221.8038977757943,146.7343655139659,6040
221.91254755745615,146.66874363698506,6041
222.01953656673555,146.6049185234178,6042
222.12487093132188,146.54288343658106,6043
222.22855684608163,146.4826315745577,6044
222.33060056885773,146.42415607412465,6045
222.43100841635828,146.3674500146008,6046
222.52978676013345,146.31250642161473,6047
222.6269420226419,146.25931827079214,6048
222.72248067340504,146.20787849136275,6049
222.81640922524974,146.1581799696876,6050
222.9087342306383,146.11021555270662,6051
222.9994622780857,146.06397805130632,6052
223.0885999886633,146.01946024360907,6053
223.17615401258837,145.9766548781833,6054
223.26213102589867,145.93555467717584,6055
223.34653772721157,145.89615233936695,6056
223.4293808345665,145.85844054314794,6057
223.51066708235032,145.822411949423,6058
223.59040321830446,145.78805920443523,6059
223.66859600061264,145.7553749425182,6060
223.74525219506873,145.72435178877285,6061
223.82037857232342,145.69498236167217,6062
223.89398190520856,145.66725927559256,6063
223.96606896613838,145.64117514327424,6064
224.0366465245862,145.6167225782111,6065
224.1057213446356,145.59389419697095,6066
224.17330018260532,145.5726826214468,6067
224.2393897847456,145.55308048104078,6068
224.30399688500634,145.53508041478128,6069
224.36712820287454,145.51867507337434,6070
224.42879044128043,145.5038571211906,6071
224.4889902845712,145.49061923818826,6072
224.54773439655068,145.47895412177388,6073
224.60502941858408,145.46885448860152,6074
224.66088196776622,145.4603130763112,6075
224.71529863515264,145.45332264520846,6076
224.76828598405154,145.44787597988523,6077
224.81985054837597,145.44396589078363,6078
224.86999883105472,145.4415852157037,6079
224.9187373025007,145.44072682125577,6080
224.9660723991357,145.44138360425922,6081
225.01201052197047,145.44354849308806,6082
225.056558035238,145.44721444896467,6083
225.09972126508046,145.45237446720284,6084
225.14150649828693,145.45902157840098,6085
225.18191998108165,145.46714884958678,6086
225.22096791796136,145.476749385314,6087
225.25865647058095,145.48781632871297,6088
225.29499175668536,145.50034286249513,6089
225.32997984908772,145.51432220991327,6090
225.36362677469174,145.52974763567823,6091
225.39593851355772,145.5466124468327,6092
225.42692099801073,145.564909993584,6093
225.45658011179046,145.58463367009546,6094
225.48492168924082,145.60577691523898,6095
225.51195151453913,145.62833321330834,6096
225.53767532096327,145.6522960946948,6097
225.56209879019588,145.67765913652593,6098
225.58522755166487,145.70441596326847,6099
225.60706718191898,145.73256024729605,6100
225.6276232040376,145.7620857094228,6101
225.64690108707373,145.79298611940342,6102
225.6649062455293,145.82525529640108,6103
225.68164403886183,145.85888710942322,6104
225.69711977102185,145.89387547772694,6105
225.71133869001932,145.930214371194,6106
225.7243059875198,145.9678978106767,6107
225.73602679846746,146.0069198683152,6108
225.74650620073587,146.04727466782708,6109
225.7557492148049,146.08895638476994,6110
225.76376080346316,146.13195924677754,6111
225.7705458715351,146.17627753377064,6112
225.7761092656319,146.22190557814253,6113
225.78045577392606,146.26883776492065,6114
225.78359012594814,146.3170685319045,6115
225.78551699240526,146.36659236978065,6116
225.786240985021,146.41740382221533,6117
225.78576665639565,146.46949748592547,6118
225.78409849988608,146.52286801072856,6119
225.78124094950508,146.57751009957212,6120
225.77719837983886,146.63341850854283,6121
225.7719751059829,146.6905880468568,6122
225.76557538349493,146.74901357683052,6123
225.7580034083647,146.8086900138337,6124
225.74926331699987,146.86961232622434,6125
225.73935918622797,146.931775535266,6126
225.728295033313,146.99517471502895,6127
225.7160748159871,147.0598049922742,6128
225.70270243249604,147.12566154632194,6129
225.6881817216588,147.19273960890456,6130
225.6725164629397,147.26103446400435,6131
225.65571037653407,147.33054144767664,6132
225.63776712346552,147.4012559478586,6133
225.61869030569554,147.47317340416433,6134
225.5984834662445,147.54628930766611,6135
225.57715008932337,147.620599200663,6136
225.55469360047687,147.69609867643604,6137
225.53111736673603,147.77278337899142,6138
225.50642469678147,147.85064900279139,6139
225.48061884111578,147.9296912924732,6140
225.45370299224564,148.00990604255676,6141
225.42568028487227,148.09128909714087,6142
225.39655379609118,148.17383634958853,6143
225.36632654559986,148.25754374220162,6144
225.33500149591362,148.34240726588516,6145
225.30258155258926,148.42842295980125,6146
225.26906956445623,148.5155869110132,6147
225.234468323855,148.60389525411992,6148
225.19878056688245,148.69334417088075,6149
225.16200897364416,148.78392988983111,6150
225.12415616851317,148.87564868588876,6151
225.08522472039505,148.96849687995174,6152
225.04521714299923,149.0624708384868,6153
225.00413589511615,149.15756697310997,6154
224.96198338090022,149.25378174015827,6155
224.9187619501585,149.35111164025355,6156
224.87447389864477,149.44955321785778,6157
224.82912146835855,149.54910306082093,6158
224.7827068478498,149.64975779992025,6159
224.73523217252824,149.75151410839294,6160
224.6866995249776,149.85436870146003,6161
224.6371109352747,149.95831833584356,6162
224.5864683813131,150.06335980927608,6163
224.5347737891313,150.16948996000295,6164
224.48202903324528,150.27670566627708,6165
224.42823593698574,150.38500384584722,6166
224.37339627283902,150.49438145543817,6167
224.31751176279278,150.60483549022513,6168
224.26058407868547,150.71636298329994,6169
224.20261484256008,150.82896100513142,6170
224.14360562702177,150.9426266630181,6171
224.08355795559962,151.05735710053443,6172
224.02247330311224,151.17314949697035,6173
223.96035309603735,151.29000106676366,6174
223.8971987128852,151.40790905892612,6175
223.83301148457616,151.52687075646242,6176
223.76779269482168,151.6468834757826,6177
223.70154358050974,151.76794456610793,6178
223.63426533209378,151.89005140886962,6179
223.5659590939857,152.01320141710121,6180
223.4966259649526,152.13739203482413,6181
223.42626699851817,152.26262073642633,6182
223.35488320336694,152.3888850260344,6183
223.2824755437535,152.51618243687872,6184
223.20904493991551,152.64451053065196,6185
223.13459226849068,152.77386689686045,6186
223.05911836293816,152.90424915216906,6187
222.9826240139641,153.03565493973892,6188
222.90510996995144,153.16808192855808,6189
222.82657693739438,153.30152781276547,6190
222.7470255813369,153.43599031096753,6191
222.66645652581627,153.571467165548,6192
222.58487035431105,153.70795614197016,6193
222.50226761019374,153.8454550280724,6194
222.4186487971885,153.98396163335593,6195
222.33401437983366,154.12347378826576,6196
222.24836478394957,154.2639893434634,6197
222.1617003971113,154.40550616909337,6198
222.07402156912704,154.54802215404084,6199
221.98532861252176,154.69153520518253,6200
221.89562180302656,154.83604324662963,6201
221.8049013800737,154.98154421896297,6202
221.71316754729753,155.1280360784603,6203
221.62042047304175,155.27551679631588,6204
221.5266602908723,155.42398435785188,6205
221.4318871000973,155.57343676172155,6206
221.33610096629283,155.72387201910482,6207
221.23930192183627,155.87528815289497,6208
221.14148996644556,156.02768319687746,6209
221.04266506772632,156.18105519490024,6210
220.9428271617259,156.33540220003533,6211
220.8419761534948,156.4907222737324,6212
220.74011191765618,156.647013484963,6213
220.63723429898243,156.80427390935668,6214
220.53334311298073,156.962501628328,6215
220.42843814648626,157.12169472819443,6216
220.32251915826407,157.28185129928593,6217
220.21558587961965,157.44296943504483,6218
220.10763801501867,157.60504723111688,6219
219.99867524271536,157.7680827844331,6220
219.88869721539086,157.93207419228213,6221
219.77770356080094,158.09701955137368,6222
219.66569388243343,158.26291695689198,6223
219.55266776017615,158.4297645015402,6224
219.43862475099505,158.59756027457487,6225
219.32356438962273,158.76630236083128,6226
219.20748618925845,158.93598883973849,6227
219.0903896422787,159.1066177843252,6228
218.97227422095938,159.27818726021536,6229
218.8531393782099,159.45069532461412,6230
218.73298454831905,159.62414002528385,6231
218.61180914771288,159.7985193995105,6232
218.48961257572563,159.97383147305914,6233
218.36639421538305,160.1500742591206,6234
218.24215343419888,160.32724575724703,6235
218.116889584985,160.5053439522781,6236
217.99060200667458,160.68436681325662,6237
217.86329002516013,160.86431229233423,6238
217.734952954145,161.04517832366722,6239
217.60559009600982,161.2269628223015,6240
217.47520074269394,161.4096636830482,6241
217.34378417659153,161.59327877934868,6242
217.21133967146366,161.77780596212955,6243
217.07786649336603,161.96324305864752,6244
216.9433639015926,162.14958787132434,6245
216.80783114963577,162.3368381765716,6246
216.6712674861635,162.52499172360544,6247
216.53367215601287,162.71404623325142,6248
216.39504440120157,162.90399939673964,6249
216.2553834619568,163.09484887448968,6250
216.114688577762,163.28659229488616,6251
215.9729589884222,163.47922725304437,6252
215.83019393514755,163.67275130956665,6253
215.68639266165627,163.86716198928872,6254
215.5415544152961,164.06245678001733,6255
215.39567844818615,164.25863313125842,6256
215.24876401837784,164.45568845293568,6257
215.10081039103636,164.65362011410133,6258
214.95181683964248,164.85242544163665,6259
214.80178264721516,165.052101718945,6260
214.6507071075552,165.25264618463575,6261
214.49858952651002,165.45405603120037,6262
214.34542922326037,165.65632840368002,6263
214.1912255316289,165.85946039832547,6264
214.03597780141075,166.06344906124937,6265
213.8796853997268,166.26829138707117,6266
213.72234771239954,166.47398431755474,6267
213.56396414535212,166.68052474023918,6268
213.40453412603046,166.8879094870629,6269
213.24405710484902,167.09613533298145,6270
213.08253255666042,167.3051989945794,6271
212.9199599822488,167.5150971286762,6272
212.7563389098476,167.72582633092694,6273
212.59166889668194,167.93738313441793,6274
212.42594953053504,168.14976400825753,6275
212.25918043134033,168.36296535616282,6276
212.09136125279798,168.57698351504214,6277
211.92249168401685,168.7918147535743,6278
211.7525714511818,169.00745527078436,6279
211.58160031924652,169.22390119461718,6280
211.40957809365187,169.44114858050827,6281
211.2365046220703,169.65919340995325,6282
211.06237979617583,169.87803158907565,6283
210.88720355344003,170.0976589471943,6284
210.7109758789542,170.31807123538997,6285
210.5336968072775,170.53926412507283,6286
210.3553664243111,170.76123320655017,6287
210.17598486919843,170.98397398759542,6288
209.99555233625205,171.2074818920199,6289
209.81406907690578,171.4317522582459,6290
209.6315354016933,171.65678033788382,6291
209.4479516822528,171.8825612943123,6292
209.26331835335725,172.10909020126354,6293
209.07763591497041,172.33636204141283,6294
208.89090493432852,172.56437170497423,6295
208.70312604804718,172.79311398830268,6296
208.5142999642537,173.02258359250277,6297
208.32442746474405,173.25277512204568,6298
208.1335094071646,173.483683083395,6299
207.94154672721862,173.7153018836406,6300
207.74854044089594,173.94762582914393,6301
207.55449164672703,174.1806491241934,6302
207.35940152806026,174.41436586967137,6303
207.16327135536147,174.64877006173455,6304
206.96610248853648,174.8838555905054,6305
206.76789637927521,175.11961623878054,6306
206.56865457341672,175.35604568075172,6307
206.36837871333577,175.59313748074433,6308
206.16707054034848,175.83088509197086,6309
205.964731897138,176.069281855304,6310
205.76136473019875,176.3083209980662,6311
205.55697109229806,176.5479956328401,6312
205.3515531449556,176.78829875629896,6313
205.14511316093834,177.02922324805803,6314
204.9376535267713,177.27076186954775,6315
204.72917674526227,177.51290726291225,6316
204.5196854380401,177.7556519499287,6317
204.309182348105,177.99898833095497,6318
204.09767034239016,178.2429086839035,6319
203.88515241433322,178.4874051632362,6320
203.67163168645678,178.7324697989987,6321
203.4571114129557,178.97809449587217,6322
203.24159498229125,179.22427103226474,6323
203.02508591978963,179.4709910594259,6324
202.80758789024352,179.71824610060278,6325
202.58910470051615,179.96602755021246,6326
202.36964030214463,180.21432667309008,6327
202.14919879394256,180.46313460370177,6328
201.92778442459903,180.7124423454631,6329
201.70540159527295,180.96224077006167,6330
201.48205486218083,181.2125206168242,6331
201.2577489391754,181.46327249211836,6332
201.0324887003143,181.714486868808,6333
200.80627918241603,181.966154085735,6334
200.57912558760097,182.21826434725733,6335
200.35103328581638,182.47080772282217,6336
200.12200781734157,182.7237741465888,6337
199.89205489527276,182.97715341709593,6338
199.66118040798386,183.23093519697622,6339
199.42939042156152,183.48510901272041,6340
199.19669118221208,183.73966425448774,6341
198.9630891186374,183.99459017597098,6342
198.72859084437763,184.24987589430927,6343
198.49320316011753,184.5055103900547,6344
198.25693305595485,184.7614825071937,6345
198.0197877136267,185.01778095321967,6346
197.78177450869197,185.27439429926469,6347
197.542901012667,185.53131098028499,6348
197.30317499511088,185.7885192953054,6349
197.0626044256586,186.04600740772128,6350
196.82119747599765,186.30376334566023,6351
196.5789625217867,186.56177500240466,6352
196.3359081445116,186.82003013687373,6353
196.092043133277,187.07851637416974,6354
195.84737648652975,187.33722120618555,6355
195.60191741371074,187.5961319922767,6356
195.3556753368329,187.8552359599983,6357
195.1086598919811,188.11452020590698,6358
194.8608809307311,188.3739716964291,6359
194.61234852148505,188.6335772687962,6360
194.3630729507185,188.89332363204798,6361
194.1130647241379,189.15319736810412,6362
193.86233456774318,189.41318493290453,6363
193.610893428794,189.6732726576199,6364
193.35875247667437,189.93344674993259,6365
193.1059231036551,190.1936932953879,6366
192.85241692554783,190.45399825881788,6367
192.59824578224968,190.7143474858358,6368
192.34342173817433,190.97472670440436,6369
192.08795708256656,191.23512152647564,6370
191.83186432969748,191.49551744970518,6371
191.57515621893646,191.75589985923915,6372
191.31784571469834,192.01625402957546,6373
191.05994600626101,192.27656512649907,6374
190.80147050745248,192.53681820909162,6375
190.54243285620296,192.7969982318155,6376
190.28284691396033,193.05709004667247,6377
190.0227267649659,193.31707840543666,6378
189.7620867153883,193.57694796196267,6379
189.50094129231223,193.83668327456726,6380
189.23930524258108,194.0962688084866,6381
188.97719353148986,194.35568893840642,6382
188.71462134132736,194.6149279510671,6383
188.45160406976524,194.87397004794158,6384
188.18815732809202,195.132799347987,6385
187.92429693929077,195.3913998904687,6386
187.66003893595885,195.6497556378565,6387
187.3953995580678,195.90785047879282,6388
187.13039525056365,196.1656682311313,6389
186.86504266080462,196.42319264504613,6390
186.5993586358374,196.6804074062102,6391
186.33336021950976,196.93729613904213,6392
186.06706464942073,197.19384241002058,6393
185.8004893537057,197.45002973106511,6394
185.5336519476597,197.70584156298227,6395
185.26657023019564,197.96126131897577,6396
184.9992621801398,198.21627236821945,6397
184.73174595236657,198.47085803949184,6398
184.46403987376794,198.72500162487012,6399
184.19616243906674,198.97868638348328,6400
183.92813230646718,199.2318955453212,6401
183.65996829314997,199.48461231509935,6402
183.3916893706092,199.73681987617636,6403
183.12331465983746,199.9885013945233,6404
182.85486342635852,200.23964002274178,6405
182.5863550751096,200.49021890412985,6406
182.31780914517807,200.74022117679274,6407
182.0492453043949,200.98962997779662,6408
181.78068334378793,201.2384284473631,6409
181.5121431718958,201.4865997331015,6410
181.24364480895136,201.7341269942776,6411
180.97520838093533,201.98099340611472,6412
180.70685411350254,202.22718216412605,6413
180.4386023257887,202.47267648847458,6414
180.17047342410433,202.71745962835794,6415
179.90248789550907,202.9615148664158,6416
179.63466630128374,203.20482552315636,6417
179.36702927030964,203.44737496139928,6418
179.09959749233383,203.68914659073184,6419
178.8323917111622,203.93012387197538,6420
178.56543271775266,204.17029032165877,6421
178.29874134324447,204.4096295164956,6422
178.03233845190294,204.64812509786216,6423
177.7662449340056,204.88576077627243,6424
177.5004816986653,205.12252033584718,6425
177.23506966660204,205.35838763877376,6426
176.97002976286643,205.5933466297526,6427
176.70538290952547,205.82738134042808,6428
176.4411500183161,206.06047589379884,6429
176.17735198327048,206.29261450860585,6430
175.9140096733249,206.52378150369304,6431
175.65114392491748,206.75396130233787,6432
175.3887755345808,206.9831384365487,6433
175.12692525153756,207.2112975513245,6434
174.86561377030785,207.43842340887414,6435
174.6048617233328,207.66450089279166,6436
174.34468967362426,207.88951501218392,6437
174.0851181074458,208.1134509057473,6438
173.8261674270341,208.33629384579015,6439
173.56785794336687,208.55802924219762,6440
173.3102098689842,208.77864264633558,6441
173.0532433108718,208.99811975489018,6442
172.79697826341163,209.21644641364009,6443
172.54143460140764,209.43360862115838,6444
172.28663207319366,209.6495925324407,6445
172.03259029382906,209.8643844624567,6446
171.77932873839063,210.07797088962252,6447
171.5268667353646,210.29033845919028,6448
171.27522346014752,210.50147398655292,6449
171.0244179286603,210.71136446046128,6450
170.77446899108298,210.9199970461506,6451
170.52539532571367,211.12735908837467,6452
170.2772154329602,211.33343811434457,6453
170.02994762946707,211.53822183657005,6454
169.78361004238448,211.7416981556016,6455
169.538220603784,211.94385516267084,6456
169.2937970452251,212.1446811422275,6457
169.05035689247765,212.3441645743711,6458
168.8079174604043,212.54229413717604,6459
168.56649584800613,212.73905870890786,6460
168.3261089336366,212.93444737013016,6461
168.08677337038603,213.12844940569994,6462
167.84850558164032,213.32105430665106,6463
167.61132175681692,213.5122517719646,6464
167.37523784727998,213.70203171022453,6465
167.14026956243833,213.89038424115915,6466
166.9064323660274,214.07729969706688,6467
166.67374147257698,214.26276862412587,6468
166.4422118440671,214.446781783588,6469
166.21185818677247,214.62933015285586,6470
165.98269494829728,214.81040492644348,6471
165.75473631480034,214.9899975168208,6472
165.5279962084118,215.16809955514162,6473
165.3024882848416,215.344702891856,6474
165.0782259311788,215.5197995972071,6475
164.85522226388295,215.6933819616132,6476
164.63349012696548,215.86544249593575,6477
164.4130420903617,216.03597393163398,6478
164.1938904484915,216.20496922080747,6479
163.9760472190077,216.37242153612743,6480
163.75952414173142,216.53832427065768,6481
163.5443326777711,216.70267103756737,6482
163.3304840088256,216.865455669736,6483
163.1179890366666,217.02667221925282,6484
162.90685838280095,217.18631495681197,6485
162.697102388308,217.34437837100495,6486
162.48873111385066,217.50085716751266,6487
162.28175433985723,217.65574626819844,6488
162.07618156687036,217.80904081010397,6489
161.87202201606104,217.96073614435065,6490
161.66928462990325,218.11082783494842,6491
161.46797807300698,218.25931165751314,6492
161.26811073310515,218.40618359789656,6493
161.069690722191,218.5514398507298,6494
160.87272587780336,218.6950768178831,6495
160.67722376445312,218.83709110684455,6496
160.4831916751908,218.97747952901966,6497
160.29063663330757,219.11623909795497,6498
160.0995653941681,219.25336702748743,6499
159.90998444716988,219.38886072982274,6500
159.721900017825,219.5227178135451,6501
159.5353180699603,219.65493608156063,6502
159.35024430803162,219.78551352897753,6503
159.16668417954725,219.9144483409254,6504
158.9846428775971,220.0417388903164,6505
158.80412534348253,220.16738373555077,6506
158.62513626944246,220.29138161816982,6507
158.44768010147192,220.4137314604584,6508
158.27176104222795,220.5344323630001,6509
158.09738305401942,220.65348360218726,6510
157.92454986187485,220.77088462768901,6511
157.75326495668597,220.88663505987958,6512
157.58353159842068,221.00073468722923,6513
157.4153528194029,221.11318346366127,6514
157.24873142765367,221.2239815058764,6515
157.0836700102904,221.33312909064838,6516
156.9201709369793,221.44062665209216,6517
156.7582363634378,221.54647477890768,6518
156.5978682349823,221.65067421160163,6519
156.4390682901172,221.7532258396895,6520
156.2818380641624,221.85413069888008,6521
156.12617889291397,221.95338996824518,6522
155.97209191633556,222.051004967376,6523
155.81957808227622,222.14697715352946,6524
155.66863815021142,222.24130811876537,6525
155.51927269500322,222.3339995870779,6526
155.3714821106773,222.42505341152207,6527
155.22526661421225,222.5144715713384,6528
155.08062624933885,222.6022561690767,6529
154.93756089034585,222.68840942772184,6530
154.7960702458893,222.77293368782261,6531
154.65615386280248,222.8558314046255,6532
154.51781112990358,222.9371051452158,6533
154.38104128179833,223.01675758566688,6534
154.2458434026752,223.0947915081997,6535
154.1122164300902,223.17120979835414,6536
153.98015915873899,223.24601544217336,6537
153.84967024421454,223.31921152340297,6538
153.72074820674644,223.39080122070615,6539
153.59339143492198,223.4607878048962,6540
153.4675981893847,223.52917463618775,6541
153.34336660650987,223.59596516146792,6542
153.22069470205463,223.66116291158835,6543
153.09958037478046,223.7247714986796,6544
152.9800214100471,223.78679461348872,6545
152.8620154833756,223.847236022741,6546
152.7455601639794,223.9060995665268,6547
152.6306529182618,223.96338915571494,6548
152.51729111327813,224.01910876939232,6549
152.40547202016236,224.073262452332,6550
152.29519281751527,224.12585431248905,6551
152.18645059475506,224.17688851852628,6552
152.0792423554273,224.22636929736916,6553
151.97356502047495,224.27430093179183,6554
151.86941543146654,224.32068775803359,6555
151.76679035378194,224.36553416344708,6556
151.66568647975498,224.40884458417872,6557
151.56610043177258,224.45062350288103,6558
151.46802876532863,224.49087544645832,6559
151.37146797203374,224.52960498384522,6560
151.2764144825787,224.5668167238188,6561
151.18286466965253,224.6025153128443,6562
151.09081485081356,224.63670543295518,6563
151.0002612913146,224.66939179966687,6564
150.91120020688012,224.7005791599253,6565
150.82362776643734,224.73027229008966,6566
150.73754009479893,224.75847599394987,6567
150.6529332752991,224.78519510077862,6568
150.5698033523813,224.81043446341815,6569
150.48814633413926,224.8341989564017,6570
150.4079581948093,224.8564934741098,6571
150.32923487721624,224.87732292896084,6572
150.251972295171,224.8966922496367,6573
150.17616633582142,224.91460637934247,6574
150.10181286195564,224.93107027410073,6575
150.02890771425862,224.9460889010802,6576
149.95744671352193,224.95966723695807,6577
149.88742566280706,224.97181026631657,6578
149.8188403495626,224.98252298007313,6579
149.75168654769536,224.9918103739441,6580
149.68596001959625,224.99967744694175,6581
149.62165651812086,225.00612919990388,6582
149.5587717885252,225.01117063405684,6583
149.4973015703573,225.0148067496106,6584
149.43724159930466,225.0170425443861,6585
149.3785876089982,225.01788301247427,6586
149.32133533277357,225.01733314292713,6587
149.26548050538946,225.0153979184797,6588
149.21101886470407,225.01208231430283,6589
149.1579461533103,225.00739129678692,6590
149.1062581201294,225.00132982235533,6591
149.05595052196466,224.99390283630825,6592
149.0070191250149,224.9851152716955,6593
148.95945970634864,224.97497204821877,6594
148.91326805533967,224.96347807116254,6595
148.86843997506386,224.9506382303531,6596
148.82497128365895,224.93645739914595,6597
148.78285781564682,224.92094043344028,6598
148.74209542321938,224.904092170721,6599
148.70267997748866,224.8859174291273,6600
148.66460736970137,224.86642100654768,6601
148.62787351241894,224.84560767974085,6602
148.5924743406633,224.82348220348223,6603
148.55840581302928,224.80004930973558,6604
148.52566391276386,224.77531370684932,6605
148.49424464881324,224.74928007877728,6606
148.4641440568383,224.72195308432325,6607
148.43535820019852,224.6933373564091,6608
148.40788317090576,224.66343750136602,6609
148.38171509054786,224.63225809824849,6610
148.35685011118284,224.5998036981704,6611
148.33328441620446,224.56607882366336,6612
148.3110142211796,224.5310879680561,6613
148.29003577465753,224.49483559487552,6614
148.27034535895294,224.4573261372679,6615
148.25193929090153,224.4185639974409,6616
148.2348139225906,224.37855354612535,6617
148.21896564206338,224.33729912205635,6618
148.20439087399905,224.29480503147408,6619
148.19108608036848,224.251075547643,6620
148.1790477610658,224.20611491038974,6621
148.1682724545171,224.15992732565886,6622
148.1587567382664,224.11251696508668,6623
148.15049722953893,224.06388796559224,6624
148.14349058578364,224.01404442898516,6625
148.13773350519344,223.96299042159063,6626
148.13322272720566,223.91072997389034,6627
148.12995503298157,223.85726708017967,6628
148.12792724586657,223.80260569824034,6629
148.127136231831,223.74674974902874,6630
148.12757889989211,223.68970311637906,6631
148.12925220251742,223.63146964672129,6632
148.13215313601071,223.57205314881355,6633
148.1362787408798,223.5114573934888,6634
148.1416261021877,223.44968611341505,6635
148.1481923498871,223.38674300286957,6636
148.1559746591383,223.32263171752584,6637
148.1649702506115,223.25735587425422,6638
148.17517639077354,223.19091905093467,6639
148.18659039215947,223.12332478628255,6640
148.19920961362956,223.0545765796862,6641
148.21303146061172,222.98467789105683,6642
148.2280533853301,222.91363214069005,6643
148.24427288701972,222.84144270913882,6644
148.2616875121281,222.76811293709795,6645
148.2802948545036,222.69364612529944,6646
148.30009255557118,222.61804553441877,6647
148.3210783044956,222.54131438499195,6648
148.34324983833272,222.4634558573428,6649
148.3666049421688,222.38447309152068,6650
148.3911414492483,222.30436918724826,6651
148.41685724109033,222.22314720387905,6652
148.44375024759432,222.14081016036496,6653
148.47181844713455,222.0573610352331,6654
148.50105986664454,221.97280276657204,6655
148.53147258169062,221.8871382520276,6656
148.56305471653604,221.80037034880735,6657
148.5958044441948,221.71250187369415,6658
148.6297199864758,221.62353560306892,6659
148.66479961401782,221.53347427294148,6660
148.70104164631482,221.44232057899055,6661
148.73844445173265,221.35007717661168,6662
148.77700644751621,221.25674668097412,6663
148.81672609978835,221.16233166708548,6664
148.85760192353993,221.06683466986473,6665
148.89963248261125,220.9702581842234,6666
148.9428163896654,220.87260466515468,6667
148.9871523061533,220.77387652783028,6668
149.03263894227027,220.67407614770573,6669
149.07927505690546,220.5732058606326,6670
149.12705945758213,220.47126796297957,6671
149.17599100039132,220.36826471176005,6672
149.2260685899168,220.26419832476853,6673
149.27729117915305,220.1590709807239,6674
149.32965776941526,220.0528848194206,6675
149.3831674102417,219.94564194188752,6676
149.43781919928875,219.83734441055412,6677
149.49361228221852,219.72799424942463,6678
149.55054585257867,219.61759344425937,6679
149.6086191516751,219.506143942764,6680
149.66783146843702,219.39364765478626,6681
149.7281821392746,219.28010645252033,6682
149.78967054792932,219.16552217071896,6683
149.85229612531649,219.04989660691308,6684
149.91605834936072,218.9332315216395,6685
149.98095674482354,218.8155286386761,6686
150.04699088312339,218.69678964528512,6687
150.11416038214824,218.5770161924641,6688
150.18246490606032,218.4562098952051,6689
150.25190416509292,218.33437233276183,6690
150.3224779153397,218.21150504892503,6691
150.39418595853573,218.0876095523059,6692
150.4670281418305,217.96268731662812,6693
150.54100435755285,217.83673978102829,6694
150.61611454296755,217.70976835036467,6695
150.69235868002355,217.58177439553518,6696
150.76973679509334,217.45275925380346,6697
150.84824895870403,217.32272422913448,6698
150.9278952852593,217.1916705925392,6699
151.0086759327522,217.05959958242804,6700
151.090591102469,216.92651240497426,6701
151.17364103868346,216.7924102344866,6702
151.25782602834144,216.6572942137918,6703
151.34314640073578,216.52116545462695,6704
151.42960252717106,216.3840250380421,6705
151.51719482061833,216.24587401481296,6706
151.60592373535894,216.1067134058643,6707
151.69578976661776,215.9665442027039,6708
151.7867934501856,215.82536736786741,6709
151.8789353620301,215.68318383537485,6710
151.97221611789504,215.53999451119762,6711
152.0666363728879,215.3958002737379,6712
152.16219682105535,215.25060197431958,6713
152.2588981949459,215.1044004376914,6714
152.35674126516017,214.95719646254236,6715
152.45572683988783,214.80899082203004,6716
152.55585576443096,214.6597842643215,6717
152.6571289207139,214.5095775131478,6718
152.75954722677847,214.35837126837185,6719
152.86311163626513,214.20616620656986,6720
152.96782313787875,214.0529629816273,6721
153.07368275483915,213.89876222534912,6722
153.18069154431592,213.7435645480846,6723
153.28885059684717,213.58737053936775,6724
153.39816103574128,213.43018076857248,6725
153.50862401646194,213.27199578558418,6726
153.62024072599556,213.112816121487,6727
153.73301238220066,212.9526422892678,6728
153.84694023313864,212.79147478453734,6729
153.96202555638604,212.62931408626775,6730
154.07826965832678,212.4661606575487,6731
154.19567387342482,212.30201494636094,6732
154.3142395634764,212.13687738636847,6733
154.43396811684062,211.9707483977295,6734
154.55486094764944,211.8036283879267,6735
154.6769194949945,211.63551775261703,6736
154.8001452220922,211.46641687650168,6737
154.92453961542478,211.29632613421666,6738
155.0501041838579,211.12524589124405,6739
155.17684045773376,210.95317650484498,6740
155.30474998793898,210.78011832501426,6741
155.43383434494692,210.60607169545742,6742
155.56409511783372,210.4310369545903,6743
155.69553391326724,210.2550144365623,6744
155.82815235446836,210.0780044723031,6745
155.96195208014433,209.9000073905933,6746
156.09693474339278,209.72102351916035,6747
156.2331020105763,209.54105318579911,6748
156.37045556016685,209.36009671951828,6749
156.5089970815587,209.17815445171317,6750
156.64872827385048,208.99522671736457,6751
156.78965084459392,208.81131385626537,6752
156.93176650850995,208.6264162142745,6753
157.07507698617098,208.44053414459898,6754
157.2195840026485,208.2536680091049,6755
157.36528928612515,208.06581817965736,6756
157.512194566471,207.87698503949005,6757
157.66030157378307,207.68716898460517,6758
157.809612036887,207.4963704252039,6759
157.96012768180063,207.3045897871483,6760
158.1118502301585,207.11182751345444,6761
158.26478139759635,206.9180840658182,6762
158.41892289209542,206.72335992617363,6763
158.57427641228486,206.5276555982841,6764
158.73084364570272,206.33097160936794,6765
158.88862626701334,206.13330851175735,6766
159.0476259361819,205.93466688459247,6767
159.207844296604,205.7350473355505,6768
159.36928297319065,205.53445050261004,6769
159.53194357040692,205.33287705585175,6770
159.69582767026455,205.13032769929544,6771
159.860936830267,204.92680317277376,6772
160.02727258130645,204.7223042538434,6773
160.1948364255125,204.51683175973386,6774
160.363629834051,204.3103865493341,6775
160.53365424487345,204.1029695252181,6776
160.7049110604148,203.8945816357085,6777
160.87740164524118,203.68522387697988,6778
161.0511273236447,203.47489729520112,6779
161.22608937718587,203.2636029887176,6780
161.40228904218358,203.05134211027317,6781
161.57972750715055,202.83811586927246,6782
161.7584059101753,202.62392553408336,6783
161.93832533624905,202.4087724343803,6784
162.11948681453794,202.19265796352798,6785
162.30189131559925,201.9755835810061,6786
162.48553974854212,201.7575508148749,6787
162.67043295813198,201.5385612642814,6788
162.85657172183815,201.31861660200724,6789
163.04395674682502,201.09771857705653,6790
163.23258866688602,200.87586901728534,6791
163.4224680393204,200.65306983207137,6792
163.61359534175287,200.42932301502427,6793
163.80597096889582,200.20463064673655,6794
163.99959522925437,199.9789948975741,6795
164.19446834177384,199.75241803050676,6796
164.39059043243063,199.52490240397825,6797
164.5879615307655,199.29645047481475,6798
164.78658156636104,199.06706480117214,6799
164.98645036526204,198.836748045521,6800
165.18756764634068,198.60550297766912,6801
165.38993301760573,198.37333247781993,6802
165.59354597245758,198.14023953966765,6803
165.79840588588888,197.90622727352644,6804
166.00451201063171,197.6712989094943,6805
166.21186347325272,197.4354578006498,6806
166.42045927019637,197.19870742628075,6807
166.6302982637781,196.96105139514376,6808
166.84137917812802,196.7224934487538,6809
167.05370059508678,196.48303746470117,6810
167.26726095005472,196.2426874599965,6811
167.4820585277964,196.00144759444018,6812
167.69809145820105,195.75932217401638,6813
167.91535771200205,195.5163156543083,6814
168.1338550964562,195.27243264393476,6815
168.35358125098534,195.02767790800434,6816
168.5745336427828,194.78205637158626,6817
168.7967095623856,194.53557312319595,6818
169.020106119217,194.28823341829184,6819
169.24472023709967,194.04004268278297,6820
169.47054864974402,193.79100651654315,6821
169.6975878962134,193.5411306969303,6822
169.92583431637001,193.29042118230788,6823
170.15528404630365,193.0388841155657,6824
170.38593301374814,192.786525827637,6825
170.61777693348742,192.5333528410096,6826
170.85081130275603,192.27937187322644,6827
171.08503139663694,192.0245898403742,6828
171.32043226346164,191.76901386055505,6829
171.55700872021583,191.51265125733863,6830
171.79475534795515,191.2555095631912,6831
172.0336664872364,190.9975965228769,6832
172.2737362335671,190.73892009682888,6833
172.51495843287955,190.47948846448497,6834
172.7573266770343,190.21931002758467,6835
173.00083429935785,189.9583934134228,6836
173.24547437021883,189.6967474780559,6837
173.49123969265042,189.4343813094564,6838
173.73812279802326,189.1713042306108,6839
173.98611594177336,188.90752580255656,6840
174.235211099194,188.64305582735332,6841
174.4853999612947,188.37790435098313,6842
174.73667393073546,188.11208166617598,6843
174.9890241178414,187.8455983151539,6844
175.2424413367048,187.5784650922901,6845
175.4969161013811,187.3106930466768,6846
175.7524386221858,187.04229348459714,6847
176.0089988020986,186.77327797189625,6848
176.2665862332812,186.5036583362443,6849
176.52519019371852,186.23344666928872,6850
176.7847996439854,185.96265532868767,6851
177.04540322415255,185.69129694002095,6852
177.30698925083217,185.41938439857165,6853
177.56954571437507,185.14693087097433,6854
177.83306027622726,184.87394979672203,6855
178.09752026644816,184.60045488952838,6856
178.36291268140215,184.3264601385396,6857
178.6292241816327,184.05197980938794,6858
178.89644108991897,183.77702844508406,6859
179.16454938952938,183.50162086674246,6860
179.43353472267827,183.2257721741324,6861
179.70338238918433,182.94949774605092,6862
179.9740773453776,182.67281324051282,6863
180.24560420310863,182.39573459475062,6864
180.51794722925504,182.11827802502094,6865
180.79109034512126,181.8404600262128,6866
181.06501712633613,181.56229737125005,6867
181.3397108029044,181.283807110288,6868
181.61515425952152,181.0050065696938,6869
181.89133003616067,180.7259133508132,6870
182.16822032892193,180.44654532851052,6871
182.44580699116005,180.16692064949206,6872
182.7240715348882,179.88705773039024,6873
183.00299513246765,179.6069752556109,6874
183.2825586185893,179.3266921749727,6875
183.5627424925444,179.04622770107198,6876
183.8435269207982,178.76560130642608,6877
184.12489173986174,178.4848327203668,6878
184.40681645947151,178.2039419256894,6879
184.68928026607637,177.92294915505192,6880
184.97226202663475,177.64187488712616,6881
185.2557402927262,177.36073984249555,6882
185.53969330497713,177.0795649793044,6883
185.824098997802,176.79837148865275,6884
186.10893500446264,176.51718078974025,6885
186.39417866244324,176.23601452475717,6886
186.67980701914303,175.95489455352669,6887
186.96579683788482,175.67384294789443,6888
187.25212460423833,175.392881985871,6889
187.5387665326563,175.11203414552892,6890
187.82569857342136,174.831322098654,6891
188.11289641990115,174.5507687041562,6892
188.4003355161059,174.2703970012425,6893
188.6879910645487,173.9902302023559,6894
188.97583803439812,173.7102916858835,6895
189.26385116992455,173.43060498863935,6896
189.5520049992278,173.15119379812708,6897
189.84027384324526,172.87208194458694,6898
190.12863182503008,172.59329339283357,6899
190.41705287929335,172.31485223389086,6900
190.70551076220255,172.03678267643122,6901
190.99397906142616,171.7591090380246,6902
191.28243120641775,171.48185573620657,6903
191.57084047892695,171.20504727937336,6904
191.85918002373037,170.92870825751032,6905
192.14742285956885,170.6528633327652,6906
192.43554189028197,170.37753722987284,6907
192.72350991612748,170.10275472644298,6908
193.0112996452739,169.8285406431184,6909
193.29888370545322,169.55491983361634,6910
193.5862346557618,169.28191717466123,6911
193.873324998596,169.00955755582012,6912
194.1601271917081,168.73786586925297,6913
194.4466136603707,168.46686699938627,6914
194.73275680963283,168.19658581252494,6915
195.0185290366561,167.92704714641,6916
195.30390274311407,167.6582757997378,6917
195.5888503476412,167.39029652164947,6918
195.87334429831648,167.12313400120468,6919
196.157357085166,166.85681285685072,6920
196.44086125266972,166.5913576258995,6921
196.72382941225706,166.32679275402475,6922
197.0062342547763,166.06314258479154,6923
197.28804856292209,165.80043134923048,6924
197.56924522360592,165.53868315546842,6925
197.84979724025524,165.27792197842865,6926
198.12967774502462,165.01817164961165,6927
198.40886001090558,164.75945584696922,6928
198.68731746371972,164.5017980848831,6929
198.96502369398044,164.24522170426036,6930
199.24195246860964,163.9897498627566,6931
199.51807774249482,163.73540552513833,6932
199.7933736698734,163.48221145379534,6933
200.06781461553032,163.23019019941438,6934
200.34137516579693,162.97936409182412,6935
200.61403013933779,162.72975523102147,6936
200.88575459771326,162.48138547838948,6937
201.15652385570672,162.23427644811596,6938
201.42631349140493,161.98844949882226,6939
201.6950993560204,161.7439257254106,6940
201.96285758344624,161.50072595113858,6941
202.22956459953332,161.2588707199285,6942
202.49519713108066,161.01838028891916,6943
202.75973221453037,160.7792746212674,6944
203.02314720435956,160.54157337920532,6945
203.28541978116124,160.3052959173601,6946
203.54652795940746,160.07046127634155,6947
203.8064500948888,159.83708817660266,6948
204.06516489182425,159.60519501257812,6949
204.3226514096366,159.37479984710475,6950
204.57888906938842,159.14592040612757,6951
204.8338576598762,158.91857407369488,6952
205.08753734337765,158.69277788724506,6953
205.3399086610507,158.46854853318723,6954
205.59095253798276,158.24590234277758,6955
205.8406502878868,158.02485528829303,6956
206.08898361744605,157.80542297950197,6957
206.3359346303053,157.5876206604333,6958
206.58148583070977,157.37146320644416,6959
206.82562012679261,157.15696512158382,6960
207.06832083351256,156.94414053625442,6961
207.30957167524355,156.7330032051666,6962
207.54935678801854,156.52356650558764,6963
207.78766072143162,156.31584343588037,6964
208.02446844020085,156.10984661432963,6965
208.2597653253962,155.90558827825348,6966
208.49353717533754,155.703080283396,6967
208.7257702061665,155.50233410359624,6968
208.95645105209843,155.3033608307317,6969
209.18556676535982,155.10617117492922,6970
209.41310481581652,154.91077546504027,6971
209.63905309030062,154.71718364937468,6972
209.86339989164108,154.52540529668747,6973
210.08613393740598,154.33544959741337,6974
210.30724435836345,154.14732536514302,6975
210.52672069666892,153.9610410383344,6976
210.74455290378583,153.77660468225406,6977
210.9607313381488,153.5940239911403,6978
211.1752467625763,153.41330629058302,6979
211.3880903414417,153.23445854011237,6980
211.59925363761107,153.0574873359896,6981
211.8087286091563,152.88239891419332,6982
212.01650760585187,152.70919915359337,6983
212.2225833654645,152.53789357930557,6984
212.4269490098442,152.36848736621974,6985
212.62959804082553,152.20098534269357,6986
212.83052433594796,152.0353919944052,6987
213.0297221440044,151.87171146835672,6988
213.22718608042652,151.7099475770215,6989
213.42291112251553,151.55010380262735,6990
213.61689260452783,151.39218330156876,6991
213.80912621262368,151.23618890894053,6992
213.99960797968754,151.08212314318524,6993
214.18833428002904,150.9299882108475,6994
214.37530182397282,150.77978601142797,6995
214.56050765234542,150.6315181423295,6996
214.7439491308677,150.4851859038889,6997
214.9256239444608,150.34079030448692,6998
215.10553009147364,150.19833206573006,6999
215.2836658778395,150.0578116276969,7000
215.4600299111696,149.91922915424325,7001
215.6346210947912,149.78258453835863,7002
215.80743862173694,149.64787740756833,7003
215.9784819686933,149.51510712937528,7004
216.14775088991453,149.38427281673438,7005
216.31524541110912,149.25537333355524,7006
216.48096582330473,149.12840730022577,7007
216.64491267669902,149.00337309915224,7008
216.8070867745012,148.88026888031035,7009
216.96748916677114,148.75909256680146,7010
217.1261211442614,148.6398418604095,7011
217.28298423226758,148.52251424715342,7012
217.43808018449266,148.40710700283057,7013
217.5914109769298,148.29361719854654,7014
217.7429788017693,148.1820417062268,7015
217.89278606133323,148.07237720410635,7016
218.0408353620435,147.96462018219302,7017
218.18712950842655,147.85876694770093,7018
218.33167149715922,147.75481363045014,7019
218.47446451115965,147.65275618822932,7020
218.6155119137264,147.55259041211744,7021
218.7548172427299,147.45431193176236,7022
218.89238420485873,147.35791622061257,7023
219.02821666992463,147.26339860109917,7024
219.16231866522824,147.17075424976636,7025
219.29469436998875,147.07997820234658,7026
219.42534810984006,146.99106535877925,7027
219.55428435139544,146.90401048816983,7028
219.6815076968829,146.81880823368803,7029
219.80702287885347,146.73545311740273,7030
219.93083475496417,146.65393954505186,7031
220.05294830283705,146.57426181074598,7032
220.1733686149963,146.49641410160368,7033
220.29210089388417,146.42039050231773,7034
220.40915044695777,146.34618499965052,7035
220.52452268186676,146.27379148685787,7036
220.63822310171406,146.20320376803986,7037
220.7502573003993,146.13441556241864,7038
220.8606309580467,146.06742050854135,7039
220.96934983651695,146.0022121684084,7040
221.0764197750045,145.93878403152596,7041
221.18184668572,145.87712951888273,7042
221.28563654965834,145.81724198685012,7043
221.38779541245253,145.75911473100598,7044
221.4883293803131,145.7027409898814,7045
221.5872446160536,145.64811394863096,7046
221.68454733520127,145.59522674262558,7047
221.78024380219358,145.5440724609691,7048
221.87434032665956,145.49464414993778,7049
221.9668432597858,145.44693481634366,7050
222.05775899076718,145.40093743082141,7051
222.14709394334068,145.35664493103957,7052
222.23485457240332,145.31405022483636,7053
222.3210473607117,145.27314619328018,7054
222.4056788156644,145.23392569365606,7055
222.488755466165,145.1963815623779,7056
222.57028385956542,145.1605066178273,7057
222.65027055868936,145.12629366312012,7058
222.72872213893396,145.09373548880046,7059
222.8056451854495,145.0628248754639,7060
222.88104629039583,145.03355459630984,7061
222.9549320502749,145.00591741962444,7062
223.02730906333778,144.97990611119437,7063
223.09818392706617,144.95551343665252,7064
223.16756323572582,144.93273216375698,7065
223.2354535779924,144.91155506460308,7066
223.30186153464783,144.89197491777054,7067
223.3667936763457,144.87398451040605,7068
223.4302565614457,144.85757664024234,7069
223.49225673391473,144.84274411755473,7070
223.55280072129432,144.82947976705628,7071
223.61189503273303,144.81777642973228,7072
223.6695461570824,144.80762696461534,7073
223.72576056105572,144.79902425050167,7074
223.7805446874478,144.79196118761035,7075
223.83390495341533,144.78643069918542,7076
223.88584774881608,144.78242573304323,7077
223.93637943460598,144.77993926306473,7078
223.9855063412928,144.7789642906348,7079
224.03323476744538,144.7794938460288,7080
224.0795709782572,144.78152098974797,7081
224.12452120416302,144.78503881380442,7082
224.16809163950754,144.79004044295675,7083
224.21028844126488,144.79651903589732,7084
224.25111772780778,144.80446778639217,7085
224.2905855777254,144.8138799243747,7086
224.32869802868848,144.82474871699384,7087
224.36546107636073,144.83706746961806,7088
224.40088067335574,144.85082952679574,7089
224.4349627282377,144.86602827317336,7090
224.46771310456532,144.88265713437195,7091
224.49913761997783,144.90070957782325,7092
224.52924204532164,144.92017911356615,7093
224.55803210381728,144.94105929500438,7094
224.58551347026486,144.96334371962658,7095
224.6116917702876,144.9870260296893,7096
224.63657257961233,145.01209991286427,7097
224.66016142338574,145.03855910285012,7098
224.68246377552558,145.06639737995036,7099
224.70348505810594,145.09560857161748,7100
224.72323064077574,145.12618655296458,7101
224.74170584020902,145.15812524724544,7102
224.75891591958705,145.19141862630312,7103
224.77486608811023,145.226060710989,7104
224.78956150054006,145.26204557155168,7105
224.80300725676952,145.29936732799783,7106
224.81520840142136,145.33802015042465,7107
224.8261699234736,145.37799825932544,7108
224.835896755911,145.41929592586848,7109
224.84439377540238,145.46190747215013,7110
224.85166580200246,145.50582727142293,7111
224.85771759887766,145.55104974829922,7112
224.86255387205526,145.59756937893087,7113
224.86617927019515,145.64538069116585,7114
224.86859838438335,145.69447826468252,7115
224.86981574794666,145.7448567311016,7116
224.86983583628796,145.79651077407723,7117
224.86866306674148,145.84943512936687,7118
224.86630179844695,145.90362458488124,7119
224.86275633224278,145.9590739807148,7120
224.85803091057707,146.01577820915662,7121
224.8521297174361,146.07373221468333,7122
224.8450568782898,146.1329309939333,7123
224.8368164600534,146.19336959566382,7124
224.82741247106514,146.2550431206909,7125
224.81684886107902,146.31794672181263,7126
224.80512952127228,146.382075603716,7127
224.79225828426763,146.4474250228686,7128
224.7782389241686,146.5139902873943,7129
224.7630751566089,146.5817667569347,7130
224.74677063881404,146.65074984249566,7131
224.7293289696761,146.72093500627992,7132
224.7107536898398,146.7923177615059,7133
224.6910482818009,146.86489367221336,7134
224.67021617001515,146.9386583530558,7135
224.64826072101872,147.01360746908045,7136
224.62518524355855,147.0897367354955,7137
224.60099298873325,147.1670419174261,7138
224.57568715014358,147.2455188296576,7139
224.54927086405218,147.32516333636852,7140
224.52174720955279,147.4059713508515,7141
224.49311920874808,147.48793883522387,7142
224.46338982693584,147.5710618001274,7143
224.4325619728037,147.655336304418,7144
224.40063849863157,147.74075845484495,7145
224.3676222005017,147.8273244057207,7146
224.33351581851642,147.91503035858065,7147
224.29832203702276,148.00387256183365,7148
224.2620434848443,148.0938473104035,7149
224.22468273551948,148.18495094536104,7150
224.1862423075465,148.2771798535477,7151
224.14672466463472,148.37053046719018,7152
224.10613221596168,148.4649992635069,7153
224.06446731643672,148.56058276430574,7154
224.0217322669697,148.65727753557394,7155
223.9779293147458,148.7550801870598,7156
223.93306065350535,148.85398737184644,7157
223.88712842382927,148.95399578591778,7158
223.84013471342948,149.05510216771694,7159
223.7920815574443,149.15730329769704,7160
223.74297093873886,149.26059599786444,7161
223.6928047882103,149.36497713131473,7162
223.64158498509738,149.47044360176145,7163
223.5893133572951,149.5769923530575,7164
223.53599168167344,149.68462036870952,7165
223.48162168440066,149.7933246713853,7166
223.42620504127103,149.9031023224139,7167
223.3697433780367,150.01395042127908,7168
223.31223827074385,150.12586610510596,7169
223.25369124607295,150.23884654814017,7170
223.19410378168325,150.3528889612213,7171
223.13347730656136,150.46799059124825,7172
223.07181320137383,150.58414872063886,7173
223.00911279882374,150.70136066678225,7174
222.94537738401152,150.81962378148455,7175
222.88060819479952,150.93893545040797,7176
222.814806422181,151.059293092503,7177
222.74797321065262,151.18069415943407,7178
222.6801096585917,151.30313613499814,7179
222.6112168186367,151.42661653453695,7180
222.5412956980726,151.5511329043421,7181
222.47034725921992,151.67668282105356,7182
222.39837241982812,151.80326389105144,7183
222.32537205347305,151.93087374984054,7184
222.25134698995907,152.05951006142826,7185
222.17629801572494,152.18917051769566,7186
222.10022587425468,152.31985283776126,7187
222.02313126649238,152.4515547673381,7188
221.94501485126216,152.58427407808344,7189
221.86587724569213,152.71800856694153,7190
221.78571902564352,152.8527560554792,7191
221.7045407261445,152.9885143892139,7192
221.62234284182895,153.12528143693478,7193
221.53912582738022,153.2630550900163,7194
221.45489009797996,153.401833261724,7195
221.36963602976252,153.54161388651343,7196
221.28336396027441,153.68239491932076,7197
221.1960741889394,153.82417433484605,7198
221.1077669775293,153.9669501268289,7199
221.01844255064074,154.1107203073159,7200
220.9281010961773,154.25548290592022,7201
220.83674276583847,154.40123596907338,7202
220.74436767561443,154.54797755926876,7203
220.65097590628727,154.69570575429665,7204
220.55656750393908,154.84441864647144,7205
220.46114248046646,154.99411434185023,7206
220.3647008141022,155.14479095944273,7207
220.2672424499441,155.29644663041302,7208
220.16876730049088,155.44907949727204,7209
220.06927524618598,155.60268771306184,7210
219.96876613596876,155.7572694405306,7211
219.86723978783382,155.91282285129884,7212
219.76469598939835,156.0693461250165,7213
219.6611344984778,156.22683744851062,7214
219.55655504367041,156.3852950149242,7215
219.45095732495014,156.5447170228452,7216
219.3443410142689,156.70510167542645,7217
219.23670575616805,156.86644717949548,7218
219.12805116839922,157.02875174465544,7219
219.01837684255509,157.19201358237532,7220
218.9076823447101,157.35623090507104,7221
218.79596721607138,157.52140192517626,7222
218.6832309736402,157.68752485420316,7223
218.56947311088447,157.854597901793,7224
218.45469309842176,158.0226192747566,7225
218.33889038471418,158.1915871761045,7226
218.22206439677458,158.36149980406643,7227
218.1042145408847,158.53235535110068,7228
217.98534020332542,158.70415200289256,7229
217.86544075111976,158.87688793734256,7230
217.7445155327881,159.05056132354335,7231
217.62256387911705,159.22517032074632,7232
217.4995851039412,159.40071307731742,7233
217.37557850493877,159.57718772968144,7234
217.25054336444123,159.75459240125602,7235
217.12447895025693,159.93292520137427,7236
216.99738451650978,160.11218422419614,7237
216.86925930449237,160.29236754760942,7238
216.74010254353453,160.47347323211855,7239
216.60991345188748,160.65549931972305,7240
216.47869123762376,160.8384438327844,7241
216.34643509955333,161.02230477288165,7242
216.21314422815635,161.20708011965604,7243
216.07881780653264,161.39276782964387,7244
215.94345501136848,161.57936583509863,7245
215.80705501392075,161.76687204280165,7246
215.6696169810192,161.95528433286137,7247
215.53114007608661,162.1446005575016,7248
215.39162346017784,162.33481853983852,7249
215.25106629303733,162.52593607264635,7250
215.10946773417623,162.71795091711226,7251
214.96682694396884,162.9108608015799,7252
214.82314308476884,163.10466342028192,7253
214.6784153220461,163.29935643206196,7254
214.53264282554375,163.4949374590852,7255
214.38582477045634,163.69140408553875,7256
214.23796033862888,163.88875385632085,7257
214.08904871977796,164.08698427572006,7258
213.9390891127344,164.28609280608353,7259
213.7880807267081,164.48607686647537,7260
213.63602278257557,164.6869338313248,7261
213.48291451419047,164.88866102906397,7262
213.32875516971683,165.09125574075668,7263
213.1735440129862,165.29471519871694,7264
213.01728032487836,165.4990365851181,7265
212.85996340472613,165.70421703059301,7266
212.70159257174473,165.9102536128253,7267
212.5421671664855,166.11714335513133,7268
212.38168655231476,166.3248832250343,7269
212.2201501169179,166.53347013282976,7270
212.05755727382868,166.7429009301431,7271
211.89390746398476,166.95317240847956,7272
211.72920015730847,167.16428129776702,7273
211.56343485431447,167.37622426489128,7274
211.3966110877434,167.58899791222495,7275
211.22872842422228,167.80259877615015,7276
211.05978646595176,168.01702332557497,7277
210.8897848524204,168.23226796044443,7278
210.71872326214597,168.4483290102462,7279
210.54660141444427,168.66520273251197,7280
210.37341907122521,168.8828853113139,7281
210.19917603881672,169.10137285575746,7282
210.02387216981614,169.32066139847146,7283
209.84750736496954,169.54074689409393,7284
209.67008157507865,169.76162521775726,7285
209.4915948029361,169.98329216356973,7286
209.3120471052881,170.2057434430971,7287
209.13143859482525,170.42897468384308,7288
208.94976944220141,170.6529814277292,7289
208.76703987808014,170.87775912957594,7290
208.58325019520908,171.10330315558383,7291
208.3984007505219,171.32960878181763,7292
208.21249196726797,171.55667119269168,7293
208.02552433716934,171.78448547945882,7294
207.83749842260502,172.01304663870346,7295
207.648414858822,172.242349570838,7296
207.4582743561735,172.47238907860586,7297
207.26707770238343,172.703159865589,7298
207.07482576483693,172.93465653472344,7299
206.881519492897,173.1668735868217,7300
206.68715992024656,173.39980541910361,7301
206.49174816725522,173.6334463237361,7302
206.295285443371,173.8677904863836,7303
206.097773049536,174.1028319847688,7304
205.89921238062539,174.33856478724553,7305
205.69960492790955,174.57498275138383,7306
205.49895228153866,174.81207962256946,7307
205.2972561330485,175.04984903261726,7308
205.0945182778874,175.28828449839995,7309
204.89074061796344,175.5273794204943,7310
204.6859251642109,175.7671270818437,7311
204.48007403917467,176.0075206464401,7312
204.27318947961336,176.2485531580253,7313
204.06527383911745,176.49021753881212,7314
203.85632959074442,176.73250658822857,7315
203.64635932966715,176.97541298168287,7316
203.43536577583635,177.21892926935493,7317
203.22335177665494,177.46304787500935,7318
203.010320309663,177.70776109483813,7319
202.79627448523266,177.95306109632776,7320
202.5812175492708,178.19893991715608,7321
202.36515288592892,178.44538946411842,7322
202.14808402031755,178.69240151208322,7323
201.93001462122507,178.93996770298233,7324
201.71094850383795,179.18807954483094,7325
201.49088963246177,179.43672841078572,7326
201.26984212324075,179.68590553823336,7327
201.0478102468737,179.9356020279218,7328
200.82479843132523,180.1858088431178,7329
200.60081126452988,180.4365168088314,7330
200.37585349708684,180.68771661104338,7331
200.14993004494372,180.9393987959943,7332
199.92304599206707,181.1915537695261,7333
199.69520659309694,181.4441717964473,7334
199.4664172759838,181.69724299995647,7335
199.23668364460565,181.95075736110996,7336
199.00601148136155,182.20470471833403,7337
198.77440674974085,182.4590747669927,7338
198.5418755968643,182.71385705900002,7339
198.30842435599487,182.9690410024878,7340
198.07405954901589,183.2246158615263,7341
197.83878788887284,183.48057075589708,7342
197.60261628197708,183.73689466092316,7343
197.36555183056794,183.99357640735687,7344
197.12760183503053,184.25060468132375,7345
196.88877379616605,184.50796802432626,7346
196.64907541741175,184.7656548333099,7347
196.40851460700773,185.02365336078878,7348
196.16709948010651,185.2819517150352,7349
195.92483836082326,185.5405378603331,7350
195.68173978422308,185.79939961729755,7351
195.4378124982413,186.05852466325933,7352
195.19306546553497,186.31790053271789,7353
194.94750786526072,186.57751461786307,7354
194.70114909477672,186.8373541691659,7355
194.45399877126462,187.09740629604113,7356
194.20606673326827,187.35765796758056,7357
193.957363042146,187.6180960133595,7358
193.70789798343276,187.87870712431717,7359
193.45768206810848,188.13947785371218,7360
193.20672603376948,188.40039461815263,7361
192.9550408456997,188.66144369870324,7362
192.7026376978373,188.9226112420698,7363
192.44952801363434,189.18388326186184,7364
192.1957234468053,189.44524563993357,7365
191.9412358819615,189.706684127805,7366
191.68607743512752,189.9681843481629,7367
191.43026045413708,190.22973179644254,7368
191.17379751890414,190.49131184249092,7369
190.91670144156632,190.75290973231202,7370
190.65898526649823,191.01451058989423,7371
190.40066227018997,191.27609941912036,7372
190.14174596098945,191.53766110576095,7373
189.8822500787041,191.799180419551,7374
189.62218859406016,192.06064201635013,7375
189.3615757080161,192.3220304403865,7376
189.10042585092742,192.5833301265848,7377
188.8387536815614,192.84452540297758,7378
188.57657408595705,193.1056004932009,7379
188.3139021761304,193.3665395190734,7380
188.05075328862125,193.62732650325916,7381
187.7871429828801,193.88794537201298,7382
187.5230870394925,194.14837995800963,7383
187.2586014582406,194.40861400325457,7384
186.99370245599823,194.66863116207716,7385
186.7284064644597,194.92841500420496,7386
186.46273012770067,195.18794901791847,7387
186.19669029956904,195.44721661328623,7388
185.93030404090698,195.70620112547806,7389
185.66358861660052,195.96488581815734,7390
185.3965614924599,196.22325388694964,7391
185.1292403319265,196.4812884629868,7392
184.8616429926096,196.73897261652678,7393
184.59378752265056,196.99628936064562,7394
184.32569215691723,197.2532216550018,7395
184.0573753130267,197.50975240967097,7396
183.78885558719958,197.76586448904885,7397
183.52015174994506,198.0215407158218,7398
183.25128274157922,198.27676387500196,7399
182.98226766757796,198.53151671802584,7400
182.71312579376595,198.78578196691396,7401
182.44387654134496,199.03954231849002,7402
182.17453948176126,199.29278044865632,7403
181.90513433141697,199.54547901672407,7404
181.63568094623076,199.79762066979595,7405
181.36619931604264,200.04918804719802,7406
181.09670955887398,200.30016378495884,7407
180.82723191504795,200.550530520333,7408
180.55778674116144,200.80027089636607,7409
180.2883945039258,201.0493675664982,7410
180.01907577387405,201.29780319920403,7411
179.74985121899573,201.54556048266426,7412
179.48074159806575,201.79262212946784,7413
179.21176775414406,202.03897088133994,7414
178.9429506077142,202.28458951389317,7415
178.67431114983836,202.52946084139865,7416
178.40587043518198,202.7735677215732,7417
178.13764957494436,203.01689306037983,7418
177.8696697297046,203.2594198168368,7419
177.60195210218268,203.5011310078334,7420
177.33451792992594,203.74200971294684,7421
177.0673884779282,203.9820390792581,7422
176.80058503118434,204.22120232616237,7423
176.534128887192,204.4594827501702,7424
176.26804134840324,204.69686372969574,7425
176.00234371463722,204.9333287298284,7426
175.73705727545808,205.16886130708372,7427
175.47220330252725,205.4034451141298,7428
175.2078030419369,205.63706390448547,7429
174.94387770653213,205.86970153718607,7430
174.6804484682297,206.10134198141344,7431
174.41753645034123,206.33196932108547,7432
174.15516271990725,206.56156775940227,7433
173.89334828005195,206.79012162334462,7434
173.63211406236377,207.01761536812072,7435
173.37148091931144,207.24403358155806,7436
173.11146961670227,207.46936098843625,7437
172.8521008261909,207.6935824547571,7438
172.59339511784407,207.9166829919488,7439
172.3353729527723,208.138647761,7440
172.07805467583222,208.3594620765209,7441
171.82146050840936,208.5791114107273,7442
171.56561054128724,208.7975813973449,7443
171.31052472761064,209.01485783543006,7444
171.05622287594863,209.23092669310424,7445
170.80272464346578,209.44577411119883,7446
170.55004952920643,209.6593864068071,7447
170.29821686750012,209.87175007674122,7448
170.04724582149223,210.08285180089098,7449
169.79715537680815,210.2926784454809,7450
169.54796433535512,210.50121706622528,7451
169.29969130926747,210.70845491137615,7452
169.0523547150017,210.91437942466402,7453
168.80597276758496,211.11897824812783,7454
168.56056347502295,211.32223922483294,7455
168.3161446328715,211.5241504014749,7456
168.0727338189753,211.72470003086724,7457
167.83034838838003,211.92387657431175,7458
167.58900546841858,212.12166870384985,7459
167.3487219539781,212.31806530439388,7460
167.10951450294866,212.51305547573642,7461
166.87139953185775,212.70662853443758,7462
166.6343932116934,212.89877401558894,7463
166.39851146391698,213.08948167445317,7464
166.16376995666988,213.27874148797918,7465
165.9301841011739,213.46654365619221,7466
165.69776904832818,213.65287860345867,7467
165.46653968550345,213.83773697962528,7468
165.2365106335347,214.02110966103308,7469
165.00769624391256,214.202987751406,7470
164.7801105961749,214.38336258261452,7471
164.55376749549728,214.56222571531475,7472
164.32868047048336,214.7395689394639,7473
164.10486277115447,214.91538427471218,7474
163.88232736713746,215.08966397067263,7475
163.66108694605035,215.2624005070697,7476
163.44115391208413,215.4335865937675,7477
163.22254038478022,215.603215170679,7478
163.00525819800052,215.7712794075579,7479
162.7893188990901,215.93777270367457,7480
162.57473374822823,216.10268868737683,7481
162.36151371796782,216.26602121553876,7482
162.14966949295902,216.42776437289794,7483
161.93921146985477,216.58791247128397,7484
161.73014975739642,216.74646004873986,7485
161.52249417667448,216.90340186853837,7486
161.31625426156353,217.05873291809573,7487
161.11143925932583,217.21244840778468,7488
160.9080581313818,217.36454376964966,7489
160.70611955424252,217.51501465602576,7490
160.5056319206016,217.66385693806484,7491
160.3066033405811,217.8110667041707,7492
160.1090416431293,217.95664025834594,7493
159.91295437756432,218.10057411845358,7494
159.7183488152609,218.24286501439565,7495
159.52523195147538,218.38350988621175,7496
159.33361050730463,218.52250588210026,7497
159.1434909317743,218.65985035636493,7498
158.95487940405278,218.79554086728962,7499
158.7677818357852,218.92957517494457,7500
158.58220387354362,219.0619512389259,7501
158.3981509013889,219.19266721603253,7502
158.21562804353937,219.32172145788252,7503
158.03464016714184,219.44911250847193,7504
157.85519188514013,219.57483910167915,7505
157.67728755923707,219.69890015871738,7506
157.50093130294465,219.82129478553858,7507
157.32612698471826,219.94202227019096,7508
157.15287823117055,220.06108208013342,7509
156.9811884303598,220.17847385950986,7510
156.8110607351488,220.2941974263853,7511
156.64249806662997,220.4082527699477,7512
156.47550311761185,220.5206400476772,7513
156.3100783561626,220.63135958248606,7514
156.14622602920699,220.74041185983177,7515
155.98394816617187,220.84779752480577,7516
155.82324658267635,220.95351737920072,7517
155.66412288426233,221.05757237855858,7518
155.50657847016177,221.1599636292018,7519
155.3506145370969,221.26069238525054,7520
155.19623208310855,221.35976004562804,7521
155.0434319114101,221.45716815105604,7522
154.89221463426261,221.5529183810434,7523
154.74258067686785,221.64701255086956,7524
154.59453028127567,221.7394526085647,7525
154.44806351030218,221.83024063188967,7526
154.3031802514559,221.91937882531678,7527
154.15988022086816,222.00686951701397,7528
154.01816296722487,222.09271515583404,7529
153.8780278756969,222.17691830831112,7530
153.73947417186562,222.2594816556655,7531
153.60250092564155,222.34040799081953,7532
153.46710705517256,222.41970021542542,7533
153.3332913307397,222.49736133690715,7534
153.2010523786381,222.57339446551748,7535
153.07038868503997,222.64780281141202,7536
152.941298599838,222.72058968174196,7537
152.81378034046693,222.79175847776588,7538
152.6878319957007,222.86131269198324,7539
152.5634515294238,222.92925590528966,7540
152.44063678437425,222.99559178415598,7541
152.3193854858571,223.06032407783186,7542
152.1996952454262,223.12345661557507,7543
152.08156356453267,223.1849933039074,7544
151.96498783813897,223.24493812389852,7545
151.84996535829643,223.30329512847817,7546
151.73649331768544,223.36006843977796,7547
151.62456881311684,223.41526224650312,7548
151.5141888489931,223.46888080133587,7549
151.40535034072852,223.52092841836986,7550
151.29805011812743,223.57140947057704,7551
151.19228492871875,223.620328387308,7552
151.08805144104707,223.66768965182513,7553
150.98534624791876,223.71349779887,7554
150.88416586960233,223.75775741226562,7555
150.78450675698286,223.8004731225527,7556
150.68636529466954,223.84164960466197,7557
150.5897378040558,223.8812915756215,7558
150.49462054633165,223.91940379230022,7559
150.401009725448,223.95599104918725,7560
150.3089014910322,223.9910581762078,7561
150.21829194125476,224.02461003657513,7562
150.12917712564715,224.05665152467978,7563
150.04155304787022,224.08718756401484,7564
149.95541566843323,224.11622310513826,7565
149.87076090736343,224.14376312367213,7566
149.7875846468262,224.16981261833863,7567
149.7058827336955,224.1943766090327,7568
149.62565098207526,224.21746013493174,7569
149.54688517577088,224.2390682526414,7570
149.46958107071217,224.2592060343789,7571
149.39373439732665,224.2778785661918,7572
149.31934086286427,224.2950909462136,7573
149.24639615367386,224.31084828295545,7574
149.17489593743053,224.32515569363346,7575
149.10483586531586,224.33801830253216,7576
149.03621157414986,224.34944123940298,7577
148.96901868847573,224.3594296378983,7578
148.9032528225978,224.36798863404016,7579
148.8389095825731,224.37512336472398,7580
148.7759845681562,224.38083896625616,7581
148.71447337469908,224.38514057292636,7582
148.65437159500556,224.38803331561283,7583
148.59567482114107,224.3895223204215,7584
148.53837864619805,224.38961270735805,7585
148.482478666018,224.38830958903273,7586
148.42797048087033,224.38561806939717,7587
148.37484969708842,224.38154324251335,7588
148.3231119286639,224.37609019135405,7589
148.27275279879956,224.3692639866344,7590
148.22376794142082,224.3610696856742,7591
148.17615300264796,224.35151233129042,7592
148.1299036422275,224.34059695071974,7593
148.0850155349255,224.32832855457045,7594
148.0414843718818,224.31471213580352,7595
147.99930586192644,224.29975266874237,7596
147.9584757328593,224.28345510811042,7597
147.91898973269264,224.26582438809695,7598
147.8808436308578,224.24686542144997,7599
147.84403321937668,224.22658309859602,7600
147.80855431399831,224.2049822867865,7601
147.77440275530142,224.18206782926995,7602
147.74157440976336,224.15784454449008,7603
147.71006517079633,224.13231722530875,7604
147.67987095975133,224.10549063825368,7605
147.65098772689046,224.07736952279072,7606
147.62341145232813,224.04795859061957,7607
147.59713814694206,224.01726252499319,7608
147.57216385325438,223.98528598006027,7609
147.54848464628358,223.95203358022994,7610
147.52609663436792,223.91750991955897,7611
147.50499595996067,223.8817195611605,7612
147.48517880039844,223.84466703663426,7613
147.46664136864212,223.80635684551748,7614
147.44937991399198,223.7667934547565,7615
147.4333907227771,223.7259812981983,7616
147.41867011901942,223.68392477610197,7617
147.40521446507387,223.64062825466934,7618
147.39302016224366,223.59609606559437,7619
147.38208365137302,223.55033250563145,7620
147.37240141341655,223.50334183618156,7621
147.36396996998633,223.45512828289648,7622
147.35678588387702,223.40569603530008,7623
147.3508457595701,223.35504924642694,7624
147.34614624371682,223.30319203247777,7625
147.34268402560102,223.25012847249073,7626
147.34045583758206,223.1958626080294,7627
147.3394584555186,223.1403984428858,7628
147.33968869917305,223.08373994279935,7629
147.34114343259807,223.02589103519034,7630
147.34381956450486,222.96685560890856,7631
147.3477140486138,222.90663751399592,7632
147.35282388398835,222.84524056146347,7633
147.35914611535193,222.78266852308218,7634
147.36667783338865,222.7189251311871,7635
147.37541617502836,222.65401407849467,7636
147.38535832371593,222.58793901793342,7637
147.39650150966585,222.52070356248686,7638
147.40884301010163,222.45231128504886,7639
147.4223801494814,222.3827657182916,7640
147.4371102997092,222.31207035454491,7641
147.45303088033288,222.2402286456875,7642
147.47013935872843,222.1672440030496,7643
147.48843325027187,222.09311979732695,7644
147.50791011849788,222.01785935850543,7645
147.52856757524657,221.94146597579675,7646
147.55040328079824,221.8639428975845,7647
147.57341494399617,221.7852933313807,7648
147.59760032235815,221.70552044379252,7649
147.6229572221769,221.6246273604986,7650
147.64948349860936,221.54261716623583,7651
147.6771770557558,221.45949290479504,7652
147.70603584672793,221.37525757902665,7653
147.7360578737074,221.28991415085537,7654
147.76724118799422,221.20346554130396,7655
147.79958389004514,221.1159146305264,7656
147.83308412950325,221.0272642578493,7657
147.86774010521742,220.9375172218226,7658
147.9035500652535,220.8466762802783,7659
147.94051230689593,220.75474415039838,7660
147.9786251766409,220.6617235087903,7661
148.0178870701811,220.56761699157133,7662
148.05829643238152,220.47242719446095,7663
148.0998517572477,220.37615667288088,7664
148.1425515878851,220.27880794206374,7665
148.1863945164511,220.18038347716922,7666
148.2313791840985,220.08088571340818,7667
148.27750428091196,219.98031704617443,7668
148.32476854583604,219.87867983118454,7669
148.3731707665963,219.77597638462487,7670
148.42270977961212,219.67220898330663,7671
148.47338446990312,219.5673798648283,7672
148.52519377098733,219.46149122774548,7673
148.57813666477253,219.35454523174892,7674
148.63221218144014,219.24654399784902,7675
148.68741939932212,219.13748960856896,7676
148.74375744477044,219.0273841081444,7677
148.8012254920195,218.91622950273123,7678
148.85982276304165,218.80402776062084,7679
148.91954852739497,218.6907808124626,7680
148.98040210206474,218.57649055149423,7681
149.042382851297,218.4611588337794,7682
149.10549018642521,218.34478747845355,7683
149.16972356569022,218.2273782679767,7684
149.23508249405197,218.10893294839448,7685
149.3015665229948,217.98945322960685,7686
149.36917525032493,217.86894078564433,7687
149.43790831996088,217.74739725495266,7688
149.50776542171593,217.62482424068529,7689
149.57874629107357,217.50122331100357,7690
149.6508507089547,217.37659599938587,7691
149.7240785014777,217.25094380494414,7692
149.79842953970996,217.1242681927497,7693
149.87390373941204,216.99657059416674,7694
149.95050106077315,216.86785240719507,7695
150.0282215081388,216.73811499682117,7696
150.10706512972985,216.60735969537845,7697
150.18703201735275,216.47558780291632,7698
150.26812230610165,216.34280058757855,7699
150.35033617405102,216.20899928599093,7700
150.43367384193937,216.07418510365824,7701
150.51813557284373,215.93835921537132,7702
150.60372167184468,215.80152276562345,7703
150.69043248568124,215.6636768690372,7704
150.7782684023966,215.52482261080115,7705
150.8672298509728,215.38496104711726,7706
150.95731730095562,215.24409320565863,7707
151.0485312620685,215.10222008603844,7708
151.14087228381564,214.9593426602894,7709
151.2343409550738,214.8154618733551,7710
151.3289379036726,214.67057864359242,7711
151.42466379596317,214.52469386328573,7712
151.5215193363745,214.37780839917335,7713
151.6195052669574,214.229923092986,7714
151.71862236691598,214.08103876199792,7715
151.81887145212576,213.93115619959062,7716
151.92025337463832,213.78027617582993,7717
152.02276902217247,213.6283994380562,7718
152.12641931759114,213.47552671148816,7719
152.23120521836333,213.3216586998409,7720
152.33712771601205,213.16679608595783,7721
152.44418783554593,213.01093953245746,7722
152.5523866348759,212.8540896823948,7723
152.66172520421517,212.6962471599383,7724
152.77220466546294,212.53741257106196,7725
152.883826171571,212.37758650425354,7726
152.99659090589293,212.21676953123912,7727
153.11050008151506,212.05496220772395,7728
153.22555494056945,211.8921650741504,7729
153.34175675352753,211.72837865647335,7730
153.45910681847477,211.56360346695305,7731
153.577606460365,211.39784000496633,7732
153.69725703025472,211.2310887578358,7733
153.81805990451608,211.06335020167862,7734
153.94001648402866,210.89462480227374,7735
154.06312819334914,210.7249130159495,7736
154.187396479858,210.55421529049096,7737
154.31282281288372,210.38253206606757,7738
154.43940868280268,210.20986377618223,7739
154.56715560011486,210.03621084864128,7740
154.6960650944947,209.86157370654655,7741
154.82613871381628,209.68595276930932,7742
154.95737802315227,209.50934845368735,7743
155.08978460374644,209.33176117484476,7744
155.2233600519581,209.15319134743532,7745
155.35810597817908,208.97363938671026,7746
155.49402400572149,208.79310570965004,7747
155.6311157696764,208.61159073612137,7748
155.76938291574223,208.4290948900595,7749
155.9088270990224,208.24561860067638,7750
156.04944998279183,208.06116230369526,7751
156.1912532372307,207.87572644261198,7752
156.334238538126,207.68931146998352,7753
156.47840756553921,207.50191784874445,7754
156.62376200243972,207.31354605355136,7755
156.77030353330343,207.1241965721563,7756
156.91803384267564,206.933869906809,7757
157.06695461369742,206.742566575689,7758
157.21706752659483,206.55028711436776,7759
157.36837425713065,206.3570320773013,7760
157.52087647501705,206.16280203935383,7761
157.6745758422891,205.96759759735306,7762
157.82947401163855,205.77141937167704,7763
157.98557262470635,205.57426800787363,7764
158.14287331033398,205.37614417831279,7765
158.30137768277262,205.17704858387174,7766
158.4610873398491,204.9769819556543,7767
158.62200386108842,204.7759450567438,7768
158.78412880579202,204.5739386839904,7769
158.94746371107067,204.370963669834,7770
159.11201008983184,204.16702088416113,7771
159.27776942872077,203.96211123619858,7772
159.44474318601408,203.75623567644226,7773
159.61293278946604,203.54939519862245,7774
159.78233963410617,203.34159084170565,7775
159.952965079988,203.13282369193325,7776
160.124810449888,202.92309488489758,7777
160.29787702695484,202.7124056076546,7778
160.47216605230685,202.50075710087526,7779
160.64767872257957,202.2881506610336,7780
160.82441618742007,202.07458764263367,7781
161.0023795469299,201.86006946047422,7782
161.1815698490549,201.64459759195168,7783
161.3619880869218,201.42817357940137,7784
161.54363519612113,201.21079903247755,7785
161.72651205193628,200.9924756305715,7786
161.9106194665183,200.7732051252683,7787
162.09595818600593,200.55298934284176,7788
162.2825288875907,200.33183018678793,7789
162.4703321765274,200.10972964039658,7790
162.65936858308896,199.88668976936077,7791
162.8496385594663,199.66271272442435,7792
163.0411424766127,199.43780074406655,7793
163.23388062103265,199.21195615722436,7794
163.42785319151622,198.98518138605118,7795
163.62306029581714,198.75747894871267,7796
163.81950194727702,198.52885146221743,7797
164.01717806139433,198.29930164528426,7798
164.2160884523391,198.06883232124346,7799
164.4162328294139,197.83744642097273,7800
164.61761079346124,197.60514698586618,7801
164.82022183321817,197.37193717083633,7802
165.02406532161845,197.1378202473477,7803
165.22914051204387,196.9027996064813,7804
165.43544653452415,196.66687876202892,7805
165.64298239188764,196.43006135361657,7806
165.85174695586312,196.19235114985506,7807
166.06173896313416,195.9537520515172,7808
166.27295701134736,195.7142680947401,7809
166.4853995550748,195.47390345425097,7810
166.69906490173398,195.23266244661534,7811
166.91395120746515,194.99054953350552,7812
167.13005647296845,194.74756932498818,7813
167.34737853930272,194.50372658282907,7814
167.5659150836477,194.25902622381275,7815
167.78566361503144,194.01347332307577,7816
168.00662147002603,193.76707311745125,7817
168.2287858084127,193.51983100882222,7818
168.45215360881977,193.27175256748174,7819
168.6767216643357,193.0228435354978,7820
168.9024865780995,192.77310983007973,7821
169.1294447588727,192.52255754694409,7822
169.35759241659417,192.27119296367746,7823
169.5869255579224,192.01902254309258,7824
169.81743998176788,191.76605293657602,7825
170.04913127481916,191.51229098742326,7826
170.2819948070669,191.25774373415885,7827
170.51602572732784,191.00241841383786,7828
170.75121895877527,190.74632246532587,7829
170.98756919447837,190.4894635325532,7830
171.22507089295416,190.23184946774072,7831
171.46371827373906,189.97348833459276,7832
171.70350531298175,189.71438841145402,7833
171.9444257390637,189.45455819442572,7834
172.18647302825187,189.19400640043816,7835
172.42964040038945,188.93274197027424,7836
172.67392081462728,188.67077407154105,7837
172.9193069652051,188.40811210158375,7838
173.16579127728497,188.14476569033934,7839
173.41336590284354,187.8807447031232,7840
173.66202271663047,187.61605924334648,7841
173.9117533121956,187.35071965515755,7842
174.16254899799466,187.08473652600452,7843
174.41440079357687,186.81812068911213,7844
174.66729942586255,186.5508832258696,7845
174.92123532551554,186.28303546812396,7846
175.1761986234187,186.01458900037431,7847
175.43217914725807,185.74555566185984,7848
175.68916641822267,185.47594754854026,7849
175.9471496478259,185.2057770149594,7850
176.20611773485763,184.93505667599052,7851
176.46605926247224,184.66379940845377,7852
176.72696249541752,184.39201835260582,7853
176.98881537741897,184.11972691349234,7854
177.25160552871526,183.84693876215835,7855
177.51532024376317,183.5736678367146,7856
177.77994648911192,183.29992834325077,7857
178.0454709014558,183.02573475659216,7858
178.31187978587315,182.751101820895,7859
178.57915911426036,182.47604455007476,7860
178.84729452395868,182.2005782280628,7861
179.11627131659773,181.92471840888464,7862
179.386074457142,181.6484809165591,7863
179.65668857316945,181.37188184480888,7864
179.92809795436776,181.09493755658139,7865
180.20028655223678,180.8176646833718,7866
180.47323798014327,180.54008012435074,7867
180.74693551343566,180.26220104528198,7868
181.02136208998002,179.98404487726089,7869
181.29650031086584,179.70562931509699,7870
181.57233244139584,179.4269723158277,7871
181.84884041234895,179.1480920965592,7872
182.12600582150722,178.86900713242167,7873
182.4038099354699,178.58973615416207,7874
182.68223369174302,178.31029814553645,7875
182.9612577011194,178.03071234046857,7876
183.24086225034918,177.7509982199745,7877
183.5210273051026,177.47117550885596,7878
183.80173251323185,177.19126417215332,7879
184.08295720833084,176.91128441136377,7880
184.36468041359782,176.63125666041935,7881
184.64688084600212,176.351201581425,7882
184.92953692075614,176.0711400601586,7883
185.2126267560929,175.79109320132895,7884
185.49612817835063,175.51108232359653,7885
185.7800187273647,175.23112895435375,7886
186.06427566216482,174.95125482426894,7887
186.34887596697865,174.67148186159358,7888
186.633796357538,174.3918321862357,7889
186.91901328768793,174.11232810360156,7890
187.2045029562943,173.83299209820802,7891
187.49024131444781,173.55384682706892,7892
187.77620407296087,173.2749151128593,7893
188.06236671015228,172.99621993686054,7894
188.34870447991574,172.71778443169177,7895
188.63519242006723,172.4396318738318,7896
188.92180536096436,172.1617856759363,7897
189.20851793439263,171.884269378957,7898
189.4953045827104,171.6071066440676,7899
189.78213956824627,171.33032124440348,7900
190.06899698294023,171.0539370566219,7901
190.3558507582208,170.7779780522892,7902
190.64267467510822,170.50246828910403,7903
190.92944237453446,170.2274319019626,7904
191.21612736787142,169.95289309387542,7905
191.5027030476549,169.6788761267441,7906
191.78914269849483,169.40540531200588,7907
192.0754195081599,169.13250500115728,7908
192.36150657882507,168.86019957616406,7909
192.64737693846973,168.58851343976895,7910
192.9330035524144,168.31747100570647,7911
193.21835933498204,168.0470966888354,7912
193.503417161273,167.77741489519923,7913
193.78814987903743,167.50845001202558,7914
194.07253032063392,167.24022639767554,7915
194.35653131505867,166.97276837155366,7916
194.6401257000323,166.70610020399033,7917
194.92328633412927,166.44024610610757,7918
195.20598610893563,166.17523021967986,7919
195.48819796122035,165.91107660700143,7920
195.76989488510662,165.64780924077172,7921
196.05104994422658,165.3854519940104,7922
196.33163628384636,165.124028630014,7923
196.61162714294645,164.8635627923652,7924
196.89099586624164,164.60407799500635,7925
197.1697159161278,164.34559761238955,7926
197.44776088453958,164.08814486971292,7927
197.7251045047051,163.83174283325656,7928
198.00172066278418,163.57641440082682,7929
198.27758340937555,163.32218229232188,7930
198.5526669708791,163.06906904042816,7931
198.82694576070097,162.81709698145832,7932
199.10039439028728,162.5662882463413,7933
199.3729876799741,162.31666475177403,7934
199.64470066964148,162.06824819154514,7935
199.91550862915946,161.82106002803923,7936
200.18538706861423,161.5751214839314,7937
200.45431174830335,161.33045353408082,7938
200.7222586884898,161.0870768976311,7939
200.98920417890366,160.84501203032633,7940
201.25512478798268,160.60427911704983,7941
201.51999737184195,160.36489806459286,7942
201.7837990829638,160.12688849466056,7943
202.0465073786004,159.89026973712106,7944
202.30810002888077,159.655060823504,7945
202.5685551246156,159.4212804807538,7946
202.82785108479314,159.18894712524292,7947
203.08596666376022,158.95807885704968,7948
203.34288095808336,158.7286934545048,7949
203.59857341308506,158.50080836901023,7950
203.85302382905087,158.27444072013395,7951
204.10621236710406,158.04960729098315,7952
204.3581195547449,157.82632452385778,7953
204.60872629105165,157.6046085161874,7954
204.85801385154235,157.38447501675134,7955
205.1059638926952,157.16593942218464,7956
205.3525584561274,156.9490167737685,7957
205.59777997243253,156.73372175450717,7958
205.84161126467652,156.5200686864891,7959
206.08403555155283,156.30807152853316,7960
206.32503645019972,156.09774387411713,7961
206.56459797867996,155.88909894958826,7962
206.8027045581263,155.68214961265298,7963
207.03934101455633,155.47690835114327,7964
207.27449258035838,155.27338728205768,7965
207.50814489545425,155.0715981508729,7966
207.74028400814194,154.87155233112293,7967
207.9708963756235,154.67326082424213,7968
208.19996886422297,154.4767342596674,7969
208.4274887492999,154.28198289519565,7970
208.6534437148647,154.08901661759148,7971
208.8778218529009,153.89784494344008,7972
209.10061166240217,153.70847702024028,7973
209.32180204812977,153.52092162773218,7974
209.54138231909772,153.3351871794535,7975
209.75934218679328,153.15128172451873,7976
209.97567176313973,152.96921294961535,7977
210.19036155820945,152.78898818121039,7978
210.40340247769478,152.61061438796114,7979
210.61478582014524,152.43409818332339,7980
210.82450327397828,152.25944582835047,7981
211.03254691427307,152.08666323467648,7982
211.23890919935454,151.91575596767652,7983
211.4435829671769,151.74672924979728,7984
211.64656143151424,151.57958796405103,7985
211.84783817796796,151.41433665766513,7986
212.0474071597983,151.2509795458815,7987
212.24526269358935,151.08952051589753,7988
212.44139945475595,150.92996313094193,7989
212.63581247290048,150.77231063447852,7990
212.82849712702875,150.61656595453093,7991
213.01944914063287,150.46273170812051,7992
213.20866457664962,150.31081020581166,7993
213.39613983230265,150.16080345635646,7994
213.5818716338364,150.01271317143247,7995
213.7658570311504,149.86654077046694,7996
213.94809339234078,149.72228738554008,7997
214.12857839815825,149.57995386636185,7998
214.30731003638897,149.43954078531482,7999
214.48428659616647,149.3010484425572,8000
214.6595066622218,149.1644768711798,8001
214.83296910907916,149.02982584241076,8002
215.0046730952043,148.89709487086176,8003
215.1746180571118,148.76628321981053,8004
215.34280370343865,148.63738990651325,8005
215.50923000899076,148.5104137075415,8006
215.67389720876758,148.3853531641387,8007
215.8368057919725,148.26220658759038,8008
215.99795649601333,148.14097206460318,8009
216.15735030050047,148.02164746268775,8010
216.31498842124597,147.90423043554117,8011
216.47087230427127,147.78871842842338,8012
216.62500361982669,147.67510868352394,8013
216.777384256429,147.56339824531446,8014
216.9280163149207,147.45358396588284,8015
217.0769021025569,147.34566251024503,8016
217.22404412712223,147.2396303616307,8017
217.36944509108395,147.13548382673935,8018
217.51310788578363,147.03321904096305,8019
217.65503558567175,146.93283197357283,8020
217.79523144258908,146.83431843286527,8021
217.93369888009732,146.73767407126678,8022
218.07044148786306,146.64289439039203,8023
218.2054630160974,146.5499747460546,8024
218.33876737005454,146.458910353227,8025
218.47035860459133,146.36969629094727,8026
218.60024091879077,146.28232750717106,8027
218.7284186506519,146.1967988235658,8028
218.85489627184708,146.11310494024593,8029
218.97967838255028,146.03124044044708,8030
219.10276970633655,145.95119979513748,8031
219.22417508515554,145.8729773675652,8032
219.34389947437958,145.7965674177397,8033
219.46194793792907,145.72196410684657,8034
219.57832564347422,145.64916150159397,8035
219.69303785771663,145.5781535784903,8036
219.80608994174995,145.50893422805126,8037
219.91748734650096,145.44149725893675,8038
220.0272356082522,145.37583640201552,8039
220.13534034424615,145.3119453143578,8040
220.24180724837143,145.2498175831556,8041
220.34664208693218,145.18944672956917,8042
220.44985069449962,145.13082621250044,8043
220.5514389698473,145.07394943229258,8044
220.65141287196897,145.01880973435576,8045
220.74977841617985,144.9654004127187,8046
220.84654167030084,144.9137147135066,8047
220.94170875092541,144.86374583834467,8048
221.03528581976923,144.81548694768838,8049
221.1272790801019,144.76893116407985,8050
221.21769477326066,144.724071575331,8051
221.30653917524535,144.68090123763355,8052
221.39381859339406,144.63941317859684,8053
221.47953936313945,144.59960040021292,8054
221.56370784484426,144.5614558817505,8055
221.64633042071597,144.52497258257733,8056
221.72741349179958,144.49014344491212,8057
221.8069634750478,144.45696139650673,8058
221.88498680046777,144.42541935325872,8059
221.96148990834357,144.39551022175542,8060
222.03647924653353,144.36722690175012,8061
222.10996126784144,144.3405622885713,8062
222.1819424274606,144.31550927546513,8063
222.25242918048994,144.29206075587268,8064
222.321427979521,144.27020962564265,8065
222.38894527229488,144.24994878517958,8066
222.454987499428,144.2312711415299,8067
222.51956109220563,144.2141696104053,8068
222.58267247044205,144.19863711814537,8069
222.6443280404066,144.1846666036195,8070
222.7045341928139,144.17225102007018,8071
222.7632973008775,144.16138333689727,8072
222.82062371842602,144.1520565413852,8073
222.87651977808008,144.14426364037377,8074
222.93099178948952,144.13799766187347,8075
222.98404603762918,144.13325165662602,8076
223.03568878115257,144.13001869961192,8077
223.08592625080203,144.12829189150497,8078
223.13476464787436,144.12806436007565,8079
223.18221014274062,144.12932926154352,8080
223.22826887341938,144.1320797818804,8081
223.2729469442015,144.13630913806466,8082
223.3162504243263,144.14201057928804,8083
223.35818534670733,144.1491773881157,8084
223.3987577067067,144.15780288160047,8085
223.43797346095724,144.16788041235262,8086
223.475838526231,144.17940336956536,8087
223.51235877835313,144.192365179998,8088
223.5475400511602,144.20675930891667,8089
223.581388135502,144.2225792609944,8090
223.61390877828498,144.23981858117082,8091
223.64510768155768,144.2584708554728,8092
223.67499050163576,144.2785297117969,8093
223.7035628482666,144.29998882065397,8094
223.7308302838318,144.32284189587773,8095
223.75679832258706,144.3470826952973,8096
223.78147242993833,144.37270502137505,8097
223.80485802175332,144.39970272181023,8098
223.8269604637071,144.4280696901097,8099
223.8477850706615,144.457799866126,8100
223.86733710607695,144.48888723656424,8101
223.88562178145574,144.5213258354575,8102
223.90264425581665,144.555109744613,8103
223.91840963519877,144.59023309402838,8104
223.9329229721951,144.6266900622798,8105
223.94618926551402,144.664474876882,8106
223.9582134595684,144.70358181462146,8107
223.96900044409142,144.74400520186296,8108
223.97855505377802,144.78573941483077,8109
223.98688206795194,144.8287788798643,8110
223.99398621025688,144.87311807364986,8111
223.99987214837122,144.91875152342843,8112
224.0045444937462,144.96567380718017,8113
224.00800780136584,145.013879553787,8114
224.01026656952874,145.06336344317248,8115
224.01132523965083,145.1141202064212,8116
224.0111881960883,145.16614462587688,8117
224.00985976598034,145.2194315352203,8118
224.00734421911062,145.27397581952812,8119
224.00364576778762,145.32977241531188,8120
223.99876856674257,145.38681631053902,8121
223.9927167130448,145.44510254463546,8122
223.9854942460336,145.5046262084708,8123
223.97710514726666,145.56538244432616,8124
223.96755334048368,145.62736644584558,8125
223.9568426915859,145.69057345797137,8126
223.94497700862928,145.75499877686312,8127
223.93196004183275,145.82063774980205,8128
223.9177954835997,145.8874857750801,8129
223.90248696855295,145.95553830187444,8130
223.8860380735823,146.02479083010797,8131
223.86845231790474,146.09523891029616,8132
223.8497331631364,146.16687814338025,8133
223.82988401337616,146.23970418054756,8134
223.80890821530068,146.3137127230392,8135
223.78680905826965,146.38889952194518,8136
223.7635897744421,146.46526037798768,8137
223.73925353890246,146.54279114129233,8138
223.71380346979643,146.62148771114832,8139
223.68724262847633,146.7013460357572,8140
223.65957401965534,146.78236211197077,8141
223.63080059157102,146.86453198501846,8142
223.6009252361568,146.94785174822402,8143
223.5699507892219,147.03231754271278,8144
223.53788003063937,147.11792555710804,8145
223.5047156845416,147.20467202721872,8146
223.47046041952325,147.29255323571687,8147
223.4351168488517,147.38156551180631,8148
223.398687530684,147.47170523088215,8149
223.361174968291,147.56296881418132,8150
223.32258161028776,147.6553527284245,8151
223.28290985087045,147.74885348544944,8152
223.24216203005935,147.84346764183616,8153
223.2003404339477,147.9391917985235,8154
223.1574472949567,148.03602260041805,8155
223.11348479209576,148.13395673599499,8156
223.06845505122848,148.23299093689076,8157
223.02236014534398,148.33312197748873,8158
222.97520209483324,148.43434667449677,8159
222.92698286777073,148.5366618865173,8160
222.8777043802011,148.64006451361058,8161
222.82736849643035,148.74455149684982,8162
222.77597702932212,148.8501198178698,8163
222.72353174059853,148.95676649840803,8164
222.67003434114557,149.06448859983882,8165
222.61548649132297,149.17328322270055,8166
222.55988980127867,149.2831475062157,8167
222.50324583126755,149.3940786278044,8168
222.4455560919745,149.50607380259027,8169
222.38682204484167,149.6191302829007,8170
222.32704510240026,149.73324535775905,8171
222.26622662860615,149.848416352371,8172
222.2043679391801,149.96464062760356,8173
222.14147030195167,150.0819155794576,8174
222.0775349372079,150.2002386385336,8175
222.01256301804543,150.3196072694907,8176
221.94655567072755,150.44001897049864,8177
221.87951397504474,150.5614712726836,8178
221.81143896467995,150.68396173956657,8179
221.74233162757776,150.8074879664954,8180
221.67219290631795,150.9320475800697,8181
221.60102369849332,151.0576382375593,8182
221.5288248570919,151.18425762631534,8183
221.4555971908835,151.31190346317464,8184
221.38134146481073,151.44057349385727,8185
221.30605840038453,151.57026549235678,8186
221.22974867608423,151.70097726032355,8187
221.15241292776253,151.83270662644114,8188
221.0740517490548,151.9654514457949,8189
220.99466569179376,152.0992095992342,8190
220.91425526642848,152.2339789927263,8191
220.83282094244896,152.36975755670395,8192
220.75036314881558,152.50654324540443,8193
220.66688227439374,152.64433403620188,8194
220.58237866839426,152.78312792893163,8195
220.49685264081887,152.9229229452067,8196
220.41030446291148,153.06371712772687,8197
220.32273436761537,153.20550853957965,8198
220.23414255003618,153.3482952635332,8199
220.14452916791095,153.49207540132124,8200
220.0538943420834,153.63684707291998,8201
219.9622381569857,153.7826084158164,8202
219.8695606611268,153.92935758426856,8203
219.77586186758725,154.07709274855694,8204
219.68114175452124,154.22581209422782,8205
219.58540026566553,154.3755138213275,8206
219.4886373108559,154.52619614362766,8207
219.39085276655072,154.6778572878424,8208
219.2920464763626,154.83049549283535,8209
219.1922182515976,154.98410900881856,8210
219.09136787180282,155.13869609654162,8211
218.9894950853221,155.2942550264713,8212
218.88659960986044,155.45078407796208,8213
218.78268113305688,155.60828153841692,8214
218.67773931306704,155.7667457024384,8215
218.57177377915409,155.92617487096962,8216
218.46478413228974,156.08656735042564,8217
218.356769945765,156.24792145181476,8218
218.2477307658105,156.41023548984938,8219
218.13766611222775,156.57350778204676,8220
218.0265754790301,156.7377366478191,8221
217.91445833509516,156.90292040755367,8222
217.80131412482808,157.06905738168155,8223
217.6871422688362,157.23614588973612,8224
217.57194216461505,157.4041842494004,8225
217.45571318724683,157.57317077554384,8226
217.3384546901106,157.74310377924735,8227
217.2201660056054,157.91398156681765,8228
217.10084644588568,158.08580243879027,8229
216.98049530361055,158.2585646889208,8230
216.85911185270584,158.43226660316523,8231
216.73669534914026,158.60690645864813,8232
216.61324503171554,158.78248252261946,8233
216.48876012287113,158.9589930513995,8234
216.36323982950321,159.13643628931206,8235
216.23668334379937,159.31481046760564,8236
216.10908984408823,159.49411380336238,8237
215.98045849570482,159.6743444983956,8238
215.8507884518725,159.85550073813408,8239
215.7200788546006,160.0375806904955,8240
215.5883288355994,160.22058250474635,8241
215.4555375172121,160.40450431035018,8242
215.32170401336396,160.58934421580364,8243
215.18682743052983,160.77510030745933,8244
215.05090686871918,160.96177064833728,8245
214.9139414224804,161.14935327692297,8246
214.77593018192348,161.33784620595347,8247
214.63687223376215,161.52724742119085,8248
214.4967666623756,161.71755488018337,8249
214.35561255089033,161.90876651101354,8250
214.21340898228217,162.10088021103468,8251
214.07015504049915,162.2938938455938,8252
213.92584981160542,162.4878052467434,8253
213.78049238494654,162.68261221193947,8254
213.63408185433687,162.87831250272862,8255
213.4866173192685,163.07490384342145,8256
213.3380978861436,163.27238391975496,8257
213.1885226695288,163.470750377542,8258
213.03789079343346,163.67000082130906,8259
212.8862013926111,163.87013281292218,8260
212.73345361388496,164.07114387020047,8261
212.57964661749784,164.2730314655188,8262
212.42477957848655,164.47579302439834,8263
212.2688516880813,164.67942592408568,8264
212.1118621551303,164.88392749212093,8265
211.95381020755022,165.0892950048949,8266
211.79469509380226,165.29552568619482,8267
211.63451608439462,165.5026167057401,8268
211.4732724734116,165.71056517770722,8269
211.31096358006928,165.9193681592444,8270
211.14758875029855,166.1290226489766,8271
210.98314735835538,166.33952558550047,8272
210.8176388084588,166.55087384587034,8273
210.65106253645678,166.76306424407468,8274
210.4834180115202,166.97609352950406,8275
210.31470473786518,167.18995838541056,8276
210.14492225650426,167.40465542735888,8277
209.9740701470259,167.62018120167025,8278
209.8021480294032,167.83653218385854,8279
209.62915556583187,168.05370477705955,8280
209.45509246259715,168.27169531045385,8281
209.2799584719705,168.4905000376834,8282
209.10375339413542,168.71011513526312,8283
208.92647707914338,168.93053670098638,8284
208.74812942889892,169.15176075232674,8285
208.56871039917473,169.3737832248353,8286
208.38822000165666,169.5965999705344,8287
208.20665830601803,169.82020675630872,8288
208.02402544202434,170.0445992622931,8289
207.84032160166686,170.26977308026002,8290
207.65554704132654,170.49572371200438,8291
207.46970208396704,170.72244656772915,8292
207.28278712135725,170.94993696442995,8293
207.0948026163229,171.17819012428177,8294
206.90574910502735,171.4072011730261,8295
206.715627199281,171.63696513836106,8296
206.52443758887907,171.8674769483348,8297
206.33218104396812,172.09873142974217,8298
206.1388584174395,172.3307233065264,8299
205.94447064735115,172.56344719818628,8300
205.7490187593759,172.79689761819012,8301
205.55250386927656,173.03106897239607,8302
205.354927185407,173.26595555748105,8303
205.15629001123867,173.50155155937983,8304
204.9565937479122,173.7378510517315,8305
204.75583989681317,173.97484799434034,8306
204.55403006217148,174.2125362316454,8307
204.35116595368345,174.45090949120564,8308
204.14724938915614,174.68996138219762,8309
203.9422822971727,174.92968539392925,8310
203.73626671977817,175.17007489436787,8311
203.5292048151842,175.41112312868913,8312
203.32109886049284,175.65282321784028,8313
203.11195125443666,175.89516815712622,8314
202.9017645201358,176.13815081481397,8315
202.69054130786944,176.3817639307608,8316
202.47828439786102,176.6260001150647,8317
202.26499670307592,176.87085184673882,8318
202.05068127203018,177.1163114724124,8319
201.83534129160847,177.36237120505808,8320
201.61898008989044,177.609023122748,8321
201.401601138983,177.85625916743749,8322
201.18320805785814,178.10407114378336,8323
200.963804615193,178.3524507179887,8324
200.74339473221187,178.60138941668671,8325
200.5219824855273,178.85087862585738,8326
200.29957210997893,179.10090958977796,8327
200.07616800146747,179.35147341001525,8328
199.85177471978275,179.60256104445358,8329
199.6263969914224,179.8541633063677,8330
199.4000397124,180.1062708635215,8331
199.17270795104008,180.3588742373499,8332
198.94440695075738,180.61196380213084,8333
198.71514213281827,180.86552978424686,8334
198.48491909908137,181.11956226147254,8335
198.25374363471565,181.37405116232267,8336
198.02162171089236,181.62898626544043,8337
197.78855948744868,181.8843571990486,8338
197.55456331552028,182.14015344044554,8339
197.31963974013962,182.39636431556093,8340
197.0837955027972,182.65297899856714,8341
196.84703754396327,182.90998651154845,8342
196.60937300556589,183.1673757242303,8343
196.37080923342347,183.42513535376872,8344
196.1313537796273,183.6832539646028,8345
195.89101440487227,183.9417199683717,8346
195.6497990807311,184.2005216238954,8347
195.40771599186982,184.459647037224,8348
195.1647735382004,184.71908416175427,8349
194.92098033696746,184.9788207984159,8350
194.67634522476544,185.23884459592924,8351
194.4308772594831,185.49914305113475,8352
194.18458572217048,185.75970350939656,8353
193.93748011882678,186.02051316508124,8354
193.6895701821038,186.2815590621121,8355
193.44086587292193,186.5428280946019,8356
193.19137738199538,186.80430700756432,8357
192.94111513126205,187.0659823977046,8358
192.69008977521554,187.32784071429208,8359
192.43831220213454,187.58986826011494,8360
192.1857935352064,187.852051192518,8361
191.93254513354123,188.11437552452546,8362
191.6785785930728,188.37682712604834,8363
191.4239057473427,188.6393917251791,8364
191.1685386681633,188.90205490957257,8365
190.91248966615774,189.1648021279158,8366
190.65577129117142,189.4276186914868,8367
190.3983963325526,189.69048977580198,8368
190.1403778192989,189.9534004223551,8369
189.88172902006482,190.21633554044655,8370
189.62246344302946,190.47927990910418,8371
189.36259483561827,190.74221817909577,8372
189.10213718407826,191.00513487503449,8373
188.841104712902,191.26801439757696,8374
188.5795118840984,191.53084102571367,8375
188.31737339630686,191.7935989191534,8376
188.05470418375174,192.05627212079995,8377
187.79151941503642,192.31884455932328,8378
187.52783449177167,192.58130005182267,8379
187.26366504703873,192.84362230658402,8380
186.99902694368265,193.10579492592913,8381
186.73393627243635,193.36780140915778,8382
186.46840934987097,193.62962515558186,8383
186.2024627161726,193.89124946765108,8384
185.93611313274366,194.15265755416934,8385
185.66937757962717,194.41383253360135,8386
185.40227325275325,194.67475743746863,8387
185.13481756100683,194.93541521383375,8388
184.8670281231157,195.19578873087198,8389
184.59892276435926,195.455860780529,8390
184.33051951309696,195.71561408226387,8391
184.0618365971165,195.97503128687492,8392
183.7928924398026,196.23409498040832,8393
183.52370565612694,196.49278768814665,8394
183.25429504845877,196.75109187867648,8395
182.98467960219855,197.00898996803278,8396
182.71487848123613,197.2664643239183,8397
182.4449110232334,197.5234972699958,8398
182.17479673473397,197.78007109025137,8399
181.90455528610389,198.0361680334257,8400
181.63420650630198,198.29177031751212,8401
181.36377037748477,198.5468601343176,8402
181.09326702945157,198.80141965408507,8403
180.82271673392415,199.05543103017425,8404
180.55213989867443,199.30887640379697,8405
180.28155706150065,199.56173790880626,8406
180.01098888406813,199.81399767653394,8407
179.7404561455038,200.06563784067484,8408
179.469979736106,200.3166405422142,8409
179.19958065059086,200.56698793439455,8410
178.92927998143858,200.8166621877191,8411
178.65909891203793,201.06564549498785,8412
178.389058709712,201.31392007636285,8413
178.11918071863772,201.56146818445896,8414
177.84948635265607,201.80827210945628,8415
177.57999708797985,202.05431418423052,8416
177.31073445580637,202.2995767894974,8417
177.04172003484155,202.54404235896703,8418
176.7729754437426,202.78769338450397,8419
176.50452233348517,203.03051242128976,8420
176.23638237966222,203.2724820929827,8421
175.9685772747231,203.51358509687125,8422
175.7011287201589,203.75380420901735,8423
175.43405841864197,203.99312228938405,8424
175.16738806612764,204.23152228694482,8425
174.90113934392537,204.46898724476873,8426
174.63533391074768,204.70550030507874,8427
174.36999339474474,204.94104471427724,8428
174.10513938553197,205.17560382793576,8429
173.84079342621908,205.40916111574415,8430
173.57697700544932,205.6417001664148,8431
173.31371154945572,205.87320469253788,8432
173.05101841414364,206.10365853538332,8433
172.7889188772061,206.33304566964551,8434
172.5274341302823,206.56135020812633,8435
172.2665852711651,206.7885564063527,8436
172.00639329606648,207.0146486671244,8437
171.7468790919486,207.2396115449885,8438
171.4880634289284,207.46342975063635,8439
171.22996695276325,207.6860881552193,8440
170.97261017742497,207.9075717945796,8441
170.71601347777042,208.12786587339286,8442
170.46019708231472,208.3469557692184,8443
170.20518106611576,208.56482703645406,8444
169.9509853437749,208.78146541019282,8445
169.69762966256306,208.9968568099769,8446
169.44513359567628,209.21098734344736,8447
169.1935165356294,209.42384330988574,8448
168.94279768779157,209.63541120364488,8449
168.69299606407202,209.84567771746663,8450
168.44413047675943,210.05462974568383,8451
168.19621953252218,210.26225438730367,8452
167.94928162657294,210.46853894897103,8453
167.70333493700414,210.67347094780925,8454
167.45839741929709,210.8770381141361,8455
167.21448680101145,211.0792283940542,8456
166.97162057665588,211.28002995191315,8457
166.72981600274724,211.47943117264262,8458
166.48909009305848,211.67742066395482,8459
166.2494596140609,211.87398725841572,8460
166.0109410805621,212.06912001538296,8461
165.77355075154273,212.26280822281123,8462
165.53730462619424,212.45504139892296,8463
165.3022184401598,212.64580929374506,8464
165.06830766197928,212.83510189051063,8465
164.83558748974093,213.02290940692572,8466
164.6040728479392,213.2092222963017,8467
164.37377838454088,213.39403124855227,8468
164.1447184682592,213.57732719105692,8469
163.91690718603644,213.7591012893899,8470
163.69035834073435,213.93934494791642,8471
163.46508544903293,214.11804981025648,8472
163.2411017395362,214.295207759617,8473
163.01842015108386,214.47081091899406,8474
162.79705333126853,214.6448516512459,8475
162.5770136351561,214.81732255903765,8476
162.35831312420825,214.98821648466117,8477
162.14096356540446,215.15752650972888,8478
161.92497643056237,215.32524595474553,8479
161.71036289585288,215.49136837855906,8480
161.49713384150851,215.65588757769194,8481
161.2852998517211,215.81879758555624,8482
161.07487121472693,215.98009267155354,8483
160.86585792307534,216.1397673400626,8484
160.65826967407747,216.29781632931702,8485
160.45211587043246,216.45423461017518,8486
160.24740562102576,216.60901738478532,8487
160.04414774189766,216.7621600851481,8488
159.84235075737672,216.91365837157946,8489
159.64202290137416,217.0635081310766,8490
159.44317211883575,217.2117054755896,8491
159.24580606734594,217.35824674020216,8492
159.0499321188806,217.5031284812235,8493
158.85555736170312,217.64634747419512,8494
158.66268860240024,217.7879007118151,8495
158.47133236805183,217.92778540178313,8496
158.28149490853127,218.06599896456876,8497
158.09318219893,218.20253903110702,8498
157.90639994210343,218.3374034404233,8499
157.72115357133185,218.47059023719123,8500
157.537448253092,218.60209766922702,8501
157.35528888993503,218.7319241849222,8502
157.17468012346492,218.86006843061915,8503
156.9956263374138,218.98652924793146,8504
156.81813166080792,219.11130567101313,8505
156.64219997122126,219.2343969237787,8506
156.46783489810988,219.35580241707837,8507
156.29503982622438,219.47552174583004,8508
156.12381789909406,219.59355468611227,8509
155.95417202257948,219.70990119222037,8510
155.7861048684878,219.82456139368898,8511
155.61961887824694,219.9375355922839,8512
155.45471626663402,220.04882425896562,8513
155.29139902555337,220.15842803082828,8514
155.1296689278604,220.2663477080156,8515
154.9695275312262,220.3725842506176,8516
154.8109761820395,220.47713877554992,8517
154.65401601934164,220.58001255341887,8518
154.49864797879022,220.6812070053744,8519
154.344872796648,220.78072369995365,8520
154.19269101379302,220.87856434991764,8521
154.04210297974615,220.9747308090829,8522
153.89310885671273,221.06922506915097,8523
153.7457086236341,221.16204925653793,8524
153.59990208024686,221.2532056292054,8525
153.45568885114503,221.34269657349628,8526
153.31306838984298,221.43052460097624,8527
153.17203998283566,221.51669234528347,8528
153.03260275365318,221.60120255898863,8529
152.89475566690646,221.68405811046637,8530
152.75849753232197,221.7652619807809,8531
152.6238270087622,221.84481726058667,8532
152.4907426082292,221.92272714704606,8533
152.3592426998495,221.99899494076593,8534
152.2293255138373,222.0736240427539,8535
152.10098914543354,222.14661795139648,8536
151.97423155881978,222.21798025946003,8537
151.84905059100336,222.2877146511159,8538
151.7254439556731,222.35582489899107,8539
151.6034092470227,222.42231486124558,8540
151.48294394354124,222.4871884786777,8541
151.3640454117676,222.55044977185773,8542
151.24671091000866,222.61210283829215,8543
151.13093759201888,222.6721518496182,8544
151.01672251064036,222.73060104883024,8545
150.90406262140164,222.78745474753865,8546
150.79295478607455,222.84271732326206,8547
150.68339577618755,222.89639321675352,8548
150.5753822764946,222.9484869293614,8549
150.4689108883988,222.99900302042553,8550
150.36397813332997,223.0479461047091,8551
150.26058045607454,223.09532084986722,8552
150.15871422805853,223.1411319739518,8553
150.0583757505812,223.185384242954,8554
149.95956125800032,223.2280824683843,8555
149.86226692086768,223.2692315048902,8556
149.76648884901425,223.30883624791227,8557
149.67222309458558,223.3469016313787,8558
149.57946565502593,223.38343262543833,8559
149.48821247601143,223.41843423423256,8560
149.39845945433242,223.45191149370615,8561
149.3102024407239,223.48386946945683,8562
149.22343724264496,223.51431325462445,8563
149.13815962700602,223.54324796781836,8564
149.05436532284529,223.57067875108484,8565
148.9720500239532,223.5966107679125,8566
148.8912093914454,223.62104920127754,8567
148.81183905628478,223.64399925172702,8568
148.73393462175193,223.66546613550148,8569
148.6574916658649,223.68545508269543,8570
148.5825057437483,223.70397133545703,8571
148.5089723899518,223.72102014622493,8572
148.43688712071847,223.73660677600378,8573
148.3662454362036,223.75073649267725,8574
148.29704282264387,223.7634145693581,8575
148.22927475447761,223.77464628277582,8576
148.16293669641618,223.78443691170088,8577
148.0980241054677,223.7927917354054,8578
148.03453243291253,223.79971603216012,8579
147.97245712623197,223.8052150777673,8580
147.91179363098993,223.80929414412861,8581
147.85253739266864,223.81195849784882,8582
147.79468385845863,223.81321339887336,8583
147.73822847900362,223.81306409916084,8584
147.683166710101,223.81151584138917,8585
147.62949401435827,223.8085738576951,8586
147.577205862806,223.80424336844698,8587
147.5262977364686,223.79852958105008,8588
147.4767651278923,223.791437688784,8589
147.42860354263223,223.78297286967188,8590
147.38180850069824,223.77314028538106,8591
147.33637553796075,223.76194508015422,8592
147.2923002075168,223.74939237977117,8593
147.24957808101746,223.7354872905406,8594
147.2082047499567,223.72023489832102,8595
147.16817582692272,223.70364026757093,8596
147.12948694681248,223.68570844042742,8597
147.09213376800955,223.6664444358129,8598
147.05611197352673,223.6458532485692,8599
147.0214172721133,223.62393984861922,8600
146.98804539932812,223.60070918015467,8601
146.95599211857908,223.5761661608505,8602
146.92525322212936,223.55031568110488,8603
146.8958245320713,223.52316260330426,8604
146.86770190126865,223.49471176111354,8605
146.84088121426765,223.46496795879042,8606
146.81535838817766,223.43393597052363,8607
146.7911293735219,223.40162053979472,8608
146.76819015505882,223.3680263787626,8609
146.74653675257545,223.33315816767092,8610
146.72616522165208,223.29702055427737,8611
146.70707165439998,223.25961815330464,8612
146.6892521801724,223.22095554591286,8613
146.67270296624895,223.1810372791925,8614
146.6574202184951,223.13986786567787,8615
146.64340018199604,223.09745178288063,8616
146.6306391416665,223.05379347284267,8617
146.61913342283663,223.00889734170843,8618
146.60887939181447,222.96276775931574,8619
146.5998734564258,222.9154090588051,8620
146.59211206653177,222.86682553624698,8621
146.58559171452467,222.81702145028675,8622
146.58030893580298,222.7660010218067,8623
146.57626030922515,222.71376843360505,8624
146.57344245754388,222.66032783009135,8625
146.57185204782027,222.60568331699818,8626
146.5714857918192,222.54983896110835,8627
146.57234044638577,222.49279878999803,8628
146.5744128138035,222.4345667917944,8629
146.57769974213517,222.37514691494863,8630
146.5821981255459,222.31454306802297,8631
146.58790490460964,222.25275911949214,8632
146.59481706659915,222.18979889755855,8633
146.60293164575998,222.1256661899811,8634
146.6122457235689,222.0603647439172,8635
146.62275642897694,221.99389826577777,8636
146.63446093863803,221.92627042109478,8637
146.6473564771226,221.85748483440167,8638
146.6614403171178,221.78754508912542,8639
146.6767097796136,221.71645472749066,8640
146.69316223407543,221.64421725043573,8641
146.71079509860454,221.57083611753984,8642
146.72960584008467,221.4963147469614,8643
146.7495919743173,221.42065651538744,8644
146.77075106614433,221.34386475799388,8645
146.79308072955905,221.265942768416,8646
146.81657862780622,221.18689379872953,8647
146.84124247347017,221.10672105944147,8648
146.8670700285527,221.02542771949132,8649
146.8940591045402,220.94301690626176,8650
146.92220756246013,220.85949170559894,8651
146.9515133129279,220.77485516184205,8652
146.98197431618334,220.68911027786254,8653
147.01358858211827,220.60226001511177,8654
147.0463541702937,220.51430729367817,8655
147.08026918994864,220.42525499235296,8656
147.11533179999958,220.33510594870435,8657
147.15154020903103,220.24386295916077,8658
147.18889267527786,220.1515287791018,8659
147.2273875065986,220.05810612295798,8660
147.26702306044098,219.96359766431868,8661
147.30779774379909,219.86800603604777,8662
147.34971001316234,219.7713338304077,8663
147.39275837445726,219.67358359919112,8664
147.43694138298068,219.57475785386072,8665
147.48225764332597,219.47485906569622,8666
147.52870580930153,219.37388966595003,8667
147.57628458384198,219.27185204600949,8668
147.62499271891187,219.1687485575674,8669
147.6748290154025,219.06458151279978,8670
147.7257923230212,218.95935318455125,8671
147.777881540174,218.85306580652804,8672
147.8310956138408,218.745721573498,8673
147.8854335394441,218.6373226414985,8674
147.94089436071016,218.52787112805157,8675
147.99747716952407,218.4173691123864,8676
148.05518110577725,218.30581863566937,8677
148.11400535720847,218.19322170124153,8678
148.17394915923788,218.07958027486342,8679
148.23501179479445,217.96489628496747,8680
148.297192594136,217.8491716229178,8681
148.3604909346631,217.7324081432777,8682
148.42490624072533,217.61460766408456,8683
148.49043798342123,217.49577196713247,8684
148.55708568039066,217.37590279826264,8685
148.62484889560068,217.25500186766138,8686
148.69372723912386,217.133070850166,8687
148.76372036690978,217.01011138557868,8688
148.834827980549,216.88612507898816,8689
148.90704982702954,216.76111350109957,8690
148.98038569848666,216.63507818857272,8691
149.0548354319441,216.50802064436814,8692
149.1303989090482,216.37994233810193,8693
149.20707605579423,216.2508447064088,8694
149.2848668422444,216.12072915331422,8695
149.36377128223845,215.98959705061478,8696
149.4437894330951,215.85744973826777,8697
149.52492139530597,215.72428852478976,8698
149.6071673122203,215.59011468766437,8699
149.69052736972137,215.45492947375925,8700
149.77500179589362,215.31873409975287,8701
149.8605908606808,215.18152975257078,8702
149.94729487553482,215.04331758983173,8703
150.0351141930548,214.90409874030405,8704
150.1240492066167,214.763874304372,8705
150.21410034999238,214.6226453545129,8706
150.3052680969589,214.48041293578467,8707
150.39755296089706,214.33717806632416,8708
150.49095549437888,214.19294173785693,8709
150.5854762887445,214.04770491621798,8710
150.68111597366746,213.9014685418843,8711
150.7778752167079,213.75423353051903,8712
150.87575472285474,213.6060007735276,8713
150.97475523405453,213.45677113862664,8714
151.0748775287284,213.30654547042465,8715
151.1761224212758,213.15532459101635,8716
151.27849076156485,213.00310930058936,8717
151.3819834344093,212.84990037804477,8718
151.48660135903097,212.69569858163123,8719
151.59234548850856,212.540504649593,8720
151.69921680921078,212.38431930083212,8721
151.80721634021506,212.2271432355855,8722
151.91634513271012,212.06897713611644,8723
152.02660426938286,211.9098216674218,8724
152.13799486378852,211.74967747795444,8725
152.25051805970435,211.58854520036144,8726
152.36417503046547,211.42642545223904,8727
152.47896697828327,211.26331883690347,8728
152.59489513354546,211.09922594417912,8729
152.71196075409728,210.93414735120388,8730
152.83016512450368,210.76808362325204,8731
152.94950955529137,210.60103531457543,8732
153.06999538217116,210.4330029692625,8733
153.191623965239,210.26398712211653,8734
153.31439668815608,210.0939882995531,8735
153.43831495730686,209.92300702051656,8736
153.56338020093492,209.75104379741688,8737
153.6895938682555,209.57809913708684,8738
153.81695742854498,209.40417354175966,8739
153.94547237020572,209.2292675100682,8740
154.0751401998066,209.05338153806528,8741
154.2059624410982,208.8765161202664,8742
154.33794063400182,208.69867175071442,8743
154.47107633357228,208.51984892406776,8744
154.60537110893327,208.3400481367111,8745
154.74082654218526,208.15926988789033,8746
154.87744422728477,207.9775146808713,8747
155.01522576889442,207.79478302412343,8748
155.15417278120375,207.6110754325279,8749
155.29428688671882,207.42639242861193,8750
155.435569715022,207.24073454380814,8751
155.57802290149863,207.05410231974108,8752
155.7216480860321,206.8664963095396,8753
155.86644691166592,206.6779170791774,8754
156.01242102323144,206.48836520884038,8755
156.1595720659414,206.29784129432247,8756
156.30790168394864,206.1063459484501,8757
156.45741151886796,205.91387980253504,8758
156.6081032082626,205.72044350785728,8759
156.75997838409253,205.5260377371772,8760
156.9130386711252,205.3306631862782,8761
157.06728568530747,205.13432057553973,8762
157.222721032098,204.9370106515416,8763
157.3793463047601,204.73873418869948,8764
157.53716308261292,204.53949199093222,8765
157.69617292924195,204.33928489336148,8766
157.85637739066692,204.1381137640439,8767
158.01777799346706,203.93597950573596,8768
158.18037624286254,203.73288305769248,8769
158.34417362075217,203.52882539749817,8770
158.5091715837056,203.32380754293385,8771
158.67537156091095,203.117830553876,8772
158.84277495207513,202.9108955342316,8773
159.0113831252786,202.7030036339074,8774
159.18119741478182,202.49415605081398,8775
159.35221911878415,202.28435403290575,8776
159.5244494971345,202.07359888025556,8777
159.69788976899235,201.86189194716593,8778
159.87254111043947,201.64923464431527,8779
160.04840465204143,201.4356284409406,8780
160.22548147635888,201.2210748670562,8781
160.4037726154071,201.00557551570822,8782
160.5832790480648,200.78913204526611,8783
160.76400169743053,200.57174618174963,8784
160.94594142812727,200.35341972119244,8785
161.12909904355416,200.13415453204183,8786
161.3134752830856,199.91395255759483,8787
161.49907081921725,199.6928158184697,8788
161.68588625465884,199.4707464151139,8789
161.87392211937308,199.2477465303474,8790
162.06317886756204,199.0238184319413,8791
162.2536568745988,198.79896447523183,8792
162.44535643390626,198.5731871057689,8793
162.6382777537821,198.34648886199915,8794
162.8324209541704,198.11887237798268,8795
163.0277860633801,197.8903403861438,8796
163.22437301475006,197.66089572005384,8797
163.42218164326192,197.43054131724725,8798
163.62121168210027,197.1992802220683,8799
163.82146275916085,196.96711558854952,8800
164.02293439350788,196.73405068331968,8801
164.22562599177982,196.50008888854146,8802
164.4295368445459,196.26523370487683,8803
164.63466612261303,196.0294887544804,8804
164.84101287328357,195.7928577840189,8805
165.04857601656704,195.5553446677152,8806
165.25735434134407,195.31695341041691,8807
165.4673465014859,195.0776881506873,8808
165.67855101192944,194.83755316391722,8809
165.89096624470977,194.5965528654571,8810
166.1045904249517,194.35469181376706,8811
166.31942162682125,194.11197471358327,8812
166.53545776943972,193.86840641909976,8813
166.7526966127612,193.62399193716254,8814
166.97113575341646,193.3787364304754,8815
167.19077262052426,193.13264522081462,8816
167.41160447147294,192.88572379225062,8817
167.63362838767455,192.63797779437454,8818
167.8568412702938,192.38941304552768,8819
168.08123983595445,192.14003553603018,8820
168.30682061242578,191.88985143140872,8821
168.53357993429233,191.63886707561804,8822
168.76151393860988,191.38708899425563,8823
168.99061856054988,191.13452389776586,8824
169.22088952903775,190.88117868463056,8825
169.45232236238562,190.62706044454393,8826
169.6849123639261,190.37217646156697,8827
169.91865461764823,190.1165342172609,8828
170.15354398384147,189.86014139379301,8829
170.3895750947507,189.60300587701445,8830
170.6267423502466,189.34513575950444,8831
170.8650399135159,189.08653934357872,8832
171.10446170677645,188.8272251442569,8833
171.34500140702062,188.56720189218703,8834
171.58665244179303,188.30647853652124,8835
171.82940798500672,188.0450642477403,8836
172.07326095280362,187.7829684204218,8837
172.31820399946372,187.52020067594813,8838
172.56422951336899,187.25677086515043,8839
172.81132961302723,186.99268907088384,8840
173.05949614316157,186.72796561052897,8841
173.30872067087202,186.46261103841593,8842
173.5589944818729,186.196636148167,8843
173.81030857681586,185.93005197495074,8844
174.06265366770035,185.66286979764644,8845
174.31602017438155,185.39510114091033,8846
174.57039822117875,185.1267577771423,8847
174.82577763359447,184.85785172834565,8848
175.0821479351468,184.5883952678763,8849
175.33949834432434,184.3184009220763,8850
175.59781777166958,184.0478814717867,8851
175.85709481699672,183.7768499537347,8852
176.1173177667529,183.50531966178963,8853
176.37847459152638,183.23330414808498,8854
176.6405529437113,182.9608172239985,8855
176.90354015533504,182.68787296098736,8856
177.1674232360533,182.41448569127385,8857
177.43218887132434,182.14067000837426,8858
177.69782342076266,181.86644076747007,8859
177.96431291668395,181.5918130856135,8860
178.23164306284818,181.31680234176196,8861
178.4997992334027,181.04142417664312,8862
178.7687664720356,180.76569449243837,8863
179.0385294913488,180.4896294522853,8864
179.30907267244703,180.21324547958494,8865
179.58038006476133,179.93655925714526,8866
179.85243538610507,179.65958772608238,8867
180.12522202296518,179.38234808457167,8868
180.39872303106716,179.1048577863688,8869
180.67292113612854,178.82713453913289,8870
180.94779873494986,178.54919630253542,8871
181.2233378967075,178.27106128616384,8872
181.49952036454332,177.99274794720745,8873
181.77632755741232,177.71427498792235,8874
182.05374057221104,177.43566135288236,8875
182.33174018618615,177.15692622600199,8876
182.61030685962356,176.87808902734005,8877
182.889420738826,176.59916940967386,8878
183.169061659378,176.3201872548495,8879
183.449209149703,176.04116266990235,8880
183.72984243491553,175.7621159829498,8881
184.01094044096683,175.48306773885585,8882
184.29248179908873,175.20403869466443,8883
184.5744448505337,174.9250498148073,8884
184.8568076516137,174.6461222660809,8885
185.13954797903676,174.3672774123986,8886
185.4226433355395,174.08853680931608,8887
185.70607095581775,173.8099221983333,8888
185.98980781275034,173.5314555009749,8889
186.27383062391567,173.2531588126507,8890
186.5581158583984,172.97505439630078,8891
186.84263974388264,172.69716467582705,8892
187.12737827402944,172.4195122293148,8893
187.412307216132,172.1421197820497,8894
187.69740211904627,171.86501019933323,8895
187.98263832139037,171.58820647910235,8896
188.26799096000846,171.31173174435722,8897
188.55343497869077,171.03560923540434,8898
188.83894513714486,170.75986230191984,8899
189.12449602021076,170.48451439483952,8900
189.4100620473107,170.20958905808178,8901
189.69561748212692,169.9351099201121,8902
189.98113644249773,169.66110068535409,8903
190.2665929105229,169.38758512545718,8904
190.55196074286923,169.1145870704269,8905
190.837213681265,168.8421303996277,8906
191.12232536317381,168.57023903266602,8907
191.40726933263633,168.29893692016316,8908
191.6920190512686,168.0282480344262,8909
191.97654790940553,167.75819636002805,8910
192.26082923737673,167.4888058843042,8911
192.54483631690314,167.22010058777877,8912
192.82854239260098,166.95210443452686,8913
193.11192068358076,166.68484136248648,8914
193.39494439512714,166.4183352737287,8915
193.67758673044722,166.15261002469703,8916
193.9598209024727,165.88768941642718,8917
194.24162014570257,165.62359718475813,8918
194.5229577280723,165.36035699054426,8919
194.80380696283524,165.09799240988139,8920
195.08414122044204,164.83652692435592,8921
195.36393394040448,164.5759839113297,8922
195.64315864312857,164.31638663427034,8923
195.92178894170343,164.05775823313883,8924
196.19979855363144,163.80012171484503,8925
196.47716131248586,163.54349994378185,8926
196.7538511794818,163.28791563244909,8927
197.0298422549465,163.03339133217747,8928
197.30510878967576,162.7799494239629,8929
197.57962519616297,162.52761210942225,8930
197.85336605968712,162.27640140187944,8931
198.12630614924723,162.0263391175932,8932
198.39842042833092,161.77744686713459,8933
198.66968406550373,161.52974604692494,8934
198.94007244480818,161.28325783094286,8935
199.20956117596089,161.03800316260862,8936
199.47812610433567,160.79400274685577,8937
199.7457433207229,160.5512770423964,8938
200.0123891708542,160.3098462541898,8939
200.27804026468218,160.0697303261202,8940
200.54267348540697,159.83094893389207,8941
200.80626599823933,159.59352147814926,8942
201.0687952588924,159.35746707782386,8943
201.3302390217945,159.1228045637218,8944
201.59057534801494,158.88955247234932,8945
201.8497826128964,158.65772903998706,8946
202.10783951338757,158.42735219701478,8947
202.36472507507014,158.19843956249247,8948
202.62041865887474,157.97100843900043,8949
202.874899967482,157.74507580774264,8950
203.1281490514036,157.52065832391614,8951
203.38014631474073,157.29777231234806,8952
203.63087252061644,157.076433763404,8953
203.88030879627985,156.8566583291679,8954
204.12843663788027,156.63846131989544,8955
204.37523791491012,156.42185770074147,8956
204.6206948743156,156.20686208876162,8957
204.86479014427536,155.99348875018865,8958
205.10750673764758,155.78175159798226,8959
205.34882805508565,155.57166418965213,8960
205.5887378878247,155.3632397253522,8961
205.82722042014035,155.15649104624555,8962
206.0642602314823,154.95143063313682,8963
206.29984229828523,154.74807060537017,8964
206.53395199546057,154.5464227199903,8965
206.76657509757314,154.3464983711628,8966
206.99769777970582,154.14830858985133,8967
207.22730661801774,153.95186404374667,8968
207.45538859000067,153.75717503744477,8969
207.6819310744379,153.56425151286896,8970
207.90692185107295,153.3731030499317,8971
208.13034909999243,153.18373886743086,8972
208.3522014007297,152.99616782417635,8973
208.57246773109662,152.81039842034076,8974
208.79113746574853,152.62643879902896,8975
209.00820037449128,152.4442967480611,8976
209.22364662033576,152.26397970196294,8977
209.43746675730853,152.0854947441576,8978
209.64965172802542,151.90884860935236,8979
209.86019286103627,151.7340476861147,8980
210.06908186794834,151.56109801963044,8981
210.27631084033624,151.39000531463833,8982
210.48187224644698,151.22077493853365,8983
210.6857589277076,151.05341192463493,8984
210.88796409504423,150.88792097560648,8985
211.08848132501993,150.72430646703043,8986
211.28730455580114,150.56257245112116,8987
211.4844280829587,150.40272266057573,8988
211.67984655511393,150.24476051255297,8989
211.8735549694371,150.0886891127748,8990
212.06554866700577,149.93451125974352,8991
212.25582332803262,149.78222944906707,8992
212.44437496696975,149.63184587788686,8993
212.63119992749785,149.48336244940091,8994
212.81629487740824,149.33678077747592,8995
212.99965680338545,149.1921021913416,8996
213.1812830056981,149.0493277403613,8997
213.3611710928058,148.90845819887218,8998
213.53931897588922,148.76949407108899,8999
213.71572486331098,148.63243559606528,9000
213.8903872550145,148.49728275270635,9001
214.06330493686744,148.3640352648272,9002
214.23447697495732,148.23269260625105,9003
214.40390270984514,148.10325400594164,9004
214.57158175078425,147.97571845316492,9005
214.73751396991065,147.8500847026734,9006
214.90169949641034,147.72635127990986,9007
215.0641387106706,147.6045164862234,9008
215.22483223842028,147.48457840409452,9009
215.38378094486504,147.36653490236358,9010
215.54098592882278,147.25038364145854,9011
215.69644851686488,147.136122078617,9012
215.85017025746748,147.0237474730992,9013
216.0021529151787,146.91325689138677,9014
216.1523984648053,146.8046472123641,9015
216.30090908562437,146.69791513247804,9016
216.44768715562313,146.59305717087298,9017
216.59273524577222,146.4900696744965,9018
216.73605611433473,146.38894882317405,9019
216.87765270121668,146.28969063464757,9020
217.01752812236006,146.192290969577,9021
217.15568566418423,146.0967455364998,9022
217.29212877807666,146.00304989674768,9023
217.42686107493736,145.91119946931636,9024
217.5598863197794,145.82118953568693,9025
217.6912084263875,145.73301524459646,9026
217.8208314520384,145.64667161675487,9027
217.94875959228392,145.56215354950706,9028
218.0749971757999,145.47945582143825,9029
218.19954865930222,145.39857309692002,9030
218.3224186225323,145.3194999305964,9031
218.4436117633131,145.24223077180795,9032
218.56313289267797,145.1667599689526,9033
218.6809869300727,145.09308177378227,9034
218.797178898633,145.02119034563356,9035
218.91171392053775,144.95107975559205,9036
219.02459721243923,144.88274399058906,9037
219.13583408097185,144.81617695743012,9038
219.2454299183386,144.75137248675412,9039
219.3533901979775,144.68832433692336,9040
219.45972047030736,144.627026197843,9041
219.5644263585542,144.56747169471012,9042
219.6675135546575,144.5096543916918,9043
219.76898781525765,144.45356779553236,9044
219.86885495776394,144.39920535908865,9045
219.9671208565036,144.3465604847946,9046
220.06379143895123,144.2956265280539,9047
220.1588726820393,144.2463968005615,9048
220.25237060854877,144.19886457355386,9049
220.3442912835799,144.15302308098777,9050
220.43464081110315,144.10886552264884,9051
220.52342533058865,144.0663850671892,9052
220.61065101371562,144.0255748550948,9053
220.69632406115923,143.98642800158345,9054
220.78045069945568,143.9489375994329,9055
220.86303717794436,143.9130967217407,9056
220.94408976578623,143.87889842461516,9057
221.0236147490579,143.8463357497993,9058
221.10161842792104,143.81540172722703,9059
221.1781071138652,143.78608937751335,9060
221.25308712702454,143.75839171437863,9061
221.3265647935664,143.73230174700797,9062
221.39854644315164,143.70781248234604,9063
221.46903840646542,143.68491692732886,9064
221.53804701281746,143.66360809105228,9065
221.6055785878108,143.64387898687932,9066
221.67163945107845,143.62572263448547,9067
221.73623591408605,143.60913206184483,9068
221.79937427800044,143.5941003071562,9069
221.86106083162252,143.58062042071091,9070
221.92130184938335,143.56868546670333,9071
221.9801035894028,143.55828852498445,9072
222.03747229160902,143.5494226927597,9073
222.09341417591838,143.5420810862323,9074
222.14793544047433,143.53625684219233,9075
222.20104225994388,143.53194311955338,9076
222.2527407838713,143.52913310083633,9077
222.30303713508715,143.5278199936032,9078
222.35193740817232,143.52799703183987,9079
222.39944766797507,143.5296574772901,9080
222.44557394818082,143.53279462074144,9081
222.49032224993306,143.53740178326336,9082
222.53369854050467,143.54347231739942,9083
222.57570875201804,143.55099960831387,9084
222.61635878021357,143.55997707489368,9085
222.65565448326487,143.57039817080704,9086
222.69360168064014,143.58225638551903,9087
222.73020615200812,143.59554524526595,9088
222.76547363618812,143.6102583139881,9089
222.79940983014276,143.62638919422326,9090
222.83202038801232,143.64393152796052,9091
222.86331092019014,143.66287899745626,9092
222.89328699243757,143.68322532601252,9093
222.9219541250377,143.70496427871916,9094
222.94931779198714,143.72808966315978,9095
222.97538342022443,143.75259533008358,9096
223.00015638889437,143.77847517404243,9097
223.02364202864732,143.8057231339953,9098
223.04584562097295,143.83433319387993,9099
223.06677239756652,143.86429938315308,9100
223.08642753972796,143.89561577729975,9101
223.10481617779215,143.92827649831236,9102
223.12194339058982,143.96227571514052,9103
223.13781420493808,143.99760764411246,9104
223.1524335951601,144.034266549328,9105
223.16580648263246,144.07224674302472,9106
223.17793773536033,144.11154258591765,9107
223.18883216757865,144.15214848751285,9108
223.19849453937937,144.19405890639595,9109
223.20692955636375,144.23726835049632,9110
223.21414186931878,144.28177137732712,9111
223.2201360739171,144.32756259420213,9112
223.2249167104402,144.3746366584302,9113
223.22848826352325,144.4229882774872,9114
223.23085516192185,144.47261220916698,9115
223.2320217782996,144.523503261711,9116
223.2319924290357,144.575656293918,9117
223.23077137405238,144.6290662152336,9118
223.22836281666116,144.68372798582075,9119
223.22477090342764,144.73963661661145,9120
223.21999972405413,144.79678716934015,9121
223.21405331127946,144.85517475655942,9122
223.20693564079554,144.9147945416384,9123
223.19865063118004,144.97564173874434,9124
223.18920214384514,145.03771161280778,9125
223.1785939830007,145.1009994794721,9126
223.1668298956328,145.165500705027,9127
223.1539135714962,145.23121070632737,9128
223.13984864312047,145.29812495069746,9129
223.1246386858295,145.3662389558203,9130
223.10828721777378,145.4355482896141,9131
223.09079769997524,145.5060485700939,9132
223.07217353638393,145.57773546522122,9133
223.05241807394648,145.65060469274005,9134
223.03153460268564,145.72465202000066,9135
223.00952635579063,145.79987326377136,9136
222.98639650971833,145.87626429003782,9137
222.9621481843042,145.9538210137916,9138
222.93678444288318,146.03253939880662,9139
222.91030829242018,146.11241545740512,9140
222.8827226836494,146.19344525021268,9141
222.85403051122307,146.27562488590291,9142
222.82423461386816,146.35895052093153,9143
222.7933377745518,146.44341835926085,9144
222.76134272065443,146.52902465207427,9145
222.72825212415123,146.61576569748127,9146
222.69406860180024,146.70363784021313,9147
222.65879471533862,146.79263747130904,9148
222.62243297168536,146.88276102779417,9149
222.5849858231511,146.97400499234794,9150
222.54645566765458,147.06636589296443,9151
222.50684484894538,147.1598403026039,9152
222.46615565683305,147.2544248388363,9153
222.42439032742223,147.35011616347643,9154
222.38155104335368,147.44691098221125,9155
222.33763993405103,147.5448060442192,9156
222.29265907597315,147.64379814178193,9157
222.2466104928719,147.7438841098882,9158
222.19949615605537,147.84506082583033,9159
222.151317984656,147.94732520879322,9160
222.1020778459041,148.0506742194362,9161
222.051777555406,148.1551048594672,9162
222.0004188774275,148.2606141712101,9163
221.94800352518155,148.36719923716512,9164
221.89453316112107,148.47485717956152,9165
221.84000939723623,148.583585159904,9166
221.7844337953562,148.69338037851173,9167
221.72780786745545,148.8042400740508,9168
221.67013307596463,148.9161615230594,9169
221.61141083408558,149.0291420394667,9170
221.55164250611085,149.1431789741044,9171
221.49082940774767,149.25826971421196,9172
221.42897280644596,149.37441168293458,9173
221.36607392173076,149.49160233881506,9174
221.3021339255391,149.6098391752781,9175
221.23715394256092,149.72911972010866,9176
221.17113505058444,149.84944153492265,9177
221.10407828084578,149.97080221463182,9178
221.03598461838288,150.09319938690103,9179
220.966855002394,150.21663071159892,9180
220.89669032660015,150.34109388024208,9181
220.82549143961268,150.46658661543165,9182
220.7532591453045,150.5931066702835,9183
220.67999420318668,150.72065182785133,9184
220.6056973287889,150.84921990054247,9185
220.53036919404525,150.97880872952686,9186
220.4540104276843,151.1094161841387,9187
220.37662161562415,151.24104016127112,9188
220.29820330137258,151.37367858476318,9189
220.21875598643192,151.50732940478,9190
220.13828013070918,151.64199059718496,9191
220.05677615293143,151.77766016290482,9192
219.97424443106652,151.914336127287,9193
219.89068530274918,152.0520165394492,9194
219.80609906571274,152.1906994716215,9195
219.72048597822655,152.33038301848012,9196
219.63384625953933,152.47106529647388,9197
219.54618009032853,152.61274444314182,9198
219.45748761315554,152.75541861642347,9199
219.3677689329276,152.8990859939603,9200
219.2770241173661,153.04374477238903,9201
219.1852531974813,153.1893931666264,9202
219.09245616805396,153.33602940914525,9203
218.99863298812423,153.48365174924237,9204
218.9037835814873,153.63225845229675,9205
218.80790783719658,153.78184779901952,9206
218.7110056100749,153.93241808469458,9207
218.6130767212324,154.08396761841004,9208
218.5141209585939,154.2364947222804,9209
218.414138077433,154.3899977306593,9210
218.31312780091568,154.54447498934255,9211
218.21108982065203,154.69992485476172,9212
218.108023797257,154.85634569316753,9213
218.00392936092035,155.01373587980387,9214
217.89880611198592,155.17209379807105,9215
217.79265362154038,155.3314178386792,9216
217.68547143201226,155.49170639879122,9217
217.57725905778057,155.6529578811555,9218
217.4680159857944,155.8151706932274,9219
217.35774167620295,155.97834324628053,9220
217.2464355629964,156.14247395450695,9221
217.13409705465804,156.30756123410632,9222
217.02072553482853,156.47360350236372,9223
216.906320362981,156.64059917671648,9224
216.79088087510922,156.80854667380953,9225
216.67440638442767,156.97744440853887,9226
216.55689618208433,157.14729079308378,9227
216.43834953788706,157.31808423592682,9228
216.31876570104276,157.4898231408623,9229
216.19814390091062,157.66250590599233,9230
216.07648334776917,157.83613092271082,9231
215.953783233598,158.01069657467517,9232
215.83004273287395,158.18620123676564,9233
215.70526100338236,158.362643274032,9234
215.57943718704394,158.54002104062766,9235
215.45257041075706,158.71833287873093,9236
215.32465978725645,158.8975771174536,9237
215.19570441598836,159.07775207173648,9238
215.0657033840022,159.25885604123187,9239
214.93465576685986,159.44088730917275,9240
214.80256062956215,159.62384414122926,9241
214.66941702749352,159.80772478435114,9242
214.53522400738484,159.9925274655975,9243
214.3999806082952,160.1782503909526,9244
214.2636858626122,160.3648917441285,9245
214.1263387970723,160.5524496853539,9246
213.98793843380076,160.74092235014953,9247
213.84848379137162,160.93030784808974,9248
213.7079738858885,161.12060426155062,9249
213.56640773208628,161.31180964444414,9250
213.4237843444544,161.5039220209387,9251
213.2801027383815,161.69693938416597,9252
213.13536193132254,161.89085969491381,9253
212.98956094398838,162.08568088030574,9254
212.84269880155819,162.28140083246635,9255
212.69477453491527,162.47801740717324,9256
212.54578718190666,162.67552842249515,9257
212.3957357886265,162.8739316574168,9258
212.24461941072423,163.07322485044955,9259
212.09243711473738,163.27340569822937,9260
211.93918797944963,163.47447185410073,9261
211.7848710972744,163.67642092668743,9262
211.6294855756646,163.8792504784505,9263
211.47303053854833,164.0829580242326,9264
211.31550512779145,164.28754102978968,9265
211.1569085046871,164.49299691030978,9266
210.99723985147259,164.69932302891928,9267
210.83649837287396,164.9065166951766,9268
210.6746832976784,165.11457516355375,9269
210.5117938803352,165.32349563190576,9270
210.34782940258512,165.53327523992795,9271
210.18278917511887,165.74391106760248,9272
210.01667253926453,165.9554001336324,9273
209.8494788687046,166.16773939386562,9274
209.68120757122296,166.38092573970783,9275
209.5118580904813,166.59495599652428,9276
209.34142990782627,166.80982692203267,9277
209.1699225441267,167.02553520468527,9278
208.99733556164176,167.24207746204198,9279
208.82366856591943,167.45945023913438,9280
208.64892120772657,167.6776500068212,9281
208.47309318500942,167.8966731601354,9282
208.29618424488598,168.1165160166238,9283
208.11819418566924,168.337174814679,9284
207.93912285892196,168.55864571186547,9285
207.75897017154304,168.78092478323782,9286
207.57773608788523,169.00400801965506,9287
207.39542063190447,169.22789132608858,9288
207.21202388934051,169.4525705199259,9289
207.0275460099292,169.6780413292707,9290
206.84198720964596,169.9042993912389,9291
206.65534777298055,170.1313402502528,9292
206.46762805524276,170.35915935633287,9293
206.27882848489938,170.58775206338817,9294
206.08894956594145,170.81711362750642,9295
205.8979918802821,171.04723920524413,9296
205.70595609018469,171.2781238519181,9297
205.51284294072062,171.50976251989826,9298
205.31865326225665,171.74215005690317,9299
205.1233879729711,171.97528120429953,9300
204.9270480813989,172.20915059540573,9301
204.72963468900454,172.4437527538005,9302
204.53114899278282,172.67908209163846,9303
204.33159228788608,172.91513290797207,9304
204.13096597027825,173.15189938708264,9305
203.92927153941417,173.3893755968203,9306
203.72651060094378,173.62755548695355,9307
203.52268486944084,173.8664328875314,9308
203.31779617115401,174.10600150725747,9309
203.11184644678104,174.34625493187713,9310
202.90483775426384,174.58718662258045,9311
202.6967722716038,174.82878991442038,9312
202.4876522996966,175.0710580147486,9313
202.27748026518486,175.31398400166893,9314
202.0662587233275,175.5575608225117,9315
201.85399036088492,175.8017812923281,9316
201.64067799901812,176.04663809240714,9317
201.42632459620052,176.2921237688159,9318
201.21093325114137,176.53823073096572,9319
200.9945072057186,176.7849512502036,9320
200.77704984791973,177.0322774584321,9321
200.55856471478936,177.28020134675805,9322
200.339055495381,177.52871476417295,9323
200.11852603371176,177.77780941626298,9324
199.89698033171805,178.02747686395654,9325
199.67442255220968,178.27770852230418,9326
199.4508570218211,178.52849565929344,9327
199.22628823395684,178.7798293947094,9328
199.00072085172974,179.03170069902487,9329
198.77415971088874,179.284100392341,9330
198.54660982273484,179.5370191433655,9331
198.3180763770217,179.79044746843743,9332
198.0885647448393,180.0443757305948,9333
197.85808048147746,180.29879413870364,9334
197.62662932926676,180.55369274661288,9335
197.39421722039393,180.8090614523856,9336
197.1608502796889,181.06488999756112,9337
196.92653482738086,181.32116796649132,9338
196.69127738181996,181.57788478571894,9339
196.45508466216162,181.8350297234202,9340
196.21796359101072,182.09259188890687,9341
195.9799212970218,182.35056023218723,9342
195.74096511745273,182.6089235435935,9343
195.5011026006678,182.86767045346988,9344
195.26034150858746,183.12678943193075,9345
195.01868981908052,183.3862687886856,9346
194.77615572829646,183.64609667293246,9347
194.53274765293244,183.90626107332398,9348
194.28847423243394,184.16674981800762,9349
194.0433443311222,184.42755057473727,9350
193.79736704024768,184.6886508510646,9351
193.55055167996437,184.9500379946053,9352
193.30290780122064,185.21169919338726,9353
193.05444518756417,185.4736214762776,9354
192.80517385685613,185.73579171349263,9355
192.55510406289133,185.9981966171928,9356
192.30424629691944,186.260822742161,9357
192.0526112890651,186.52365648656948,9358
191.8002100096411,186.78668409283281,9359
191.54705367035228,187.0498916485521,9360
191.29315372538528,187.31326508754844,9361
191.03852187238073,187.576790190989,9362
190.78317005328398,187.8404525886055,9363
190.52711045507016,188.10423776000707,9364
190.2703555103404,188.36813103608858,9365
190.01291789778503,188.63211760053431,9366
189.75481054251023,188.89618249141972,9367
189.49604661622422,189.16031060291007,9368
189.23663953727976,189.42448668705885,9369
188.97660297056967,189.6886953557049,9370
188.71595082727086,189.9529210824698,9371
188.45469726443497,190.2171482048562,9372
188.19285668442186,190.48136092644717,9373
187.93044373417172,190.74554331920672,9374
187.667473304315,191.00967932588296,9375
187.40396052811542,191.2737527625123,9376
187.1399207802441,191.53774732102715,9377
186.87536967538216,191.80164657196448,9378
186.6103230666499,192.0654339672776,9379
186.3447970438583,192.3290928432493,9380
186.07880793158387,192.59260642350677,9381
185.81237228706178,192.85595782213827,9382
185.5455068978986,193.11913004690996,9383
185.27822877959935,193.38210600258336,9384
185.01055517291178,193.64486849433197,9385
184.7425035409833,193.9074002312569,9386
184.47409156633202,194.16968382999985,9387
184.20533714762914,194.4317018184522,9388
183.93625839629433,194.69343663956082,9389
183.6668736329029,194.95487065522622,9390
183.39720138340394,195.21598615029455,9391
183.1272603751518,195.4767653366398,9392
182.85706953274976,195.73719035733558,9393
182.58664797370744,195.9972432909144,9394
182.3160150039131,196.256906155712,9395
182.04519011292206,196.5161609142953,9396
181.77419296906152,196.77498947797173,9397
181.50304341435896,197.0333737113765,9398
181.23176145928696,197.29129543713688,9399
180.96036727733676,197.54873644061018,9400
180.688881199419,197.80567847469192,9401
180.41732370809217,198.06210326469255,9402
180.1457154316241,198.31799251327945,9403
179.8740771379035,198.5733279054805,9404
179.60242972815016,198.8280911137464,9405
179.33079423055662,199.08226380306868,9406
179.0591917936757,199.33582763614925,9407
178.787643679737,199.58876427861873,9408
178.51617125779666,199.84105540429914,9409
178.24479599674933,200.09268270050768,9410
177.97353945822158,200.34362787339762,9411
177.7024232893339,200.59387265333183,9412
177.43146921534813,200.84339880028617,9413
177.16069903220418,201.09218810927666,9414
176.8901345989508,201.34022241580837,9415
176.6197978300791,201.58748360133967,9416
176.3497106877661,201.83395359875922,9417
176.0798951740321,202.0796143978701,9418
175.81037332282494,202.32444805087698,9419
175.5411671920322,202.56843667787206,9420
175.27229885543449,202.8115624723146,9421
175.0037903946034,203.0538077064999,9422
174.73566389075623,203.29515473701304,9423
174.46794141657094,203.53558601016246,9424
174.20064502797374,203.7750840673888,9425
173.93379675590452,204.0136315506445,9426
173.6674185980706,204.251211207739,9427
173.40153251069563,204.48780589764556,9428
173.13616040027296,204.7233985957642,9429
172.8713241153318,204.95797239913682,9430
172.60704543822413,205.19151053160945,9431
172.34334607694245,205.42399634893724,9432
172.0802476569741,205.6554133438275,9433
171.81777171320334,205.88574515091642,9434
171.5559396818679,206.11497555167531,9435
171.2947728925787,206.34308847924132,9436
171.0342925604112,206.57006802316909,9437
170.7745197780761,206.7958984340988,9438
170.51547550817799,207.02056412833645,9439
170.25718057556858,207.24404969234266,9440
169.99965565980412,207.4663398871258,9441
169.74292128771262,207.68741965253605,9442
169.4869978260792,207.90727411145622,9443
169.2319054744573,208.12588857388607,9444
168.97766425811133,208.34324854091736,9445
168.7242940210985,208.5593397085948,9446
168.47181441949652,208.77414797166145,9447
168.22024491478268,208.9876594271847,9448
167.96960476737073,209.19986037806,9449
167.71991303031166,209.41073733639033,9450
167.47118854316363,209.62027702673794,9451
167.223449926036,209.82846638924684,9452
166.97671557381307,210.0352925826336,9453
166.73100365056163,210.2407429870443,9454
166.48633208412696,210.4448052067761,9455
166.24271856092128,210.64746707286142,9456
166.00018052090851,210.8487166455137,9457
165.75873515278855,211.04854221643316,9458
165.51839938938448,211.24693231097135,9459
165.27918990323533,211.44387569015387,9460
165.04112310239688,211.6393613525603,9461
164.80421512645304,211.83337853606088,9462
164.5684818427391,212.02591671940922,9463
164.3339388427785,212.21696562369166,9464
164.1006014389351,212.40651521363182,9465
163.86848466128077,212.594555698752,9466
163.6376032546797,212.78107753439093,9467
163.40797167608923,212.96607142257815,9468
163.1796040920775,213.14952831276634,9469
162.9525143765574,213.3314394024218,9470
162.72671610873655,213.51179613747456,9471
162.50222257128218,213.69059021262868,9472
162.2790467486994,213.86781357153444,9473
162.05720132592214,214.043458406824,9474
161.8366986871151,214.2175171600112,9475
161.61755091468325,214.38998252125862,9476
161.3997697884893,214.56084742901223,9477
161.18336678527385,214.73010506950678,9478
160.9683530782779,214.8977488761435,9479
160.75473953706359,215.06377252874222,9480
160.54253672753012,215.22816995267056,9481
160.33175491212202,215.3909353178525,9482
160.1224040502263,215.55206303765868,9483
159.91449379875422,215.7115477676815,9484
159.70803351290442,215.8693844043971,9485
159.50303224710345,216.02556808371736,9486
159.29949875611905,216.18009417943549,9487
159.09744149634253,216.33295830156635,9488
158.89686862723565,216.48415629458665,9489
158.69778801293725,216.63368423557645,9490
158.50020722402542,216.78153843226588,9491
158.30413353943044,216.92771542099015,9492
158.1095739484934,217.07221196455586,9493
157.91653515316625,217.21502505002204,9494
157.72502357034782,217.35615188639903,9495
157.535045334351,217.49558990226862,9496
157.3466062994966,217.6333367433286,9497
157.15971204282812,217.7693902698655,9498
156.9743678669426,217.90374855415791,9499
156.79057880293306,218.03640987781472,9500
156.60834961343673,218.16737272905115,9501
156.42768479578436,218.29663579990566,9502
156.24858858524559,218.42419798340154,9503
156.07106495836516,218.5500583706558,9504
155.89511763638538,218.67421624793957,9505
155.72075008874927,218.79667109369242,9506
155.54796553668007,218.91742257549382,9507
155.37676695683197,219.03647054699567,9508
155.20715708500714,219.15381504481797,9509
155.03913841993446,219.2694562854119,9510
154.8727132271054,219.38339466189194,9511
154.70788354266213,219.49563074084156,9512
154.54465117733346,219.60616525909424,9513
154.3830177204143,219.7149991204931,9514
154.22298454378398,219.82213339263217,9515
154.06455280595938,219.927569303582,9516
153.90772345617853,220.03130823860195,9517
153.75249723851076,220.13335173684234,9518
153.59887469598917,220.23370148803872,9519
153.44685617476168,220.33235932920098,9520
153.2964418282568,220.42932724129943,9521
153.14763162136057,220.52460734595067,9522
153.00042533460086,220.61820190210543,9523
152.85482256833555,220.71011330274024,9524
152.71082274694174,220.80034407155577,9525
152.56842512300187,220.88889685968354,9526
152.42762878148443,220.97577444240292,9527
152.28843264391546,221.06097971587093,9528
152.15083547253903,221.144515693866,9529
152.0148358744622,221.2263855045482,9530
151.88043230578364,221.3065923872373,9531
151.74762307570194,221.38513968921032,9532
151.61640635060164,221.46203086252052,9533
151.4867801581148,221.5372694608387,9534
151.35874239115535,221.61085913631942,9535
151.23229081192449,221.68280363649194,9536
151.1074230558851,221.753106801179,9537
150.98413663570258,221.82177255944305,9538
150.8624289451512,221.88880492656233,9539
150.74229726298375,221.95420800103722,9540
150.6237387567624,222.01798596162837,9541
150.5067504866505,222.08014306442723,9542
150.391329409162,222.14068363996014,9543
150.2774723808694,222.19961209032695,9544
150.16517616206667,222.25693288637464,9545
150.05443742038793,222.31265056490702,9546
149.94525273437924,222.36676972593108,9547
149.83761859702386,222.41929502994054,9548
149.73153141921887,222.4702311952374,9549
149.62698753320302,222.519582995292,9550
149.52398319593505,222.56735525614164,9551
149.42251459242146,222.61355285382874,9552
149.32257783899314,222.65818071187897,9553
149.22416898653086,222.70124379881892,9554
149.12728402363842,222.74274712573438,9555
149.03191887976357,222.78269574386945,9556
148.93806942826615,222.82109474226576,9557
148.84573148943315,222.8579492454433,9558
148.75490083344087,222.8932644111221,9559
148.66557318326304,222.92704542798478,9560
148.57774421752615,222.95929751348072,9561
148.49140957331088,222.99002591167118,9562
148.40656484890005,223.01923589111556,9563
148.32320560647307,223.04693274279902,9564
148.24132737474693,223.07312177810078,9565
148.1609256515643,223.0978083268038,9566
148.08199590642792,223.12099773514467,9567
148.00453358298267,223.14269536390455,9568
147.92853410144494,223.16290658654017,9569
147.85399286097933,223.18163678735544,9570
147.7809052420239,223.19889135971232,9571
147.7092666085634,223.21467570428192,9572
147.63907231035154,223.22899522733476,9573
147.57031768508236,223.24185533907004,9574
147.50299806051086,223.25326145198355,9575
147.43710875652457,223.26321897927426,9576
147.3726450871649,223.27173333328855,9577
147.3096023626001,223.27880992400247,9578
147.24797589104944,223.28445415754095,9579
147.18776098066016,223.28867143473377,9580
147.1289529413367,223.29146714970847,9581
147.07154708652345,223.29284668851867,9582
147.01553873494152,223.29281542780845,9583
146.96092321227994,223.29137873351146,9584
146.90769585284227,223.28854195958485,9585
146.85585200114883,223.2843104467776,9586
146.8053870134955,223.2786895214322,9587
146.75629625946968,223.27168449432003,9588
146.708575123424,223.26330065950896,9589
146.66221900590838,223.25354329326404,9590
146.61722332506162,223.24241765297916,9591
146.57358351796236,223.2299289761406,9592
146.53129504194064,223.21608247932116,9593
146.49035337585082,223.20088335720476,9594
146.45075402130632,223.1843367816407,9595
146.41249250387656,223.16644790072755,9596
146.37556437424774,223.1472218379254,9597
146.33996520934699,223.12666369119705,9598
146.3056906134313,223.10477853217654,9599
146.27273621914202,223.08157140536534,9600
146.24109768852477,223.05704732735512,9601
146.21077071401663,223.03121128607737,9602
146.1817510194,223.00406824007823,9603
146.15403436072498,222.97562311781925,9604
146.12761652720002,222.945880817003,9605
146.1024933420522,222.9148462039226,9606
146.07866066335723,222.88252411283597,9607
146.05611438483996,222.84891934536296,9608
146.03485043664668,222.81403666990576,9609
146.0148647860885,222.77788082109188,9610
145.99615343835814,222.7404564992391,9611
145.978712437219,222.701768369842,9612
145.96253786566854,222.6618210630802,9613
145.9476258465758,222.62061917334657,9614
145.93397254329403,222.57816725879636,9615
145.92157416024853,222.53446984091613,9616
145.91042694350085,222.48953140411183,9617
145.90052718128965,222.44335639531627,9618
145.8918712045489,222.39594922361542,9619
145.88445538740353,222.34731425989207,9620
145.87827614764396,222.2974558364886,9621
145.87332994717886,222.24637824688614,9622
145.86961329246807,222.19408574540137,9623
145.86712273493458,222.14058254689982,9624
145.86585487135775,222.08587282652564,9625
145.86580634424712,222.0299607194473,9626
145.86697384219718,221.97285032061873,9627
145.86935410022502,221.91454568455603,9628
145.8729439000893,221.85505082512893,9629
145.87774007059272,221.7943697153669,9630
145.8837394878675,221.73250628727956,9631
145.89093907564452,221.66946443169107,9632
145.8993358055066,221.605247998088,9633
145.90892669712653,221.53986079448086,9634
145.91970881848948,221.47330658727853,9635
145.9316792861016,221.40558910117537,9636
145.94483526518346,221.33671201905094,9637
145.95917396985016,221.26667898188202,9638
145.97469266327784,221.1954935886665,9639
145.9913886578568,221.12315939635877,9640
146.0092593153318,221.0496799198171,9641
146.02830204693032,220.97505863176167,9642
146.04851431347794,220.8992989627439,9643
146.06989362550254,220.8224043011266,9644
146.0924375433265,220.74437799307427,9645
146.1161436771478,220.66522334255419,9646
146.14100968711037,220.5849436113474,9647
146.16703328336342,220.50354201906958,9648
146.19421222611058,220.42102174320178,9649
146.22254432564878,220.33738591913067,9650
146.2520274423974,220.25263764019812,9651
146.28265948691754,220.16677995776016,9652
146.3144384199221,220.07981588125477,9653
146.34736225227635,219.99174837827874,9654
146.38142904498972,219.90258037467336,9655
146.4166369091989,219.8123147546185,9656
146.45298400614203,219.72095436073536,9657
146.49046854712475,219.62850199419756,9658
146.52908879347783,219.53496041485047,9659
146.5688430565068,219.4403323413388,9660
146.60972969743383,219.34462045124198,9661
146.6517471273314,219.2478273812177,9662
146.69489380704886,219.1499557271533,9663
146.73916824713115,219.051008044325,9664
146.78456900773025,218.9509868475644,9665
146.8310946985094,218.8498946114334,9666
146.87874397854011,218.747733770406,9667
146.92751555619208,218.64450671905794,9668
146.97740818901624,218.54021581226377,9669
147.02842068362088,218.43486336540153,9670
147.08055189554074,218.32845165456433,9671
147.13380072909965,218.22098291678014,9672
147.1881661372662,218.11245935023797,9673
147.24364712150276,218.00288311452232,9674
147.3002427316082,217.89225633085428,9675
147.35795206555332,217.78058108234035,9676
147.41677426931042,217.6678594142286,9677
147.4767085366757,217.55409333417197,9678
147.5377541090853,217.4392848124991,9679
147.59991027542503,217.32343578249274,9680
147.66317637183283,217.20654814067538,9681
147.72755178149507,217.0886237471024,9682
147.79303593443615,216.96966442566273,9683
147.85962830730122,216.84967196438748,9684
147.92732842313208,216.72864811576565,9685
147.99613585113647,216.6065945970679,9686
148.0660502064504,216.48351309067814,9687
148.13707114989325,216.35940524443276,9688
148.20919838771616,216.2342726719682,9689
148.282431671343,216.10811695307612,9690
148.3567707971042,215.9809396340671,9691
148.43221560596317,215.8527422281425,9692
148.50876598323532,215.72352621577448,9693
148.58642185829916,215.59329304509498,9694
148.66518320429995,215.46204413229282,9695
148.74505003784532,215.32978086201993,9696
148.8260224186928,215.1965045878062,9697
148.90810044942907,215.06221663248377,9698
148.99128427514088,214.92691828862004,9699
149.07557408307738,214.79061081896032,9700
149.16097010230354,214.65329545688002,9701
149.24747260334465,214.51497340684645,9702
149.33508189782182,214.37564584489044,9703
149.42379833807757,214.23531391908827,9704
149.51362231679224,214.09397875005354,9705
149.60455426659024,213.95164143143978,9706
149.69659465963636,213.8083030304534,9707
149.7897440072213,213.66396458837795,9708
149.88400285933707,213.5186271211091,9709
149.97937180424097,213.3722916197011,9710
150.0758514680087,213.22495905092472,9711
150.1734425140755,213.07663035783708,9712
150.2721456427659,212.92730646036358,9713
150.37196159081125,212.7769882558917,9714
150.4728911308544,212.62567661987796,9715
150.57493507094205,212.47337240646718,9716
150.67809425400347,212.3200764491251,9717
150.78236955731626,212.1657895612843,9718
150.88776189195775,212.01051253700368,9719
150.99427220224226,211.85424615164192,9720
151.10190146514404,211.69699116254532,9721
151.21065068970455,211.5387483097498,9722
151.320520916425,211.37951831669818,9723
151.43151321664257,211.21930189097233,9724
151.54362869189046,211.05809972504073,9725
151.65686847324125,210.89591249702218,9726
151.77123372063318,210.7327408714652,9727
151.8867256221786,210.56858550014434,9728
152.00334539345468,210.40344702287285,9729
152.12109427677504,210.23732606833286,9730
152.23997354044303,210.07022325492284,9731
152.35998447798477,209.9021391916232,9732
152.48112840736263,209.73307447887976,9733
152.60340667016808,209.56302970950603,9734
152.72682063079318,209.39200546960456,9735
152.85137167558088,209.22000233950746,9736
152.97706121195267,209.04702089473668,9737
153.10389066751424,208.87306170698437,9738
153.23186148913692,208.69812534511402,9739
153.36097514201617,208.52221237618213,9740
153.49123310870522,208.34532336648132,9741
153.62263688812354,208.1674588826053,9742
153.75518799454025,207.98861949253566,9743
153.88888795653082,207.80880576675133,9744
154.02373831590714,207.62801827936096,9745
154.15974062662033,207.4462576092584,9746
154.29689645363518,207.2635243413023,9747
154.435207371776,207.07981906751948,9748
154.5746749645434,206.895142388333,9749
154.71530082290062,206.70949491381518,9750
154.85708654402967,206.522877264966,9751
155.0000337300558,206.33529007501733,9752
155.14414398674037,206.1467339907631,9753
155.2894189221408,205.9572096739165,9754
155.43586014523754,205.7667178024939,9755
155.58346926452663,205.57525907222598,9756
155.7322478865782,205.3828341979973,9757
155.8821976145591,205.1894439153135,9758
156.03332004671987,204.99508898179707,9759
156.185616774845,204.7997701787128,9760
156.33908938266555,204.60348831252173,9761
156.4937394442342,204.40624421646532,9762
156.64956852226112,204.20803875217968,9763
156.80657816641073,204.00887281133998,9764
156.9647699115583,203.80874731733613,9765
157.1241452760058,203.60766322697904,9766
157.28470575965633,203.40562153223897,9767
157.44645284214675,203.20262326201498,9768
157.60938798093693,202.99866948393708,9769
157.77351260935671,202.7937613062003,9770
157.93882813460777,202.58789987943172,9771
158.10533593572194,202.38108639859013,9772
158.27303736147329,202.17332210489906,9773
158.44193372824523,201.96460828781287,9774
158.61202631785122,201.7549462870168,9775
158.78331637530775,201.54433749446065,9776
158.95580510656083,201.33278335642592,9777
159.12949367616423,201.1202853756275,9778
159.3043832049085,200.90684511334948,9779
159.4804747674023,200.69246419161482,9780
159.65776938960337,200.4771442953897,9781
159.8362680463,200.26088717482202,9782
160.01597165854233,200.04369464751403,9783
160.19688109102313,199.8255686008297,9784
160.37899714940735,199.60651099423578,9785
160.56232057761108,199.38652386167752,9786
160.74685205502837,199.1656093139878,9787
160.93259219370688,198.94376954133045,9788
161.11954153547183,198.72100681567701,9789
161.30770054899736,198.4973234933167,9790
161.49706962682657,198.27272201739973,9791
161.68764908233914,198.04720492051277,9792
161.8794391466671,197.82077482728715,9793
162.0724399655584,197.59343445703863,9794
162.2666515961891,197.36518662643851,9795
162.46207400392376,197.13603425221552,9796
162.6587070590242,196.90598035388797,9797
162.8565505333079,196.6750280565253,9798
163.05560409675536,196.44318059353816,9799
163.25586731406727,196.2104413094973,9800
163.4573396411726,195.9768136629785,9801
163.66002042168722,195.74230122943453,9802
163.86390888332448,195.5069077040922,9803
164.06900413425865,195.2706369048735,9804
164.27530515944122,195.03349277533985,9805
164.48281081687205,194.7954793876584,9806
164.6915198338259,194.55660094558888,9807
164.90143080303562,194.31686178748976,9808
165.11254217883325,194.07626638934252,9809
165.32485227325017,193.834819367792,9810
165.53835925207852,193.5925254832015,9811
165.7530611308944,193.34938964272186,9812
165.96895577104567,193.1054169033708,9813
166.1860408756049,192.86061247512262,9814
166.40431398529105,192.61498172400545,9815
166.62377247435987,192.36853017520386,9816
166.84441354646742,192.12126351616538,9817
167.0662342305071,191.8731875997084,9818
167.28923137642366,191.62430844712856,9819
167.5134016510068,191.37463225130261,9820
167.73874153366654,191.12416537978612,9821
167.96524731219336,190.87291437790282,9822
168.19291507850625,190.620885971823,9823
168.421740724392,190.3680870716283,9824
168.65171993723817,190.1145247743597,9825
168.88284819576384,189.86020636704578,9826
169.1151207657518,189.605139329709,9827
169.348532695785,189.34933133834534,9828
169.58307881299214,189.09279026787547,9829
169.81875371880565,188.83552419506358,9830
170.0555517847363,188.57754140140037,9831
170.29346714816924,188.31885037594623,9832
170.53249370818503,188.05945981813258,9833
170.77262512141075,187.7993786405152,9834
171.01385479790645,187.53861597147855,9835
171.25617589708972,187.27718115788477,9836
171.49958132370642,187.01508376766478,9837
171.74406372385002,186.75233359234716,9838
171.989615481036,186.48894064952032,9839
172.23622871233695,186.22491518522472,9840
172.48389526458283,185.96026767626898,9841
172.73260671063338,185.6950088324683,9842
172.98235434572715,185.42914959879812,9843
173.23312918391392,185.16270115746036,9844
173.48492195457598,184.8956749298567,9845
173.7377230990447,184.62808257846524,9846
173.9915227673184,184.3599360086154,9847
174.24631081488758,184.09124737015614,9848
174.50207679967411,183.8220290590136,9849
174.7588099790911,183.55229371863376,9850
175.01649930722888,183.28205424130323,9851
175.2751334321747,183.0113237693471,9852
175.53470069347313,182.74011569619478,9853
175.79518911973057,182.4684436673152,9854
176.05658642637593,182.1963215810089,9855
176.31888001357834,181.92376358905912,9856
176.58205696433333,181.6507840972353,9857
176.84610404272047,181.37739776563964,9858
177.11100769234253,181.10361950890396,9859
177.37675403494703,180.8294644962177,9860
177.64332886924564,180.55494815119283,9861
177.91071766992746,180.28008615156313,9862
178.17890558688268,180.004894428683,9863
178.44787744463298,179.72938916694955,9864
178.7176177419816,179.4535868028103,9865
178.9881106518919,179.17750402389302,9866
179.25934002158377,178.90115776770557,9867
179.53128937287943,178.6245652202506,9868
179.80394190277735,178.34774381441505,9869
180.0772804842812,178.07071122816834,9870
180.35128766748707,177.7934853825528,9871
180.62594568088196,177.5160844394734,9872
180.901236432978,177.23852679927435,9873
181.17714151414407,176.960831098111,9874
181.45364219874276,176.68301620510505,9875
181.73071944752598,176.4051012192888,9876
182.00835391031185,176.1271054663314,9877
182.28652592893687,175.84904849505034,9878
182.56521554049382,175.5709500737033,9879
182.84440248085122,175.2928301860622,9880
183.12406618845878,175.01470902726837,9881
183.40418580844195,174.7366069994669,9882
183.6847401969848,174.45854470722452,9883
183.96570792600136,174.18054295272663,9884
184.24706728809846,173.90262273075783,9885
184.52879630182719,173.62480522346547,9886
184.81087271722458,173.34711179490893,9887
185.09327402164183,173.069563985395,9888
185.37597744586057,172.79218350560222,9889
185.65895997049273,172.51499223049825,9890
185.94219833266277,172.23801219305065,9891
186.22566903296863,171.96126557773582,9892
186.50934834271828,171.68477471385026,9893
186.7932123114373,171.40856206862694,9894
187.0772367746443,171.1326502401615,9895
187.36139736188645,170.8570619501544,9896
187.64566950503323,170.58182003647167,9897
187.9300284468187,170.3069474455325,9898
188.2144492496284,170.03246722452693,9899
188.4989068045225,169.75840251347168,9900
188.78337584048808,169.48477653711015,9901
189.06783093391238,169.2116125966625,9902
189.35224651826857,168.9389340614349,9903
189.6365968940052,168.66676436029323,9904
189.92085623862985,168.39512697301072,9905
190.204998616977,168.12404542149696,9906
190.48899799165045,167.85354326091658,9907
190.77282823362862,167.5836440707062,9908
191.05646313302267,167.31437144549952,9909
191.33987640997617,167.04574898596752,9910
191.623041725693,166.77780028958557,9911
191.90593269358405,166.51054894133568,9912
192.1885228905177,166.24401850435322,9913
192.4707858681633,165.97823251052938,9914
192.75269516441412,165.7132144510784,9915
193.03422431487735,165.44898776707967,9916
193.31534686441609,165.1855758400061,9917
193.59603637873275,164.92300198224768,9918
193.8762664559774,164.66128942764192,9919
194.15601073836976,164.4004613220206,9920
194.43524292381966,164.14054071378482,9921
194.71393677753287,163.88155054451676,9922
194.992066143588,163.62351363964095,9923
195.26960495647145,163.3664526991437,9924
195.54652725255582,163.11039028836248,9925
195.82280718150912,162.85534882885398,9926
196.09841901762002,162.60135058935316,9927
196.37333717102672,162.3484176768315,9928
196.64753619883615,162.09657202766525,9929
196.9209908161196,161.84583539892355,9930
197.19367590677305,161.59622935978555,9931
197.46556653422886,161.34777528309638,9932
197.73663795200684,161.10049433707093,9933
198.00686561409276,160.85440747715379,9934
198.27622518513243,160.60953543804547,9935
198.54469255043026,160.3658987259013,9936
198.81224382574086,160.12351761071292,9937
199.07885536684446,159.88241211887868,9938
199.34450377889425,159.6426020259712,9939
199.60916592552698,159.40410684970905,9940
199.87281893772794,159.1669458431391,9941
200.13544022244062,158.93113798803572,9942
200.39700747091342,158.69670198852347,9943
200.65749866677538,158.46365626492826,9944
200.91689209383367,158.2320189478626,9945
201.17516634358643,158.00180787254925,9946
201.43230032244435,157.77304057338867,9947
201.68827325865547,157.5457342787727,9948
201.9430647089278,157.31990590614993,9949
202.196654564746,157.09557205734427,9950
202.44902305837698,156.87274901413065,9951
202.7001507685617,156.65145273406944,9952
202.95001862588984,156.43169884660185,9953
203.19860791785524,156.21350264940784,9954
203.44590029359,155.9968791050276,9955
203.69187776827587,155.78184283774695,9956
203.9365227272324,155.5684081307475,9957
204.1798179296816,155.35658892352126,9958
204.42174651218892,155.1463988095484,9959
204.66229199178147,154.93785103423915,9960
204.90143826874535,154.73095849313626,9961
205.1391696291027,154.52573373037836,9962
205.37547074677155,154.32218893742075,9963
205.61032668541054,154.12033595201243,9964
205.8437228999521,153.92018625742597,9965
206.07564523782688,153.7217509819376,9966
206.30607993988423,153.52504089855387,9967
206.53501364101194,153.33006642498185,9968
206.7624333704609,153.13683762383843,9969
206.98832655187906,152.9453642030948,9970
207.21268100305988,152.75565551675194,9971
207.43548493541186,152.567720565742,9972
207.65672695315382,152.38156799905119,9973
207.8763960522429,152.19720611505875,9974
208.0944816190419,152.01464286308683,9975
208.31097342873167,151.83388584515603,9976
208.52586164347701,151.65494231794065,9977
208.7391368103514,151.4778191949181,9978
208.9507898590293,151.30252304870632,9979
209.1608120992527,151.1290601135837,9980
209.36919521807957,150.9574362881848,9981
209.57593127692223,150.7876571383656,9982
209.78101270838303,150.6197279002327,9983
209.9844323128953,150.45365348332916,9984
210.18618325517795,150.28943847397142,9985
210.38625906051072,150.12708713872982,9986
210.58465361083947,149.96660342804742,9987
210.7813611407181,149.80799097998943,9988
210.97637623309595,149.65125312411786,9989
211.1696938149591,149.49639288548366,9990
211.361309152832,149.34341298873127,9991
211.55121784814924,149.19231586230768,9992
211.73941583250388,149.04310364277083,9993
211.9258993627811,148.89577817919036,9994
212.11066501618404,148.75034103763426,9995
212.2937096851605,148.6067935057358,9996
212.4750305722369,148.46513659733418,9997
212.6546251847679,148.3253710571829,9998
212.83249132960822,148.18749736571996,9999
213.0086271077145,148.051515743894,10000
213.18303090868343,147.91742615804037,10001
213.35570140523387,147.7852283248025,10002
213.52663754763898,147.65492171609137,10003
213.6958385581155,147.52650556407923,10004
213.86330392517584,147.39997886622163,10005
214.02903339795043,147.27534039030232,10006
214.19302698048483,147.15258867949692,10007
214.35528492601878,147.0317220574496,10008
214.51580773125227,146.9127386333586,10009
214.6745961306044,146.7956363070658,10010
214.83165109046993,146.68041277414596,10011
214.98697380347926,146.56706553099153,10012
215.1405656827666,146.4555918798884,10013
215.2924283562509,146.34598893407923,10014
215.44256366093407,146.23825362281022,10015
215.5909736372215,146.1323826963575,10016
215.73766052326866,146.02837273102995,10017
215.88262674935723,145.926220134145,10018
216.02587493230615,145.82592114897363,10019
216.16740786991951,145.7274718596526,10020
216.30722853547596,145.6308681960597,10021
216.44534007226255,145.53610593865042,10022
216.58174578815598,145.44318072325228,10023
216.71644915025436,145.35208804581532,10024
216.84945377956242,145.26282326711572,10025
216.98076344573238,145.1753816174105,10026
217.11038206186342,145.08975820104126,10027
217.23831367936154,145.00594800098514,10028
217.36456248286228,144.92394588335088,10029
217.48913278521835,144.84374660181814,10030
217.6120290225535,144.7653448020193,10031
217.73325574938482,144.6887350258615,10032
217.852817633815,144.61391171578734,10033
217.97071945279535,144.54086921897448,10034
218.08696608746166,144.46960179147104,10035
218.2015625185434,144.40010360226736,10036
218.31451382184784,144.33236873730255,10037
218.42582516381927,144.26639120340494,10038
218.53550179717473,144.20216493216594,10039
218.64354905661668,144.139683783747,10040
218.74997235462314,144.078941550618,10041
218.8547771773157,144.01993196122848,10042
218.95796908040592,143.96264868360953,10043
219.05955368522018,143.90708532890713,10044
219.1595366748033,143.85323545484655,10045
219.25792379010105,143.80109256912758,10046
219.35472082622118,143.75065013275065,10047
219.44993362877324,143.70190156327368,10048
219.5435680902873,143.6548402380001,10049
219.63563014671016,143.60945949709787,10050
219.7261257739804,143.5657526466497,10051
219.81506098468043,143.5237129616353,10052
219.90244182476602,143.48333368884494,10053
219.9882743703725,143.4446080497259,10054
220.07256472469697,143.4075292431612,10055
220.15531901495626,143.37209044818175,10056
220.23654338941958,143.33828482661207,10057
220.31624401451577,143.30610552565034,10058
220.39442707201343,143.2755456803832,10059
220.47109875627459,143.246598416236,10060
220.54626527157953,143.21925685135898,10061
220.61993282952335,143.19351409895071,10062
220.69210764648213,143.16936326951839,10063
220.76279594114902,143.14679747307665,10064
220.83200393213835,143.12580982128546,10065
220.89973783565736,143.10639342952746,10066
220.96600386324434,143.08854141892616,10067
221.03080821957235,143.0722469183052,10068
221.0941571003175,143.05750306608994,10069
221.15605669009048,143.04430301215226,10070
221.21651316043096,143.03263991959878,10071
221.27553266786308,143.02250696650444,10072
221.3331213520113,143.01389734759124,10073
221.3892853337759,143.00680427585374,10074
221.44403071356643,143.00122098413198,10075
221.49736356959238,142.9971407266326,10076
221.5492899562102,142.99455678039925,10077
221.59981590232508,142.99346244673316,10078
221.6489474098468,142.9938510525648,10079
221.69669045219862,142.99571595177716,10080
221.74305097287782,142.99905052648236,10081
221.78803488406706,143.0038481882516,10082
221.8316480652955,143.0101023792999,10083
221.87389636214846,143.01780657362647,10084
221.91478558502487,143.0269542781115,10085
221.95432150794096,143.0375390335701,10086
221.99250986737982,143.04955441576476,10087
222.02935636118517,143.0629940363766,10088
222.06486664749872,143.0778515439368,10089
222.09904634373993,143.0941206247188,10090
222.1319010256274,143.11179500359216,10091
222.16343622624046,143.1308684448389,10092
222.1936574351205,143.15133475293337,10093
222.22257009741068,143.17318777328606,10094
222.25017961303323,143.19642139295271,10095
222.27649133590347,143.22102954130898,10096
222.30151057317966,143.24700619069185,10097
222.32524258454717,143.2743453570085,10098
222.34769258153716,143.30304110031315,10099
222.368865726878,143.33308752535288,10100
222.38876713387856,143.36447878208338,10101
222.40740186584353,143.39720906615477,10102
222.42477493551831,143.4312726193687,10103
222.4408913045642,143.46666373010743,10104
222.455755883062,143.50337673373528,10105
222.46937352904408,143.54140601297334,10106
222.48174904805293,143.58074599824823,10107
222.49288719272712,143.62139116801524,10108
222.50279266241205,143.6633360490569,10109
222.51147010279655,143.7065752167573,10110
222.51892410557292,143.75110329535283,10111
222.5251592081212,143.7969149581601,10112
222.53017989321592,143.8440049277816,10113
222.53399058875516,143.89236797628942,10114
222.536595667511,143.94199892538816,10115
222.53799944690115,143.9928926465568,10116
222.5382061887806,144.04504406117084,10117
222.53722009925283,144.09844814060483,10118
222.53504532850027,144.15309990631584,10119
222.53168597063322,144.20899442990842,10120
222.5271460635563,144.26612683318157,10121
222.52142958885264,144.3244922881583,10122
222.51454047168465,144.38408601709781,10123
222.50648258071098,144.4449032924916,10124
222.49725972801923,144.5069394370426,10125
222.48687566907412,144.57018982362945,10126
222.47533410268008,144.63464987525487,10127
222.4626386709583,144.70031506497924,10128
222.44879295933748,144.76718091583996,10129
222.4338004965581,144.83524300075604,10130
222.41766475468927,144.90449694241983,10131
222.4003891491587,144.97493841317427,10132
222.38197703879405,145.0465631348782,10133
222.36243172587643,145.11936687875794,10134
222.34175645620516,145.19334546524723,10135
222.3199544191734,145.26849476381474,10136
222.29702874785428,145.34481069277976,10137
222.27298251909744,145.4222892191167,10138
222.24781875363544,145.50092635824802,10139
222.22154041619962,145.58071817382663,10140
222.1941504156454,145.66166077750722,10141
222.16565160508637,145.74375032870765,10142
222.13604678203717,145.82698303435964,10143
222.1053386885648,145.91135514865013,10144
222.07353001144799,145.9968629727523,10145
222.04062338234417,146.08350285454765,10146
222.0066213779648,146.17127118833835,10147
221.97152652025724,146.260164414551,10148
221.9353412765943,146.3501790194308,10149
221.89806805997054,146.4413115347277,10150
221.85970922920546,146.53355853737352,10151
221.8202670891529,146.62691664915093,10152
221.77974389091725,146.72138253635387,10153
221.7381418320754,146.81695290944023,10154
221.6954630569049,146.91362452267643,10155
221.651709656618,147.01139417377408,10156
221.60688366960142,147.11025870351892,10157
221.56098708166118,147.21021499539236,10158
221.51402182627385,147.31125997518512,10159
221.4659897848419,147.41339061060393,10160
221.41689278695512,147.51660391087057,10161
221.36673261065678,147.6208969263138,10162
221.3155109827147,147.72626674795427,10163
221.2632295788974,147.83271050708174,10164
221.20989002425483,147.94022537482627,10165
221.15549389340407,148.04880856172144,10166
221.1000427108194,148.15845731726125,10167
221.0435379511273,148.26916892944985,10168
220.98598103940563,148.38094072434458,10169
220.92737335148783,148.493770065592,10170
220.86771621427096,148.60765435395734,10171
220.80701090602886,148.72259102684689,10172
220.74525865672896,148.83857755782373,10173
220.68246064835438,148.95561145611688,10174
220.6186180152298,149.0736902661232,10175
220.55373184435186,149.1928115669031,10176
220.48780317572422,149.3129729716687,10177
220.42083300269687,149.43417212726607,10178
220.35282227230985,149.55640671364972,10179
220.28377188564158,149.6796744433509,10180
220.21368269816176,149.80397306093863,10181
220.14255552008865,149.9293003424739,10182
220.07039111675115,150.05565409495676,10183
219.99719020895546,150.18303215576663,10184
219.92295347335653,150.3114323920951,10185
219.8476815428343,150.44085270037206,10186
219.77137500687505,150.57129100568415,10187
219.6940344119572,150.7027452611862,10188
219.6156602619428,150.83521344750534,10189
219.5362530184737,150.96869357213728,10190
219.45581310137348,151.10318366883575,10191
219.37434088905417,151.23868179699355,10192
219.29183671892903,151.37518604101655,10193
219.20830088783057,151.51269450968968,10194
219.1237336524346,151.65120533553477,10195
219.03813522968997,151.79071667416093,10196
218.95150579725447,151.93122670360643,10197
218.86384549393682,152.07273362367255,10198
218.77515442014518,152.21523565524913,10199
218.685432638342,152.3587310396317,10200
218.59468017350545,152.50321803783,10201
218.50289701359816,152.64869492986807,10202
218.41008311004222,152.79516001407524,10203
218.3162383782024,152.94261160636853,10204
218.2213626978758,153.0910480395259,10205
218.12545591378978,153.24046766245021,10206
218.0285178361074,153.3908688394243,10207
217.930548240941,153.542249949356,10208
217.83154687087395,153.69460938501442,10209
217.73151343549108,153.84794555225577,10210
217.63044761191748,154.00225686923972,10211
217.52834904536653,154.15754176563584,10212
217.425217349697,154.31379868181972,10213
217.32105210797963,154.471026068059,10214
217.21585287307332,154.62922238368876,10215
217.10961916821137,154.78838609627672,10216
217.00235048759782,154.9485156807773,10217
216.89404629701448,155.10960961867502,10218
216.7847060344385,155.27166639711726,10219
216.67432911067115,155.43468450803496,10220
216.56291490997788,155.598662447253,10221
216.45046279074003,155.76359871358858,10222
216.3369720861185,155.92949180793792,10223
216.22244210472974,156.09634023235174,10224
216.10687213133411,156.264142489098,10225
215.99026142753726,156.43289707971346,10226
215.8726092325049,156.60260250404258,10227
215.75391476369052,156.77325725926394,10228
215.63417721757773,156.94485983890445,10229
215.5133957704362,157.11740873184084,10230
215.39156957909262,157.29090242128845,10231
215.26869778171604,157.46533938377675,10232
215.1447794986192,157.64071808811227,10233
215.0198138330745,157.81703699432794,10234
214.89379987214699,157.99429455261946,10235
214.76673668754296,158.1724892022679,10236
214.6386233364755,158.35161937054886,10237
214.50945886254723,158.5316834716279,10238
214.37924229665043,158.71267990544217,10239
214.2479726578851,158.8946070565681,10240
214.115648954495,159.07746329307497,10241
213.9822701848226,159.2612469653644,10242
213.84783533828323,159.4459564049955,10243
213.71234339635808,159.63158992349585,10244
213.57579333360758,159.81814581115776,10245
213.43818411870464,160.00562233582028,10246
213.29951471548893,160.19401774163632,10247
213.1597840840416,160.38333024782548,10248
213.0189911817821,160.5735580474117,10249
212.87713496458628,160.76469930594658,10250
212.73421438792727,160.95675216021732,10251
212.59022840803866,161.14971471694037,10252
212.4451759831007,161.34358505143973,10253
212.29905607445065,161.53836120631047,10254
212.15186764781595,161.73404119006733,10255
212.00360967457277,161.9306229757784,10256
211.8542811330287,162.12810449968356,10257
211.70388100973045,162.32648365979853,10258
211.55240830079754,162.52575831450358,10259
211.39986201328162,162.7259262811175,10260
211.246241166552,162.92698533445687,10261
211.09154479370818,163.12893320538043,10262
210.93577194301926,163.33176757931892,10263
210.77892167939092,163.53548609479023,10264
210.6209930858602,163.74008634190037,10265
210.46198526511859,163.94556586082945,10266
210.3018973410636,164.15192214030426,10267
210.1407284603793,164.3591526160562,10268
209.9784777941462,164.56725466926548,10269
209.81514453948057,164.77622562499153,10270
209.65072792120415,164.98606275059018,10271
209.4852271935435,165.19676325411703,10272
209.3186416418604,165.4083242827181,10273
209.15097058441293,165.62074292100758,10274
208.9822133741477,165.834016189433,10275
208.81236940052344,166.04814104262783,10276
208.64143809136635,166.26311436775285,10277
208.46941891475726,166.47893298282494,10278
208.2963113809508,166.69559363503515,10279
208.12211504432713,166.91309299905603,10280
207.94682950537575,167.13142767533753,10281
207.77045441271224,167.3505941883939,10282
207.59298946512774,167.57058898507998,10283
207.41443441367107,167.79140843285884,10284
207.23478906376414,168.01304881806027,10285
207.05405327735,168.23550634413135,10286
206.87222697507426,168.45877712987914,10287
206.68931013849954,168.6828572077061,10288
206.50530281235274,168.9077425218391,10289
206.32020510680556,169.1334289265527,10290
206.13401719978773,169.35991218438625,10291
205.9467393393332,169.58718796435735,10292
205.75837184595886,169.81525184017067,10293
205.56891511507592,170.0440992884233,10294
205.37836961943302,170.27372568680858,10295
205.18673591159197,170.50412631231694,10296
204.99401462643465,170.73529633943673,10297
204.8002064837016,170.96723083835406,10298
204.6053122905612,171.1999247731541,10299
204.40933294420955,171.43337300002372,10300
204.21226943450037,171.66757026545662,10301
204.01412284660438,171.90251120446172,10302
203.81489436369745,172.13819033877652,10303
203.61458526967732,172.3746020750854,10304
203.4131969519076,172.61174070324466,10305
203.2107309039888,172.84960039451533,10306
203.00718872855552,173.08817519980417,10307
202.80257214009865,173.3274590479147,10308
202.59688296781195,173.56744574380943,10309
202.39012315846213,173.8081289668837,10310
202.182294779281,174.04950226925362,10311
201.9734000208788,174.2915590740579,10312
201.76344120017802,174.53429267377618,10313
201.5524207633655,174.7776962285639,10314
201.34034128886213,175.0217627646069,10315
201.1272054903091,175.26648517249478,10316
200.91301621956833,175.51185620561645,10317
200.6977764697365,175.75786847857762,10318
200.48148937817044,176.00451446564392,10319
200.2641582295225,176.25178649920818,10320
200.0457864587843,176.4996767682863,10321
199.82637765433668,176.74817731704152,10322
199.60593556100415,176.99728004333826,10323
199.3844640831122,177.24697669732933,10324
199.16196728754448,177.49725888007652,10325
198.93844940679895,177.74811804220587,10326
198.71391484203977,177.99954548259902,10327
198.48836816614326,178.25153234712664,10328
198.26181412673515,178.5040696274176,10329
198.0342576492168,178.75714815967513,10330
197.8057038397784,179.01075862353255,10331
197.576157988395,179.2648915409574,10332
197.3456255718048,179.51953727520177,10333
197.11411225646495,179.77468602980534,10334
196.88162390148335,180.03032784764568,10335
196.64816656152257,180.2864526100137,10336
196.41374648967377,180.54305003584892,10337
196.1783701402964,180.80010968086887,10338
195.9420441718216,181.05762093689165,10339
195.7047754495155,181.31557303115787,10340
195.46657104819872,181.57395502572848,10341
195.22743825491975,181.8327558169464,10342
194.98738457157734,182.09196413496352,10343
194.74641771748983,182.35156854333616,10344
194.50454563190635,182.61155743868835,10345
194.2617764764575,182.87191905045051,10346
194.01811863754068,183.13264144066835,10347
193.77358072863757,183.3937125038889,10348
193.52817159255835,183.65511996712314,10349
193.28190030361003,183.91685138988785,10350
193.03477616968453,184.17889416432834,10351
192.78680873426262,184.44123551542364,10352
192.5380077783292,184.70386250127663,10353
192.28838332219684,184.96676201348933,10354
192.03794562723283,185.22992077762652,10355
191.7867051974856,185.49332535376922,10356
191.53467278120704,185.75696213715827,10357
191.28185937226613,186.02081735893108,10358
191.02827621144982,186.28487708695354,10359
190.77393478764716,186.5491272267447,10360
190.51884683891282,186.81355352250262,10361
190.26302435340548,187.0781415582251,10362
190.0064795701973,187.34287675893194,10363
189.74922497995124,187.60774439198894,10364
189.49127332545976,187.87272956853212,10365
189.23263760204503,188.1378172449972,10366
188.97333105781317,188.40299222475272,10367
188.7133671937599,188.66823915983906,10368
188.45275976372542,188.93354255281292,10369
188.1915227741929,189.19888675870067,10370
187.92967048392717,189.46425598705744,10371
187.66721740345236,189.7296343041372,10372
187.40417829436254,189.99500563516983,10373
187.14056816846366,190.26035376674915,10374
186.8764022867438,190.52566234933047,10375
186.6116961581677,190.79091489983847,10376
186.34646553829438,191.0560948043851,10377
186.0807264277143,191.32118532109828,10378
185.81449507030337,191.5861695830609,10379
185.54778795129263,191.8510306013596,10380
185.28062179515058,192.11575126824403,10381
185.01301356327647,192.38031436039458,10382
184.7449804515044,192.64470254229994,10383
184.4765398874135,192.90889836974196,10384
184.2077095274466,193.17288429338842,10385
183.93850725383464,193.4366426624921,10386
183.66895117132478,193.70015572869468,10387
183.39905960371533,193.9634056499354,10388
183.12885109019388,194.22637449446194,10389
182.8583443814797,194.48904424494276,10390
182.58755843577237,194.75139680267904,10391
182.3165124145027,195.01341399191426,10392
182.04522567789442,195.2750775642399,10393
181.77371778032852,195.53636920309478,10394
181.50200846551903,195.79727052835614,10395
181.23011766149898,196.05776310102007,10396
180.95806547541747,196.31782842796824,10397
180.68587218815364,196.57744796681962,10398
180.413558248744,196.83660313086256,10399
180.1411442686332,197.09527529406614,10400
179.868651015763,197.35344579616682,10401
179.59609940842623,197.6110959478264,10402
179.32351050906553,197.8682070358602,10403
179.05090551778315,198.12476032852962,10404
178.77830576577352,198.38073708089698,10405
178.50573270856523,198.63611854023847,10406
178.23320791912,198.89088595151097,10407
177.96075308078244,199.14502056287017,10408
177.6883899800957,199.39850363123352,10409
177.4161404994755,199.65131642788663,10410
177.1440266097609,199.90344024412667,10411
176.87207036263953,200.15485639693935,10412
176.60029388295993,200.40554623470499,10413
176.32871936093247,200.6554911429288,10414
176.05736904423165,200.904672549991,10415
175.78626523000105,201.15307193291198,10416
175.51543025677364,201.40067082312746,10417
175.2448864963116,201.64745081226923,10418
174.97465634537474,201.89339355794638,10419
174.70476221742598,202.13848078952176,10420
174.43522653428153,202.3826943138792,10421
174.16607171771386,202.62601602117627,10422
173.89732018101617,202.8684278905771,10423
173.62899432053712,203.10991199596086,10424
173.36111650719454,203.35045051160049,10425
173.0937090779756,203.59002571780658,10426
172.8267943274341,203.8286200065314,10427
172.56039449919223,204.06621588692795,10428
172.2945317774562,204.30279599085927,10429
172.02922827855497,204.53834307835257,10430
171.76450604250968,204.77284004299378,10431
171.50038702464417,205.0062699172571,10432
171.23689308724448,205.23861587776526,10433
170.97404599127597,205.46986125047493,10434
170.71186738816672,205.69998951578376,10435
170.45037881166695,205.92898431355303,10436
170.18960166979062,206.15682944804317,10437
169.9295572368496,206.3835088927556,10438
169.6702666455881,206.60900679517857,10439
169.41175087942383,206.83330748143158,10440
169.15403076480635,207.0563954608052,10441
168.89712696369824,207.27825543019102,10442
168.64105996618702,207.49887227839997,10443
168.3858500832357,207.71823109036336,10444
168.1315174395782,207.9363171512144,10445
167.8780819667667,208.15311595024662,10446
167.62556339637766,208.36861318474533,10447
167.3739812533823,208.58279476369046,10448
167.12335484968776,208.79564681132672,10449
166.87370327785476,209.00715567059873,10450
166.62504540499714,209.21730790644924,10451
166.37739986686773,209.42609030897734,10452
166.1307850621366,209.633489896455,10453
165.8852191468647,209.83949391820005,10454
165.64072002917854,210.04408985730348,10455
165.39730536414817,210.24726543321012,10456
165.15499254887354,210.44900860415063,10457
164.9137987177813,210.64930756942425,10458
164.67374073813508,210.84815077153135,10459
164.43483520576234,211.04552689815415,10460
164.19709844099927,211.2414248839865,10461
163.96054648485585,211.4358339124109,10462
163.7251950954028,211.62874341702351,10463
163.491059744381,211.82014308300685,10464
163.25815561403527,212.01002284835022,10465
163.02649759417147,212.1983729049185,10466
162.7961002794389,212.38518369936983,10467
162.56697796683653,212.57044593392266,10468
162.33914465344316,212.75415056697352,10469
162.11261403437115,212.93628881356597,10470
161.88739950094165,213.1168521457129,10471
161.66351413908146,213.29583229257233,10472
161.44097072793838,213.47322124047986,10473
161.21978173871472,213.6490112328377,10474
160.99995933371534,213.823194769864,10475
160.78151536560947,213.99576460820265,10476
160.56446137690185,214.16671376039758,10477
160.3488085996119,214.33603549423208,10478
160.13456795515722,214.50372333193678,10479
159.9217500544378,214.66977104926823,10480
159.71036519811807,214.8341726744609,10481
159.50042337710255,214.99692248705526,10482
159.2919342732016,215.15801501660493,10483
159.0849072599832,215.31744504126556,10484
158.8793514038061,215.47520758626848,10485
158.6752754650308,215.6312979222829,10486
158.472687899403,215.7857115636685,10487
158.2715968596055,215.9384442666229,10488
158.0720101969737,216.08949202722673,10489
157.87393546336978,216.2388510793894,10490
157.67737991321056,216.3865178927,10491
157.48235050564435,216.53248917018476,10492
157.28885390687157,216.6767618459773,10493
157.0968964926037,216.8193330829024,10494
156.90648435065606,216.9602002699788,10495
156.71762328366856,217.09936101984334,10496
156.53031881194957,217.2368131661009,10497
156.3445761764376,217.37255476060255,10498
156.16040034177533,217.50658407065686,10499
155.97779599949104,217.6388995761764,10500
155.79676757128166,217.76949996676439,10501
155.61731921239308,217.89838413874352,10502
155.43945481509155,218.02555119213187,10503
155.26317801222166,218.1510004275683,10504
155.08849218084538,218.27473134319104,10505
154.9154004459574,218.39674363147324,10506
154.74390568427125,218.51703717601836,10507
154.57401052807197,218.63561204831876,10508
154.40571736912946,218.75246850448085,10509
154.23902836266882,218.86760698192006,10510
154.07394543139154,218.9810280960287,10511
153.91047026954433,219.09273263681973,10512
153.7486043470299,219.20272156554958,10513
153.58834891355565,219.3109960113229,10514
153.42970500281595,219.4175572676822,10515
153.27267343670334,219.52240678918537,10516
153.11725482954475,219.6255461879734,10517
152.9634495923587,219.7269772303317,10518
152.81125793712923,219.8267018332469,10519
152.6606798810928,219.92472206096218,10520
152.51171525103425,220.0210401215338,10521
152.36436368758862,220.11565836339022,10522
152.21862464954484,220.2085792718977,10523
152.07449741814764,220.2998054659331,10524
151.9319811013953,220.38933969446725,10525
151.79107463832904,220.47718483316038,10526
151.65177680331144,220.56334388097153,10527
151.514086210291,220.64781995678462,10528
151.37800131704972,220.73061629605218,10529
151.2435204294313,220.81173624745924,10530
151.1106417055466,220.8911832696086,10531
150.9793631599554,220.96896092772954,10532
150.84968266781985,221.0450728904112,10533
150.72159796902963,221.11952292636238,10534
150.59510667229495,221.19231490119904,10535
150.470206259206,221.26345277426103,10536
150.34689408825713,221.33294059545912,10537
150.22516739883358,221.4007825021535,10538
150.10502331515877,221.46698271606544,10539
149.98645885020113,221.53154554022228,10540
149.8694709095389,221.59447535593767,10541
149.75405629518033,221.65577661982735,10542
149.64021170933987,221.71545386086157,10543
149.52793375816725,221.77351167745513,10544
149.4172189554295,221.82995473459565,10545
149.30806372614435,221.88478776101053,10546
149.2004644101641,221.9380155463736,10547
149.0944172657092,221.98964293855195,10548
148.98991847285032,222.0396748408934,10549
148.88696413693899,222.08811620955484,10550
148.7855502919853,222.13497205087248,10551
148.68567290398252,222.18024741877358,10552
148.58732787417807,222.22394741223084,10553
148.4905110422905,222.2660771727589,10554
148.39521818967194,222.30664188195354,10555
148.30144504241574,222.34564675907404,10556
148.20918727440917,222.3830970586684,10557
148.1184405103312,222.41899806824134,10558
148.0292003285945,222.45335510596604,10559
147.94146226423246,222.48617351843868,10560
147.8552218117308,222.517458678476,10561
147.77047442780392,222.54721598295646,10562
147.6872155341158,222.57545085070376,10563
147.60544051994597,222.60216872041386,10564
147.52514474480077,222.6273750486241,10565
147.4463235409694,222.65107530772562,10566
147.36897221602607,222.67327498401727,10567
147.29308605527794,222.6939795758024,10568
147.2186603241589,222.71319459152693,10569
147.14569027057044,222.73092554795934,10570
147.07417112716908,222.74717796841173,10571
147.0040981136015,222.76195738100188,10572
146.93546643868754,222.77526931695596,10573
146.86827130255125,222.78711930895133,10574
146.80250789870112,222.7975128894993,10575
146.73817141605988,222.8064555893673,10576
146.67525704094345,222.8139529360401,10577
146.6137599589915,222.82001045221963,10578
146.55367535704826,222.82463365436303,10579
146.4949984249956,222.82782805125828,10580
146.43772435753817,222.82959914263725,10581
146.38184835594154,222.8299524178255,10582
146.32736562972428,222.8288933544285,10583
146.27427139830382,222.82642741705328,10584
146.2225608925979,222.82256005606598,10585
146.17222935658114,222.81729670638384,10586
146.1232720487982,222.81064278630163,10587
146.07568424383396,222.8026036963518,10588
146.02946123374142,222.7931848181983,10589
145.98459832942785,222.78239151356266,10590
145.94109086200055,222.7702291231826,10591
145.89893418407195,222.75670296580248,10592
145.85812367102542,222.74181833719476,10593
145.81865472224266,222.72558050921225,10594
145.7805227622926,222.7079947288705,10595
145.74372324208358,222.6890662174598,10596
145.70825163997804,222.66880016968636,10597
145.67410346287264,222.647201752842,10598
145.6412742472418,222.62427610600201,10599
145.6097595601479,222.60002833925043,10600
145.57955500021708,222.57446353293258,10601
145.55065619858217,222.5475867369337,10602
145.52305881979333,222.51940296998416,10603
145.49675856269658,222.4899172189896,10604
145.47175116128216,222.45913443838668,10605
145.44803238550145,222.4270595495227,10606
145.4255980420551,222.39369744005973,10607
145.40444397515182,222.35905296340206,10608
145.38456606723872,222.32313093814668,10609
145.36596023970407,222.28593614755633,10610
145.3486224535529,222.24747333905475,10611
145.33254871005624,222.2077472237435,10612
145.31773505137448,222.16676247593986,10613
145.3041775611554,222.12452373273567,10614
145.2918723651079,222.08103559357622,10615
145.28081563155135,222.03630261985901,10616
145.2710035719417,221.99032933455223,10617
145.2624324413746,221.9431202218316,10618
145.25509853906664,221.89467972673648,10619
145.24899820881404,221.84501225484357,10620
145.24412783943094,221.79412217195863,10621
145.24048386516682,221.74201380382559,10622
145.2380627661034,221.6886914358524,10623
145.2368610685324,221.63415931285368,10624
145.23687534531396,221.57842163880943,10625
145.23810221621667,221.52148257663964,10626
145.24053834823903,221.46334624799454,10627
145.2441804559137,221.40401673305962,10628
145.24902530159451,221.3434980703758,10629
145.25506969572638,221.28179425667386,10630
145.26231049709943,221.21890924672311,10631
145.27074461308692,221.15484695319378,10632
145.28036899986785,221.0896112465329,10633
145.29118066263462,221.02320595485364,10634
145.303176655786,220.95563486383702,10635
145.31635408310575,220.88690171664692,10636
145.33071009792795,220.8170102138568,10637
145.346241903288,220.74596401338894,10638
145.3629467520612,220.67376673046516,10639
145.38082194708852,220.6004219375694,10640
145.39986484128963,220.5259331644212,10641
145.420072837764,220.45030389796068,10642
145.4414433898805,220.3735375823441,10643
145.4639740013552,220.29563761894994,10644
145.48766222631824,220.2166073663955,10645
145.5125056693698,220.13645014056385,10646
145.5385019856255,220.05516921464033,10647
145.56564888075144,219.97276781915915,10648
145.5939441109895,219.8892491420595,10649
145.62338548317243,219.8046163287512,10650
145.65397085472975,219.7188724821891,10651
145.6856981336843,219.6320206629574,10652
145.7185652786395,219.54406388936195,10653
145.752570298758,219.4550051375322,10654
145.78771125373171,219.364847341531,10655
145.8239862537431,219.2735933934736,10656
145.86139345941842,219.1812461436544,10657
145.8999310817729,219.08780840068246,10658
145.93959738214792,218.99328293162478,10659
145.98039067214046,218.89767246215786,10660
146.02230931352483,218.80097967672694,10661
146.0653517181672,218.70320721871337,10662
146.10951634793255,218.60435769060962,10663
146.15480171458458,218.50443365420176,10664
146.20120637967838,218.40343763075987,10665
146.2487289544462,218.30137210123584,10666
146.2973680996765,218.19823950646867,10667
146.34712252558572,218.09404224739728,10668
146.39799099168403,217.98878268528046,10669
146.4499723066337,217.88246314192457,10670
146.50306532810154,217.77508589991834,10671
146.55726896260435,217.66665320287495,10672
146.6125821653482,217.5571672556815,10673
146.66900394006092,217.44663022475564,10674
146.72653333881874,217.33504423830985,10675
146.7851694618658,217.22241138662233,10676
146.844911457428,217.1087337223159,10677
146.90575852151997,216.9940132606437,10678
146.96770989774595,216.87825197978265,10679
147.03076487709404,216.76145182113382,10680
147.09492279772425,216.64361468963054,10681
147.16018304475006,216.52474245405386,10682
147.2265450500133,216.40483694735562,10683
147.29400829185278,216.28389996698874,10684
147.3625722948662,216.16193327524564,10685
147.43223662966525,216.03893859960382,10686
147.5030009126244,215.91491763307974,10687
147.57486480562238,215.78987203459005,10688
147.64782801577718,215.66380342932098,10689
147.72189029517384,215.53671340910614,10690
147.79705144058505,215.40860353281155,10691
147.8733112931849,215.27947532673005,10692
147.95066973825496,215.14933028498294,10693
148.02912670488283,215.01816986993114,10694
148.10868216565353,214.88599551259406,10695
148.18933613633249,214.75280861307814,10696
148.27108867554114,214.6186105410132,10697
148.3539398844242,214.48340263599886,10698
148.43788990630858,214.3471862080596,10699
148.52293892635413,214.20996253810924,10700
148.60908717119537,214.07173287842477,10701
148.69633490857467,213.93249845313056,10702
148.78468244696623,213.79226045869143,10703
148.87413013519074,213.65102006441677,10704
148.96467836202058,213.50877841297404,10705
149.05632755577525,213.36553662091342,10706
149.14907818390677,213.22129577920268,10707
149.2429307525749,213.07605695377302,10708
149.33788580621157,212.92982118607614,10709
149.4339439270749,212.78258949365235,10710
149.5311057347916,212.63436287071045,10711
149.62937188588873,212.4851422887193,10712
149.7287430733128,212.3349286970112,10713
149.82922002593773,212.183723023398,10714
149.9308035080598,212.0315261747992,10715
150.03349431888049,211.87833903788322,10716
150.1372932919759,211.7241624797214,10717
150.24220129475293,211.56899734845558,10718
150.34821922789186,211.4128444739792,10719
150.45534802477448,211.255704668632,10720
150.56358865089823,211.09757872790945,10721
150.67294210327495,210.9384674311859,10722
150.7834094098148,210.77837154245327,10723
150.8949916286941,210.6172918110742,10724
151.0076898477074,210.4552289725509,10725
151.1215051836027,210.2921837493096,10726
151.23643878139998,210.1281568515009,10727
151.35249181369207,209.96314897781681,10728
151.46966547992778,209.79716081632395,10729
151.58796100567656,209.6301930453144,10730
151.70737964187444,209.46224633417324,10731
151.82792266405045,209.2933213442644,10732
151.9495913715336,209.12341872983404,10733
152.0723870866389,208.9525391389328,10734
152.1963111538334,208.7806832143563,10735
152.32136493887987,208.6078515946055,10736
152.44754982795945,208.43404491486578,10737
152.57486722677143,208.2592638080064,10738
152.70331855960993,208.08350890559993,10739
152.83290526841733,207.90678083896256,10740
152.96362881181344,207.7290802402151,10741
153.09549066409986,207.55040774336558,10742
153.22849231423925,207.37076398541356,10743
153.36263526480863,207.19014960747657,10744
153.4979210309261,207.008565255939,10745
153.6343511391508,206.82601158362397,10746
153.7719271263547,206.64248925098858,10747
153.91065053856673,206.4579989273428,10748
154.05052292978692,206.2725412920924,10749
154.1915458607725,206.0861170360062,10750
154.33372089779203,205.89872686250874,10751
154.47704961135034,205.71037148899737,10752
154.62153357488074,205.52105164818565,10753
154.76717436340573,205.33076808947237,10754
154.91397355216463,205.13952158033715,10755
155.06193271520812,204.94731290776258,10756
155.21105342395808,204.75414287968374,10757
155.36133724573318,204.560012326465,10758
155.51278574223898,204.36492210240468,10759
155.6654004680215,204.1688730872681,10760
155.81918296888452,203.97186618784886,10761
155.9741347802693,203.77390233955927,10762
156.13025742559634,203.57498250804994,10763
156.28755241456793,203.37510769085867,10764
156.44602124143213,203.17427891908952,10765
156.60566538320606,202.9724972591218,10766
156.7664862978587,202.76976381434943,10767
156.9284854224528,202.56607972695127,10768
157.09166417124425,202.36144617969225,10769
157.25602393373927,202.15586439775552,10770
157.42156607270852,201.94933565060637,10771
157.58829192215737,201.7418612538877,10772
157.7562027852518,201.53344257134714,10773
157.92529993219955,201.3240810167965,10774
158.09558459808588,201.11377805610311,10775
158.26705798066328,200.9025352092138,10776
158.43972123809462,200.690354052211,10777
158.6135754866496,200.4772362194014,10778
158.78862179835372,200.26318340543756,10779
158.9648611985891,200.04819736747157,10780
159.14229466364748,199.83227992734183,10781
159.320923118234,199.61543297379214,10782
159.50074743292228,199.39765846472346,10783
159.6817684215602,199.1789584294782,10784
159.86398683862583,198.95933497115666,10785
160.047403376533,198.73879026896591,10786
160.23201866288784,198.51732658060067,10787
160.41783325769364,198.29494624465576,10788
160.6048476505062,198.0716516830703,10789
160.7930622575382,197.84744540360296,10790
160.98247741871285,197.62233000233826,10791
161.1730933946672,197.39630816622318,10792
161.3649103637044,197.16938267563376,10793
161.55792841869606,196.94155640697127,10794
161.75214756393376,196.71283233528766,10795
161.94756771193084,196.48321353693868,10796
162.14418868017418,196.25270319226553,10797
162.34201018782653,196.02130458830297,10798
162.54103185237992,195.78902112151385,10799
162.74125318626054,195.55585630054938,10800
162.94267359338517,195.3218137490334,10801
163.1452923656712,195.08689720837077,10802
163.34910867949904,194.85111054057802,10803
163.55412159212966,194.61445773113556,10804
163.76033003807612,194.3769428918605,10805
163.96773282543228,194.1385702637984,10806
164.17632863215806,193.89934422013295,10807
164.38611600232295,193.65926926911177,10808
164.59709334230948,193.4183500569883,10809
164.80925891697706,193.17659137097598,10810
165.0226108457891,192.93399814221507,10811
165.2371470989031,192.69057544874997,10812
165.45286549322728,192.44632851851418,10813
165.6697636884442,192.2012627323229,10814
165.887839183004,191.9553836268697,10815
166.10708931008895,191.70869689772633,10816
166.32751123355172,191.46120840234306,10817
166.54910194382944,191.21292416304755,10818
166.77185825383603,190.9638503700398,10819
166.9957767948354,190.7139933843809,10820
167.22085401229802,190.46335974097352,10821
167.447086161744,190.21195615153115,10822
167.67446930457493,189.95978950753306,10823
167.9029993038984,189.70686688316357,10824
168.13267182034778,189.45319553823157,10825
168.36348230790097,189.19878292106773,10826
168.59542600970093,188.943636671397,10827
168.82849795388287,188.68776462318237,10828
169.0626929494104,188.43117480743726,10829
169.29800558192588,188.17387545500375,10830
169.53443020961748,187.91587499929173,10831
169.77196095910918,187.65718207897783,10832
170.01059172137573,187.39780554065823,10833
170.25031614768912,187.13775444145338,10834
170.4911276455994,186.8770380515606,10835
170.73301937495611,186.6156658567504,10836
170.97598424397412,186.35364756080284,10837
171.22001490534916,186.0909930878803,10838
171.46510375242846,185.82771258483265,10839
171.7112429154416,185.56381642343027,10840
171.95842425779654,185.2993152025213,10841
172.20663937244723,185.03421975010866,10842
172.45587957833743,184.76854112534397,10843
172.70613591692694,184.5022906204303,10844
172.95739914880673,184.23547976243523,10845
173.20965975040647,183.96812031500468,10846
173.46290791080452,183.70022427997543,10847
173.71713352864222,183.4318038988823,10848
173.9723262091514,183.1628716543545,10849
174.22847526130087,182.89344027139657,10850
174.48556969506603,182.62352271855198,10851
174.74359821883277,182.35313220894,10852
175.00254923693586,182.08228220116743,10853
175.26241084734374,181.8109864001055,10854
175.52317083949217,181.53925875753015,10855
175.78481669227588,181.26711347262264,10856
176.04733557220314,180.99456499232326,10857
176.3107143317203,180.72162801153175,10858
176.5749395077119,180.44831747316275,10859
176.83999732018444,180.17464856803056,10860
177.10587367113712,179.90063673458323,10861
177.37255414363034,179.62629765846054,10862
177.64002400105252,179.35164727188823,10863
177.9082681865953,179.07670175289803,10864
178.17727132294286,178.80147752436662,10865
178.44701771217885,178.52599125287315,10866
178.71749133591743,178.25025984737744,10867
178.98867585566586,177.97430045770494,10868
179.26055461342278,177.69813047284447,10869
179.53311063251212,177.42176751905004,10870
179.80632661867247,177.14522945774888,10871
180.08018496137632,176.868534383247,10872
180.3546677354531,176.59170062023796,10873
180.62975670287776,176.3147467211046,10874
180.90543331492765,176.03769146301903,10875
181.18167871454187,175.760553844833,10876
181.4584737389612,175.48335308376357,10877
181.73579892264823,175.20610861186648,10878
182.01363450048007,174.92884007230245,10879
182.29196041121372,174.6515673153916,10880
182.57075630123708,174.37431039445795,10881
182.85000152859558,174.0970895614624,10882
183.12967516730322,173.8199252624274,10883
183.40975601193534,173.5428381326492,10884
183.69022258250368,173.26584899170507,10885
183.97105312961534,172.9889788382496,10886
184.25222563991196,172.71224884460864,10887
184.5337178417919,172.4356803511664,10888
184.81550721141014,172.15929486055404,10889
185.09757097895604,171.8831140316376,10890
185.37988613520733,171.60715967331052,10891
185.66242943835462,171.3314537380942,10892
185.94517742109548,171.05601831554915,10893
186.22810639799255,170.78087562550175,10894
186.51119247309302,170.50604801109046,10895
186.7944115478025,170.23155793163573,10896
187.0777393290095,169.9574279553406,10897
187.36115133745383,169.6836807518242,10898
187.64462291633333,169.4103390844971,10899
187.92812924014078,169.13742580278225,10900
188.2116453237252,168.8649638341891,10901
188.4951460315685,168.5929761762468,10902
188.7786060872704,168.3214858883045,10903
189.0620000832319,168.05051608320431,10904
189.34530249052858,167.78008991883675,10905
189.62848766896474,167.5102305895839,10906
189.91152987729762,167.24096131766123,10907
190.194403283622,166.9723053443636,10908
190.477081975904,166.7042859212262,10909
190.75953997265347,166.43692630110806,10910
191.0417512337234,166.1702497292074,10911
191.32368967122477,165.90427943401824,10912
191.60532916054507,165.63903861823746,10913
191.88664355145733,165.3745504496316,10914
192.16760667930873,165.1108380518736,10915
192.44819237627482,164.84792449535857,10916
192.72837448266685,164.58583278800938,10917
193.00812685828026,164.32458586608095,10918
193.28742339376853,164.0642065849742,10919
193.5662380220327,163.804717710069,10920
193.84454472960982,163.54614190758682,10921
194.1223175680496,163.28850173549273,10922
194.3995306652642,163.0318196344469,10923
194.676158236838,162.77611791881574,10924
194.9521745972854,162.52141876775246,10925
195.2275541712411,162.26774421635713,10926
195.5022715045718,162.01511614692572,10927
195.77630127539453,161.76355628029813,10928
196.04961830499033,161.51308616731444,10929
196.32219756859925,161.2637271803886,10930
196.59401420608486,161.01550050520916,10931
196.8650435324557,160.76842713257562,10932
197.13526104823222,160.52252785037936,10933
197.40464244964633,160.27782323573712,10934
197.67316363866374,160.03433364728642,10935
197.9408007328169,159.79207921764933,10936
198.20753007483796,159.55107984607386,10937
198.4733282420818,159.311355191259,10938
198.73817205572934,159.07292466437158,10939
199.00203858976076,158.83580742226087,10940
199.26490517969083,158.60002236087792,10941
199.5267494310564,158.36558810890537,10942
199.78754922764932,158.13252302160353,10943
200.04728273948547,157.90084517487819,10944
200.30592843050462,157.67057235957486,10945
200.56346506599292,157.44172207600448,10946
200.81987171972264,157.21431152870412,10947
201.0751277808028,156.98835762143716,10948
201.32921296023727,156.7638769524361,10949
201.58210729718334,156.5408858098909,10950
201.83379116490838,156.31940016768553,10951
202.08424527644095,156.099435681385,10952
202.33345068991278,155.88100768447475,10953
202.58138881358903,155.66413118485397,10954
202.82804141058583,155.44882086158324,10955
203.073390603273,155.23509106188777,10956
203.31741887736075,155.02295579841652,10957
203.560109085671,154.81242874675635,10958
203.801444451592,154.60352324320192,10959
204.0414085722185,154.39625228277905,10960
204.27998542117692,154.1906285175215,10961
204.5171593511382,153.98666425499908,10962
204.75291509601985,153.78437145709526,10963
204.98723777287952,153.58376173903164,10964
205.22011288350365,153.3848463686379,10965
205.4515263156931,153.18763626586286,10966
205.68146434425108,152.99214200252456,10967
205.9099136316765,152.79837380229557,10968
206.13686122856654,152.6063415409197,10969
206.3622945737352,152.41605474665627,10970
206.5862014940503,152.2275226009479,10971
206.80857020399677,152.04075393930688,10972
207.02938930497012,151.85575725241594,10973
207.2486477843071,151.67254068743833,10974
207.466335014059,151.49111204953218,10975
207.6824407495149,151.31147880356397,10976
207.89695512748065,151.1336480760154,10977
208.10986866432066,150.95762665707872,10978
208.32117225377033,150.78342100293426,10979
208.5308571645249,150.61103723820477,10980
208.7389150376132,150.44048115858024,10981
208.94533788356313,150.27175823360778,10982
209.15011807936668,150.10487360964007,10983
209.353248365252,149.93983211293616,10984
209.55472184127026,149.77663825290895,10985
209.75453196370503,149.61529622551265,10986
209.95267254131198,149.45580991676414,10987
210.1491377313967,149.29818290639193,10988
210.34392203573847,149.14241847160665,10989
210.53702029636779,148.9885195909863,10990
210.72842769120524,148.83648894847062,10991
210.91813972957004,148.68632893745811,10992
211.10615224756475,148.53804166499927,10993
211.29246140334553,148.39162895608044,10994
211.47706367228346,148.24709235799182,10995
211.65995584202645,148.10443314477368,10996
211.84113500746716,147.96365232173483,10997
212.02059856562585,147.824750630038,10998
212.19834421045417,147.6877285513454,10999
212.37436992756741,147.55258631251968,11000
212.5486739889121,147.41932389037444,11001
212.72125494737546,147.2879410164685,11002
212.89211163134365,147.15843718193926,11003
213.0612431392151,147.03081164236917,11004
213.22864883387498,146.90506342268088,11005
213.39432833713758,146.78119132205578,11006
213.55828152416169,146.659193918871,11007
213.72050851784581,146.53906957565033,11008
213.88100968320796,146.42081644402438,11009
214.03978562175587,146.30443246969583,11010
214.19683716585294,146.18991539740477,11011
214.35216537308506,146.07726277589106,11012
214.50577152063272,145.96647196284846,11013
214.657657099654,145.85754012986766,11014
214.80782380968213,145.75046426736404,11015
214.95627355304282,145.6452411894864,11016
215.10300842929445,145.5418675390039,11017
215.24803072969652,145.44033979216698,11018
215.39134293170912,145.34065426353988,11019
215.5329476935273,145.2428071108015,11020
215.67284784865413,145.14679433951153,11021
215.81104640051564,145.0526118078393,11022
215.94754651712032,144.96025523125292,11023
216.08235152576697,144.86972018716602,11024
216.2154649078027,144.7810021195396,11025
216.34689029343488,144.69409634343742,11026
216.47663145659814,144.60899804953203,11027
216.60469230988005,144.52570230856065,11028
216.73107689950658,144.44420407572744,11029
216.85578940039022,144.3644981950524,11030
216.9788341112418,144.28657940366364,11031
217.10021544974842,144.210442336033,11032
217.21993794781847,144.13608152815223,11033
217.33800624689565,144.06349142164996,11034
217.4544250933433,143.99266636784722,11035
217.5691993338995,143.92360063175116,11036
217.6823339112049,143.8562883959858,11037
217.79383385940392,143.79072376465908,11038
217.90370429981974,143.72690076716518,11039
218.01195043670424,143.6648133619223,11040
218.11857755306343,143.60445544004435,11041
218.22359100655885,143.54582082894677,11042
218.32699622548478,143.48890329588605,11043
218.42879870482275,143.43369655143223,11044
218.52900400237252,143.380194252875,11045
218.6276177349598,143.32839000756195,11046
218.72464557472142,143.27827737617068,11047
218.82009324546698,143.22984987591306,11048
218.91396651911774,143.18310098367252,11049
219.0062712122218,143.13802413907493,11050
219.09701318254588,143.09461274749202,11051
219.18619832574302,143.05286018297878,11052
219.27383257209613,143.0127597911446,11053
219.3599218833365,142.97430489195818,11054
219.44447224953743,142.93748878248743,11055
219.52748968608168,142.90230473957396,11056
219.60898023070268,142.8687460224431,11057
219.68894994059895,142.8368058752499,11058
219.76740488962002,142.80647752956145,11059
219.84435116552504,142.77775420677642,11060
219.91979486731105,142.75062912048222,11061
219.993742102612,142.72509547875023,11062
220.06619898516664,142.70114648637067,11063
220.13717163235472,142.67877534702626,11064
220.20666616280073,142.65797526540695,11065
220.2746886940441,142.63873944926564,11066
220.3412453402751,142.62106111141566,11067
220.40634221013508,142.60493347167107,11068
220.46998540458094,142.59034975873038,11069
220.53218101481175,142.57730321200478,11070
220.5929351202575,142.56578708339106,11071
220.65225378662828,142.55579463899085,11072
220.71014306402344,142.54731916077657,11073
220.76660898509914,142.54035394820502,11074
220.8216575632937,142.53489231977952,11075
220.87529479110952,142.53092761456128,11076
220.9275266384505,142.52845319363107,11077
220.97835905101425,142.52746244150222,11078
221.02779794873732,142.52794876748544,11079
221.07584922429322,142.52990560700644,11080
221.12251874164184,142.53332642287745,11081
221.16781233462888,142.5382047065233,11082
221.21173580563504,142.54453397916288,11083
221.254294924273,142.55230779294737,11084
221.2954954261323,142.56151973205507,11085
221.33534301156976,142.57216341374496,11086
221.3738433445454,142.58423248936873,11087
221.41100205150286,142.59772064534286,11088
221.44682472029254,142.61262160408148,11089
221.48131689913725,142.62892912489016,11090
221.514484095639,142.64663700482282,11091
221.5463317758262,142.66573907950104,11092
221.57686536323988,142.68622922389773,11093
221.60609023805858,142.70810135308557,11094
221.6340117362605,142.7313494229507,11095
221.66063514882222,142.7559674308732,11096
221.685965720953,142.7819494163741,11097
221.71000865136364,142.80928946173094,11098
221.73276909156942,142.83798169256147,11099
221.75425214522573,142.8680202783768,11100
221.77446286749597,142.89939943310483,11101
221.79340626445045,142.93211341558438,11102
221.81108729249593,142.9661565300309,11103
221.82751085783465,143.00152312647427,11104
221.84268181595203,143.03820760116992,11105
221.85660497113264,143.0762043969829,11106
221.86928507600322,143.11550800374673,11107
221.880726831102,143.15611295859696,11108
221.8909348844741,143.1980138462802,11109
221.89991383129177,143.24120529943923,11110
221.90766821349877,143.28568199887525,11111
221.91420251947864,143.33143867378703,11112
221.9195211837455,143.37847010198817,11113
221.92362858665743,143.4267711101029,11114
221.9265290541512,143.47633657374098,11115
221.92822685749792,143.5271614176521,11116
221.92872621307924,143.57924061586067,11117
221.928031282183,143.63256919178068,11118
221.92614617081816,143.68714221831254,11119
221.92307492954797,143.74295481792112,11120
221.91882155334144,143.8000021626959,11121
221.91338998144207,143.85827947439395,11122
221.90678409725328,143.91778202446602,11123
221.89900772824052,143.97850513406595,11124
221.8900646458487,144.04044417404413,11125
221.8799585654355,144.10359456492554,11126
221.8686931462191,144.16795177687237,11127
221.8562719912405,144.23351132963185,11128
221.8426986473396,144.3002687924699,11129
221.8279766051448,144.36821978409048,11130
221.81210929907567,144.43735997254137,11131
221.79510010735825,144.5076850751067,11132
221.7769523520523,144.57919085818656,11133
221.7576692990907,144.65187313716365,11134
221.73725415833013,144.72572777625803,11135
221.7157100836127,144.80075068836962,11136
221.69304017283832,144.87693783490914,11137
221.66924746804764,144.95428522561735,11138
221.64433495551464,145.03278891837368,11139
221.61830556584923,145.11244501899333,11140
221.5911621741089,145.19324968101435,11141
221.56290759991978,145.27519910547397,11142
221.53354460760642,145.35828954067512,11143
221.50307590632968,145.44251728194283,11144
221.47150415023347,145.52787867137096,11145
221.43883193859898,145.6143700975597,11146
221.40506181600702,145.70198799534364,11147
221.3701962725074,145.7907288455107,11148
221.33423774379614,145.8805891745124,11149
221.2971886113992,145.97156555416544,11150
221.2590512028634,146.06365460134438,11151
221.21982779195395,146.1568529776664,11152
221.1795205988582,146.25115738916753,11153
221.13813179039596,146.34656458597104,11154
221.09566348023577,146.44307136194755,11155
221.05211772911727,146.5406745543675,11156
221.00749654507905,146.63937104354636,11157
220.96180188369263,146.7391577524811,11158
220.91503564830154,146.84003164648038,11159
220.86719969026606,146.94198973278668,11160
220.81829580921317,147.04502906019124,11161
220.76832575329163,147.14914671864173,11162
220.71729121943227,147.254339838843,11163
220.66519385361312,147.36060559185037,11164
220.6120352511296,147.46794118865606,11165
220.55781695686935,147.57634387976887,11166
220.50254046559212,147.68581095478643,11167
220.44620722221404,147.7963397419609,11168
220.38881862209695,147.9079276077578,11169
220.33037601134174,148.0205719564078,11170
220.27088068708707,148.13427022945183,11171
220.2103338978119,148.2490199052794,11172
220.14873684364312,148.36481849866001,11173
220.08609067666734,148.4816635602679,11174
220.0223965012474,148.59955267619975,11175
219.95765537434335,148.7184834674859,11176
219.89186830583785,148.83845358959456,11177
219.82503625886642,148.95946073192906,11178
219.75716015015195,149.0815026173184,11179
219.68824085034396,149.20457700150087,11180
219.6182791843625,149.32868167260068,11181
219.5472759317468,149.45381445059738,11182
219.4752318270085,149.57997318678883,11183
219.40214755998997,149.70715576324645,11184
219.32802377622704,149.83536009226358,11185
219.25286107731722,149.96458411579667,11186
219.17666002129252,150.0948258048992,11187
219.09942112299768,150.22608315914803,11188
219.02114485447333,150.3583542060627,11189
218.9418316453447,150.4916370005168,11190
218.86148188321562,150.625929624142,11191
218.78009591406806,150.76123018472444,11192
218.69767404266733,150.89753681559304,11193
218.6142165329731,151.03484767500044,11194
218.52972360855622,151.1731609454953,11195
218.4441954530218,151.3124748332872,11196
218.3576322104381,151.45278756760283,11197
218.2700339857724,151.59409740003403,11198
218.1814008453325,151.73640260387774,11199
218.0917328172159,151.87970147346675,11200
218.00102989176503,152.02399232349254,11201
217.90929202202997,152.16927348831845,11202
217.81651912423817,152.315543321285,11203
217.7227110782716,152.4628001940051,11204
217.6278677281517,152.6110424956508,11205
217.5319888825319,152.76026863223052,11206
217.43507431519834,152.91047702585644,11207
217.3371237655787,153.0616661140031,11208
217.23813693925973,153.21383434875514,11209
217.13811350851313,153.36698019604626,11210
217.03705311283076,153.52110213488731,11211
216.93495535946883,153.67619865658457,11212
216.83181982400134,153.83226826394753,11213
216.72764605088375,153.98930947048615,11214
216.6224335540261,154.1473207995975,11215
216.51618181737652,154.3063007837416,11216
216.40889029551545,154.46624796360607,11217
216.3005584142602,154.62716088725983,11218
216.19118557128104,154.7890381092955,11219
216.0807711367284,154.95187818995998,11220
215.96931445387182,155.11567969427384,11221
215.85681483975083,155.28044119113858,11222
215.74327158583807,155.44616125243203,11223
215.62868395871533,155.61283845209155,11224
215.51305120076185,155.78047136518495,11225
215.39637253085687,155.94905856696914,11226
215.27864714509454,156.1185986319357,11227
215.1598742175141,156.28909013284385,11228
215.04005290084305,156.46053163974085,11229
214.91918232725604,156.6329217189686,11230
214.79726160914805,156.8062589321574,11231
214.67428983992326,156.9805418352061,11232
214.55026609479938,157.15576897724893,11233
214.4251894316284,157.33193889960793,11234
214.29905889173364,157.50905013473223,11235
214.1718735007635,157.68710120512264,11236
214.04363226956278,157.86609062224272,11237
213.91433419506137,158.04601688541464,11238
213.7839782611811,158.22687848070132,11239
213.65256343976085,158.40867387977346,11240
213.52008869150086,158.59140153876209,11241
213.38655296692588,158.77505989709616,11242
213.25195520736813,158.95964737632494,11243
213.1162943459703,159.14516237892556,11244
212.97956930870902,159.33160328709513,11245
212.8417790154395,159.51896846152763,11246
212.70292238096093,159.70725624017504,11247
212.5629983161041,159.8964649369936,11248
212.422005728841,160.08659284067363,11249
212.27994352541697,160.2776382133541,11250
212.13681061150612,160.46959928932145,11251
211.99260589338994,160.6624742736921,11252
211.8473282791597,160.85626134107977,11253
211.7009766799437,161.05095863424603,11254
211.55355001115868,161.24656426273546,11255
211.40504719378652,161.4430763014946,11256
211.25546715567694,161.64049278947462,11257
211.10480883287565,161.83881172821816,11258
210.95307117097937,162.03803108043027,11259
210.8002531265174,162.2381487685328,11260
210.64635366836072,162.43916267320307,11261
210.49137177915856,162.64107063189684,11262
210.33530645680332,162.84387043735472,11263
210.17815671592368,163.0475598360931,11264
210.01992158940692,163.25213652687924,11265
209.86060012995011,163.45759815919067,11266
209.7001914116415,163.66394233165883,11267
209.53869453157142,163.8711665904974,11268
209.37610861147405,164.0792684279151,11269
209.2124327993995,164.2882452805137,11270
209.0476662714173,164.49809452767036,11271
208.88180823335136,164.70881348990594,11272
208.71485792254643,164.92039942723792,11273
208.54681460966674,165.13284953751946,11274
208.37767760052722,165.34616095476414,11275
208.20744623795693,165.5603307474567,11276
208.0361199036959,165.77535591685037,11277
207.86369802032473,165.99123339525073,11278
207.69018005322772,166.2079600442867,11279
207.5155655125896,166.42553265316917,11280
207.33985395542615,166.64394793693657,11281
207.16304498764833,166.8632025346897,11282
206.98513826616127,167.0832930078141,11283
206.80613350099665,167.30421583819233,11284
206.62603045748003,167.525967426405,11285
206.44482895843214,167.74854408992212,11286
206.26252888640494,167.9719420612851,11287
206.07913018595175,168.1961574862792,11288
205.89463286593232,168.42118642209843,11289
205.70903700185153,168.64702483550207,11290
205.52234273823308,168.8736686009641,11291
205.33455029102709,169.1011134988163,11292
205.1456599500515,169.32935521338572,11293
204.9556720814677,169.55838933112653,11294
204.76458713028933,169.78821133874783,11295
204.57240562292492,170.01881662133837,11296
204.379128169753,170.25020046048735,11297
204.18475546773,170.48235803240476,11298
203.98928830303097,170.7152844060394,11299
203.79272755372102,170.94897454119757,11300
203.59507419245892,171.18342328666247,11301
203.39632928923123,171.41862537831494,11302
203.1964940141162,171.65457543725745,11303
202.9955696400778,171.8912679679419,11304
202.7935575457878,172.12869735630176,11305
202.59045921847618,172.3668578678911,11306
202.38627625680897,172.60574364603008,11307
202.1810103737917,172.84534870995904,11308
201.97466339969864,173.08566695300206,11309
201.76723728502623,173.3266921407413,11310
201.55873410346956,173.56841790920336,11311
201.34915605492108,173.81083776305928,11312
201.13850546848997,174.05394507383858,11313
200.92678480554105,174.29773307816035,11314
200.71399666275207,174.54219487598132,11315
200.50014377518744,174.78732342886252,11316
200.2852290193872,175.03311155825745,11317
200.06925541646982,175.279551943821,11318
199.85222613524675,175.52663712174308,11319
199.6341444953472,175.77435948310617,11320
199.41501397035125,176.0227112722712,11321
199.19483819092952,176.27168458529007,11322
198.9736209479873,176.52127136834883,11323
198.75136619581096,176.77146341624362,11324
198.5280780552146,177.02225237088885,11325
198.30376081668473,177.27362971986153,11326
198.0784189435207,177.5255867949815,11327
197.85205707496803,177.77811477093286,11328
197.62468002934298,178.03120466392267,11329
197.39629280714473,178.28484733038653,11330
197.16690059415345,178.53903346573472,11331
196.93650876451062,178.79375360314725,11332
196.7051228837799,179.04899811241694,11333
196.4727487119841,179.30475719884194,11334
196.2393922066166,179.56102090217283,11335
196.00505952562344,179.81777909561177,11336
195.76975703035302,180.07502148486122,11337
195.53349128846992,180.33273760725532,11338
195.29626907683027,180.59091683092103,11339
195.0580973843139,180.84954835401874,11340
194.81898341461127,181.1086212040459,11341
194.57893458896055,181.36812423720463,11342
194.33795854883147,181.62804613784024,11343
194.09606315855245,181.88837541794797,11344
193.8532565078769,182.14910041675216,11345
193.60954691448515,182.410209300365,11346
193.36494292641788,182.67169006151633,11347
193.11945332443696,182.93353051936577,11348
192.87308712430996,183.19571831939365,11349
192.62585357901455,183.45824093337748,11350
192.37776218085745,183.7210856594504,11351
192.1288226635053,183.98423962224797,11352
191.8790450039225,184.24768977314375,11353
191.62843942421142,184.5114228905751,11354
191.3770163933515,184.7754255804613,11355
191.1247866288332,185.03968427671657,11356
190.8717610981808,185.30418524185933,11357
190.61795102036226,185.56891456771848,11358
190.36336786707977,185.83385817623977,11359
190.10802336393812,186.09900182039377,11360
189.85192949148566,186.3643310851861,11361
189.59509848612458,186.62983138877243,11362
189.33754284088553,186.89548798367903,11363
189.07927530606278,187.16128595813078,11364
188.82030888970613,187.42721023748726,11365
188.5606568579649,187.69324558578973,11366
188.30033273528036,187.9593766074181,11367
188.03935030442344,188.22558774886065,11368
187.77772360637195,188.49186330059626,11369
187.51546694002647,188.75818739909178,11370
187.2525948617585,189.0245440289131,11371
186.98912218478878,189.2909170249525,11372
186.72506397839337,189.55729007477228,11373
186.46043556693184,189.82364672106476,11374
186.19525252869644,190.08997036422974,11375
185.92953069457872,190.3562442650695,11376
185.66328614655092,190.62245154760117,11377
185.3965352159596,190.8885752019867,11378
185.12929448162822,191.15459808758112,11379
184.86158076776815,191.42050293609745,11380
184.59341114169504,191.68627235488896,11381
184.32480291134829,191.95188883034822,11382
184.05577362261323,192.21733473142191,11383
183.7863410564446,192.4825923132413,11384
183.5165232257879,192.7476437208663,11385
183.246338372302,193.01247099314364,11386
182.975804962879,193.27705606667703,11387
182.70494168596022,193.54138077990774,11388
182.43376744765425,193.80542687730488,11389
182.16230136764767,194.0691760136633,11390
181.89056277492077,194.33260975850743,11391
181.61857120325593,194.59570960059875,11392
181.34634638655106,194.85845695254565,11393
181.07390825393404,195.12083315551223,11394
180.80127692467946,195.38281948402505,11395
180.52847270293157,195.64439715087354,11396
180.25551607223505,195.90554731210312,11397
179.98242768987606,196.16625107209674,11398
179.70922838103982,196.42648948874253,11399
179.4359391327745,196.68624357868447,11400
179.16258108778817,196.94549432265202,11401
178.88917553806672,197.20422267086576,11402
178.61574391831087,197.46240954851592,11403
178.34230779921666,197.7200358613085,11404
178.06888888058643,197.97708250107672,11405
177.79550898428926,198.23353035145274,11406
177.52219004706149,198.48936029359595,11407
177.24895411316723,198.7445532119731,11408
176.97582332691536,198.99909000018638,11409
176.70281992504246,199.25295156684456,11410
176.4299662289711,199.50611884147247,11411
176.15728463694313,199.75857278045444,11412
175.8847976160424,200.01029437300676,11413
175.61252769410964,200.2612646471735,11414
175.34049745155932,200.51146467584218,11415
175.0687295131033,200.76087558277248,11416
174.79724653939385,201.0094785486342,11417
174.52607121858918,201.25725481704822,11418
174.2552262578535,201.50418570062612,11419
173.9847343747977,201.7502525870022,11420
173.71461828887112,201.9954369448534,11421
173.4449007127106,202.23972032990093,11422
173.17560434345938,202.48308439088888,11423
172.90675185406067,202.725510875534,11424
172.63836588453842,202.96698163644132,11425
172.3704690332716,203.20747863698028,11426
172.10308384827363,203.4469839571158,11427
171.8362328184837,203.6854797991892,11428
171.56993836508153,203.92294849364316,11429
171.30422283283252,204.15937250468633,11430
171.03910848147427,204.39473443589097,11431
170.77461747715245,204.62901703572015,11432
170.51077188391525,204.86220320297764,11433
170.24759365527618,205.09427599217727,11434
169.98510462585264,205.3252186188252,11435
169.72332650309053,205.55501446461142,11436
169.46228085908245,205.7836470825053,11437
169.2019891224883,206.0111002017506,11438
168.94247257056705,206.2373577327558,11439
168.68375232132723,206.46240377187476,11440
168.42584932580388,206.68622260607424,11441
168.16878436047065,206.90879871748393,11442
167.91257801979356,207.1301167878248,11443
167.65725070893473,207.35016170271257,11444
167.40282263661155,207.56891855583254,11445
167.14931380811964,207.78637265298218,11446
166.8967440185257,208.00250951597835,11447
166.64513284603495,208.21731488642655,11448
166.39449964554169,208.43077472934868,11449
166.14486354236612,208.64287523666724,11450
165.89624342618436,208.85360283054294,11451
165.64865794515563,209.06294416656425,11452
165.4021255002516,209.2708861367861,11453
165.1566642397926,209.47741587261604,11454
164.91229205419378,209.6825207475467,11455
164.6690265709253,209.88618837973254,11456
164.42688514969066,210.0884066344098,11457
164.18588487782398,210.28916362615894,11458
163.9460425659111,210.48844772100819,11459
163.70737474363557,210.68624753837827,11460
163.46989765585104,210.88255195286726,11461
163.2336272588831,211.07735009587586,11462
162.99857921705973,211.27063135707272,11463
162.76476889947324,211.46238538570032,11464
162.5322113769725,211.65260209172166,11465
162.30092141938712,211.84127164680837,11466
162.0709134929821,212.02838448517073,11467
161.84220175814357,212.21393130423164,11468
161.61480006729417,212.39790306514385,11469
161.38872196303726,212.58029099315374,11470
161.1639806765285,212.7610865778118,11471
160.94058912607323,212.940281573032,11472
160.71855991594748,213.1178679970019,11473
160.4979053354406,213.29383813194536,11474
160.2786373581168,213.46818452373992,11475
160.06076764129313,213.6408999813915,11476
159.84430752573053,213.81197757636824,11477
159.62926803553512,213.9814106417966,11478
159.41565987826613,214.14919277152205,11479
159.20349344524632,214.3153178190374,11480
158.99277881207234,214.47977989628112,11481
158.78352573931932,214.64257337230958,11482
158.57574367343673,214.8036928718454,11483
158.36944174783065,214.96313327370572,11484
158.16462878412798,215.12088970911296,11485
157.96131329361793,215.2769575598926,11486
157.7595034788658,215.43133245656006,11487
157.55920723549468,215.5840102763011,11488
157.36043215412923,215.73498714084874,11489
157.16318552249757,215.8842594142606,11490
156.96747432768464,216.03182370060023,11491
156.77330525853327,216.1776768415257,11492
156.5806847081864,216.3218159137899,11493
156.38961877676593,216.46423822665514,11494
156.20011327418268,216.60494131922732,11495
156.01217372307133,216.74392295771142,11496
155.82580536184562,216.881181132594,11497
155.6410131478687,217.01671405575493,11498
155.45780176073185,217.15052015751303,11499
155.2761756056373,217.28259808360866,11500
155.0961388168796,217.4129466921274,11501
154.91769526141957,217.54156505036832,11502
154.74084854254585,217.66845243166017,11503
154.56560200361912,217.7936083121296,11504
154.39195873189297,217.9170323674246,11505
154.21992156240668,218.0387244693969,11506
154.0494930819448,218.15868468274616,11507
153.88067563305847,218.27691326163048,11508
153.71347131814326,218.39341064624568,11509
153.5478820035687,218.50817745937678,11510
153.3839093238549,218.62121450292503,11511
153.22155468589176,218.73252275441416,11512
153.06081927319494,218.8421033634778,11513
152.90170405019592,218.9499576483324,11514
152.74420976655983,219.0560870922374,11515
152.58833696152846,219.16049333994673,11516
152.43408596828274,219.26317819415343,11517
152.28145691832182,219.3641436119309,11518
152.1304497458539,219.46339170117284,11519
151.98106419219528,219.56092471703505,11520
151.8332998101742,219.65674505838106,11521
151.68715596853522,219.7508552642345,11522
151.54263185634122,219.84325801024002,11523
151.39972648736892,219.93395610513576,11524
151.25843870449566,220.02295248723883,11525
151.11876718407336,220.11025022094623,11526
150.98071044028703,220.19585249325354,11527
150.8442668294952,220.27976261029247,11528
150.70943455454872,220.3619839938902,11529
150.57621166908618,220.44252017815148,11530
150.44459608180267,220.52137480606558,11531
150.31458556069015,220.59855162613954,11532
150.18617773724594,220.67405448905942,11533
150.05937011064887,220.7478873443809,11534
149.93416005189943,220.8200542372508,11535
149.8105448079227,220.89055930516037,11536
149.6885215056322,220.95940677473237,11537
149.56808715595255,221.0266009585423,11538
149.4492386577999,221.09214625197538,11539
149.33197280201762,221.15604713012036,11540
149.21628627526712,221.2183081447005,11541
149.10217566387104,221.27893392104355,11542
148.98963745760878,221.33792915509062,11543
148.87866805346243,221.39529861044542,11544
148.76926375931234,221.45104711546412,11545
148.66142079758146,221.50517956038672,11546
148.5551353088272,221.55770089451048,11547
148.4504033552806,221.60861612340554,11548
148.34722092433128,221.65793030617397,11549
148.24558393195863,221.70564855275194,11550
148.14548822610737,221.75177602125567,11551
148.04692959000818,221.7963179153715,11552
147.94990374544224,221.83927948179024,11553
147.8544063559497,221.88066600768593,11554
147.7604330299816,221.92048281823955,11555
147.66797932399527,221.95873527420736,11556
147.57704074549255,221.99542876953385,11557
147.48761275600162,222.03056872901035,11558
147.3996907740013,222.06416060597778,11559
147.3132701777889,222.09620988007455,11560
147.2283463082908,222.1267220550295,11561
147.14491447181663,222.15570265649907,11562
147.06296994275655,222.18315722994953,11563
146.98250796622239,222.209091338583,11564
146.90352376063248,222.2335105613079,11565
146.82601252024074,222.25642049075373,11566
146.74996941761034,222.2778267313286,11567
146.675389606032,222.29773489732105,11568
146.6022682218879,222.31615061104443,11569
146.53060038696069,222.33307950102406,11570
146.4603812106894,222.34852720022693,11571
146.39160579237168,222.36249934433334,11572
146.32426922331263,222.37500157005022,11573
146.2583665889224,222.38603951346545,11574
146.19389297076134,222.3956188084433,11575
146.13084344853408,222.40374508505997,11576
146.06921310203322,222.41042396807902,11577
146.008997013033,222.41566107546655,11578
145.9501902671338,222.41946201694483,11579
145.89278795555785,222.4218323925848,11580
145.83678517689708,222.42277779143637,11581
145.78217703881361,222.42230379019622,11582
145.7289586596937,222.42041595191242,11583
145.67712517025575,222.41711982472563,11584
145.62667171511325,222.41242094064623,11585
145.577593454293,222.40632481436649,11586
145.52988556470984,222.39883694210783,11587
145.48354324159806,222.38996280050256,11588
145.43856169990093,222.3797078455087,11589
145.39493617561817,222.3680775113586,11590
145.35266192711293,222.3550772095398,11591
145.31173423637867,222.34071232780843,11592
145.27214841026642,222.3249882292336,11593
145.23389978167373,222.30791025127314,11594
145.19698371069538,222.2894837048796,11595
145.16139558573758,222.26971387363625,11596
145.1271308245949,222.24860601292244,11597
145.0941848754921,222.22616534910753,11598
145.0625532180909,222.20239707877334,11599
145.0322313644624,222.17730636796426,11600
145.00321486002602,222.15089835146432,11601
144.97549928445562,222.12317813210134,11602
144.94908025255344,222.09415078007663,11603
144.92395341509274,222.06382133232088,11604
144.9001144596298,222.0321947918747,11605
144.87755911128556,221.99927612729397,11606
144.85628313349812,221.9650702720791,11607
144.83628232874668,221.929582124128,11608
144.81755253924717,221.89281654521193,11609
144.80008964762067,221.8547783604743,11610
144.78388957753492,221.81547235795108,11611
144.7689482943202,221.77490328811297,11612
144.75526180555903,221.73307586342915,11613
144.7428261616517,221.68999475795118,11614
144.73163745635716,221.64566460691734,11615
144.72169182731034,221.6000900063768,11616
144.7129854565164,221.55327551283315,11617
144.70551457082274,221.50522564290665,11618
144.69927544236864,221.4559448730153,11619
144.69426438901394,221.40543763907374,11620
144.6904777747469,221.35370833620965,11621
144.68791201007147,221.30076131849802,11622
144.68656355237505,221.24660089871176,11623
144.68642890627729,221.19123134808865,11624
144.68750462395946,221.13465689611516,11625
144.68978730547641,221.0768817303251,11626
144.69327359905014,221.01790999611447,11627
144.69796020134658,220.95774579657058,11628
144.70384385773517,220.89639319231634,11629
144.71092136253256,220.83385620136886,11630
144.71918955922993,220.7701387990117,11631
144.72864534070504,220.70524491768137,11632
144.73928564941946,220.63917844686657,11633
144.75110747760073,220.57194323302096,11634
144.76410786741062,220.50354307948868,11635
144.77828391109932,220.43398174644219,11636
144.79363275114645,220.36326295083214,11637
144.81015158038846,220.29139036634984,11638
144.82783764213397,220.2183676234006,11639
144.846688230266,220.14419830908915,11640
144.8667006893329,220.06888596721572,11641
144.88787241462674,219.99243409828344,11642
144.910200852251,219.9148461595161,11643
144.9336834991767,219.83612556488686,11644
144.95831790328793,219.75627568515662,11645
144.98410166341688,219.6752998479228,11646
145.0110324293684,219.59320133767815,11647
145.039107901935,219.50998339587863,11648
145.06832583290173,219.42564922102147,11649
145.09868402504173,219.34020196873175,11650
145.13018033210273,219.25364475185899,11651
145.16281265878436,219.16598064058195,11652
145.19657896070657,219.07721266252258,11653
145.23147724436996,218.9873438028687,11654
145.26750556710718,218.89637700450498,11655
145.30466203702653,218.8043151681525,11656
145.34294481294742,218.7111611525164,11657
145.3823521043281,218.616917774442,11658
145.42288217118562,218.52158780907848,11659
145.46453332400836,218.42517399005104,11660
145.50730392366134,218.32767900964026,11661
145.55119238128395,218.22910551897,11662
145.5961971581811,218.1294561282023,11663
145.642316765707,218.02873340674006,11664
145.68954976514217,217.92693988343765,11665
145.73789476756394,217.82407804681822,11666
145.78735043370992,217.72015034529915,11667
145.83791547383518,217.6151591874245,11668
145.88958864756285,217.50910694210484,11669
145.9423687637282,217.4019959388644,11670
145.9962546802165,217.29382846809548,11671
146.05124530379445,217.18460678132018,11672
146.10733958993532,217.0743330914592,11673
146.164536542638,216.96300957310805,11674
146.2228352142396,216.85063836282038,11675
146.282234705222,216.73722155939848,11676
146.34273416401234,216.62276122419135,11677
146.4043327867767,216.50725938139962,11678
146.46702981720858,216.390718018388,11679
146.5308245463101,216.27313908600502,11680
146.5957163121678,216.15452449891032,11681
146.66170449972154,216.03487613590892,11682
146.72878854052755,215.91419584029336,11683
146.79696791251465,215.79248542019323,11684
146.8662421397346,215.66974664893232,11685
146.93661079210543,215.5459812653933,11686
147.0080734851482,215.42119097439038,11687
147.0806298797178,215.29537744704965,11688
147.154279681726,215.16854232119718,11689
147.22902264185834,215.04068720175582,11690
147.3048585552839,214.91181366114898,11691
147.38178726135774,214.78192323971382,11692
147.45980864331653,214.65101744612198,11693
147.53892262796657,214.51909775780913,11694
147.6191291853642,214.3861656214132,11695
147.70042832848907,214.25222245322095,11696
147.7828201129091,214.1172696396237,11697
147.86630463643755,213.98130853758238,11698
147.95088203878234,213.844340475101,11699
148.03655250118658,213.70636675171016,11700
148.12331624606063,213.5673886389597,11701
148.2111735366058,213.42740738092118,11702
148.3001246764286,213.28642419470006,11703
148.39017000914626,213.14444027095817,11704
148.48130991798232,213.00145677444613,11705
148.57354482535325,212.8574748445464,11706
148.6668751924446,212.7124955958269,11707
148.76130151877737,212.56652011860544,11708
148.85682434176368,212.41954947952524,11709
148.95344423625204,212.27158472214177,11710
149.05116181406132,212.1226268675209,11711
149.1499777235038,211.9726769148491,11712
149.24989264889638,211.82173584205538,11713
149.3509073100599,211.66980460644544,11714
149.45302246180654,211.51688414534854,11715
149.5562388934143,211.36297537677663,11716
149.66055742808882,211.20807920009713,11717
149.76597892241196,211.05219649671824,11718
149.87250426577668,210.89532813078827,11719
149.98013437980796,210.73747494990877,11720
150.08887021776965,210.57863778586128,11721
150.19871276395625,210.4188174553491,11722
150.30966303306957,210.2580147607533,11723
150.42172206958014,210.0962304909036,11724
150.53489094707254,209.9334654218651,11725
150.64917076757422,209.76972031774,11726
150.7645626608676,209.6049959314855,11727
150.881067783785,209.43929300574771,11728
150.9986873194859,209.2726122737126,11729
151.1174224767156,209.10495445997304,11730
151.237274489046,208.93632028141369,11731
151.35824461409638,208.766710448113,11732
151.48033413273532,208.59612566426358,11733
151.6035443482621,208.42456662911005,11734
151.72787658556751,208.2520340379061,11735
151.85333219027373,208.07852858289016,11736
151.97991252785235,207.9040509542803,11737
152.10761898272008,207.72860184128893,11738
152.23645295731222,207.5521819331574,11739
152.3664158711322,207.37479192021064,11740
152.49750915977796,207.19643249493305,11741
152.62973427394317,207.01710435306504,11742
152.7630926783941,206.83680819472093,11743
152.8975858509206,206.65554472552918,11744
153.03321528126102,206.4733146577941,11745
153.16998247000032,206.2901187116805,11746
153.30788892744107,206.10595761642114,11747
153.44693617244602,205.9208321115474,11748
153.58712573125266,205.73474294814372,11749
153.72845913625824,205.54769089012566,11750
153.870937924775,205.35967671554283,11751
154.01456363775526,205.17070121790604,11752
154.159337818485,204.98076520753997,11753
154.30526201124624,204.78986951296085,11754
154.45233775994654,204.5980149822803,11755
154.6005666067161,204.40520248463497,11756
154.7499500904708,204.21143291164282,11757
154.9004897454412,204.0167071788863,11758
155.05218709966658,203.82102622742227,11759
155.2050436734534,203.6243910253199,11760
155.35906097779778,203.42680256922597,11761
155.51424051277084,203.2282618859584,11762
155.67058376586672,203.02877003412803,11763
155.82809221031275,202.82832810578932,11764
155.98676730334023,202.62693722811971,11765
156.14661048441678,202.4245985651282,11766
156.307623173438,202.2213133193938,11767
156.4698067688787,202.01708273383306,11768
156.63316264590316,201.81190809349812,11769
156.79769215443343,201.6057907274044,11770
156.9633966171754,201.39873201038884,11771
157.13027732760173,201.19073336499898,11772
157.29833554789155,200.98179626341187,11773
157.46757250682603,200.77192222938473,11774
157.63798939763927,200.5611128402358,11775
157.8095873758243,200.34936972885671,11776
157.98236755689345,200.13669458575552,11777
158.15633101409287,199.92308916113134,11778
158.33147877607018,199.70855526697974,11779
158.50781182449563,199.4930947792295,11780
158.6853310916359,199.27670963991037,11781
158.86403745788,199.05940185935216,11782
159.04393174921742,198.8411735184147,11783
159.22501473466806,198.6220267707482,11784
159.4072871236631,198.40196384508502,11785
159.59074956337787,198.18098704756153,11786
159.77540263601463,197.95909876407035,11787
159.96124685603718,197.7363014626424,11788
160.14828266735566,197.51259769585906,11789
160.33651044046198,197.28799010329317,11790
160.5259304695159,197.06248141397955,11791
160.71654296938195,196.83607444891337,11792
160.9083480726165,196.6087721235771,11793
161.10134582640626,196.38057745049483,11794
161.29553618945735,196.15149354181318,11795
161.4909190288358,195.92152361190898,11796
161.68749411675947,195.69067098002225,11797
161.8852611273419,195.45893907291418,11798
162.0842196332887,195.226331427549,11799
162.2843691025463,194.99285169379922,11800
162.48570889490486,194.7585036371731,11801
162.68823825855443,194.52329114156342,11802
162.89195632659653,194.28721821201682,11803
163.0968621135111,194.05028897752138,11804
163.3029545115799,193.8125076938139,11805
163.51023228726788,193.5738787462018,11806
163.71869407756228,193.33440665240258,11807
163.9283383862722,193.0940960653957,11808
164.1391635802891,192.85295177628814,11809
164.35116788580942,192.61097871719036,11810
164.56434938452082,192.36818196410252,11811
164.77870600975479,192.12456673980782,11812
164.99423554260514,191.88013841677207,11813
165.21093560801637,191.63490252004777,11814
165.4288036708421,191.38886473018044,11815
165.64783703187655,191.1420308861147,11816
165.8680328238612,190.8944069880995,11817
166.08938800746822,190.64599920058862,11818
166.3118993672635,190.39681385513555,11819
166.53556350765194,190.14685745327938,11820
166.76037684880743,189.89613666942037,11821
166.98633562258965,189.64465835368117,11822
167.21343586845202,189.39242953475332,11823
167.44167342934261,189.13945742272332,11824
167.67104394760113,188.88574941187943,11825
167.90154286085635,188.6313130834918,11826
168.133165397926,188.3761562085675,11827
168.3659065747243,188.1202867505735,11828
168.59976119017878,187.86371286812783,11829
168.83472382216215,187.60644291765308,11830
169.0707888234422,187.3484854559906,11831
169.30795031765373,187.08984924297164,11832
169.5462021952974,186.8305432439417,11833
169.7855381097689,186.57057663223497,11834
170.02595147342458,186.30995879159488,11835
170.26743545368575,186.0486993185376,11836
170.50998296918885,185.78680802465504,11837
170.7535866859851,185.52429493885174,11838
170.9982390137942,185.26117030951417,11839
171.24393210231895,184.9974446066079,11840
171.4906578376241,184.73312852369725,11841
171.73840783858603,184.4682329798841,11842
171.98717345341854,184.2027691216651,11843
172.23694575627962,183.9367483246956,11844
172.48771554396635,183.67018219546492,11845
172.73947333270175,183.40308257287236,11846
172.992209355021,183.135461529703,11847
173.2459135567629,182.86733137399762,11848
173.5005755941711,182.59870465031307,11849
173.756184831113,182.3295941408699,11850
174.01273033642153,182.06001286657926,11851
174.27020088136572,181.78997408795067,11852
174.52858493725708,181.51949130587101,11853
174.78787067319743,181.24857826225409,11854
175.04804595397525,180.97724894055239,11855
175.3090983381145,180.70551756613472,11856
175.5710150760863,180.43339860651668,11857
175.833783108685,180.1609067714425,11858
176.09738906557848,179.88805701283593,11859
176.3618192640377,179.61486452452755,11860
176.62705970784967,179.34134474194795,11861
176.8930960864244,179.06751334152733,11862
177.15991377409654,178.79338624000604,11863
177.42749782963025,178.5189795935531,11864
177.69583299593592,178.24430979671396,11865
177.96490369999694,177.96939348117792,11866
178.2346940530199,177.6942475143732,11867
178.50518785080726,177.41888899787074,11868
178.77636857436346,177.14333526561,11869
179.04821939073287,176.86760388193196,11870
179.32072315408203,176.59171263942358,11871
179.5938624070205,176.3156795565689,11872
179.86761938218277,176.03952287520556,11873
180.14197600403205,175.76326105778278,11874
180.41691389098455,175.48691278442413,11875
180.6924143577136,175.2104969497876,11876
180.96845841777133,174.9340326597262,11877
181.2450267864678,174.65753922774556,11878
181.52209988400466,174.38103617126015,11879
181.79965783889227,174.10454320764612,11880
182.07768049163505,173.82808025008973,11881
182.35614739869243,173.5516674032358,11882
182.6350378367149,173.27532495863068,11883
182.91433080705517,172.9990733899653,11884
183.19400504055832,172.72293334811766,11885
183.47403900262574,172.4469256559946,11886
183.75441089855667,172.17107130317783,11887
184.0350986791626,171.89539144037332,11888
184.3160800466564,171.619907373668,11889
184.59733246081217,171.34464055859513,11890
184.87883314539448,171.06961259401308,11891
185.16055909485263,170.7948452157992,11892
185.4424870812788,170.520360290363,11893
185.72459366162482,170.246179807983,11894
186.00685518517372,169.97232587597097,11895
186.28924780126042,169.69882071166845,11896
186.57174746723882,169.4256866352803,11897
186.85432995668637,169.15294606255074,11898
187.13697086784268,168.88062149728768,11899
187.41964563227316,168.60873552374053,11900
187.7023295237532,168.33731079883833,11901
187.98499766736316,168.0663700442942,11902
188.2676250487868,167.7959360385834,11903
188.5501865238059,167.526031608802,11904
188.8326568279804,167.25667962241232,11905
189.11501058650606,166.98790297888502,11906
189.3972223242396,166.71972460124306,11907
189.67926647588132,166.45216742751785,11908
189.9611173963051,166.18525440212417,11909
190.24274937102442,165.9190084671636,11910
190.52413662678413,165.6534525536642,11911
190.80525334226613,165.38860957276611,11912
191.0860736588976,165.1245024068615,11913
191.36657169174939,164.86115390069818,11914
191.64672154051357,164.5985868524567,11915
191.9264973005465,164.33682400480922,11916
192.2058730739658,164.07588803597108,11917
192.484822980788,163.81580155075346,11918
192.76332117009497,163.55658707162738,11919
193.04134183121474,163.2982670298084,11920
193.31885920490527,163.04086375637215,11921
193.595847594527,162.78439947341013,11922
193.872281377192,162.52889628523485,11923
194.14813501487586,162.2743761696451,11924
194.4233830654799,162.02086096926016,11925
194.6980001938303,161.76837238293234,11926
194.97196118260197,161.51693195724758,11927
195.2452409431535,161.26656107812352,11928
195.5178145262612,161.01728096251338,11929
195.78965713273988,160.76911265022548,11930
196.0607441239376,160.52207699586674,11931
196.33105103209311,160.27619466091883,11932
196.60055357054338,160.03148610595517,11933
196.86922764377059,159.78797158300756,11934
197.13704935727702,159.5456711280894,11935
197.40399502727692,159.304604553884,11936
197.6700411901948,159.0647914426049,11937
197.93516461196063,158.8262511390355,11938
198.19934229709122,158.58900274375452,11939
198.4625514975494,158.35306510655437,11940
198.72476972137133,158.11845682005753,11941
198.98597474105378,157.88519621353817,11942
199.2461446016935,157.6533013469531,11943
199.5052576288706,157.42279000518838,11944
199.7632924362696,157.19367969252522,11945
200.02022793303053,156.96598762733086,11946
200.27604333082496,156.73973073697707,11947
200.53071815065067,156.51492565299114,11948
200.78423222934023,156.29158870644207,11949
201.0365657257784,156.06973592356474,11950
201.28769912682506,155.84938302162504,11951
201.53761325293925,155.63054540502765,11952
201.78628926350174,155.41323816166863,11953
202.03370866183363,155.1974760595339,11954
202.2798532999085,154.98327354354475,11955
202.52470538275722,154.7706447326509,11956
202.76824747256387,154.55960341717176,11957
203.01046249245243,154.35016305638496,11958
203.25133372996436,154.14233677636267,11959
203.49084484022708,153.9361373680545,11960
203.72897984881493,153.7315772856151,11961
203.96572315430328,153.52866864497642,11962
204.2010595305178,153.32742322266162,11963
204.43497412848185,153.1278524548388,11964
204.66745247806315,152.9299674366125,11965
204.89848048932456,152.73377892154963,11966
205.1280444535809,152.53929732143746,11967
205.35613104416663,152.34653270626958,11968
205.58272731691815,152.15549480445696,11969
205.80782071037564,151.96619300326003,11970
206.03139904570833,151.77863634943776,11971
206.25345052636965,151.59283355010925,11972
206.473963737487,151.40879297382378,11973
206.6929276449916,151.22652265183436,11974
206.91033159449518,151.04603027956986,11975
207.12616530991883,150.86732321830092,11976
207.34041889188137,150.6904084969944,11977
207.55308281585263,150.51529281435046,11978
207.76414793008004,150.34198254101815,11979
207.97360545329386,150.17048372198246,11980
208.181446972199,150.00080207911788,11981
208.38766443876088,149.83294301390274,11982
208.5922501672919,149.66691161028837,11983
208.79519683134657,149.50271263771697,11984
208.99649746043212,149.3403505542824,11985
209.19614543654313,149.17982951002813,11986
209.3941344905268,149.02115335037558,11987
209.59045869828685,148.86432561967783,11988
209.7851124768338,148.7093495648918,11989
209.9780905801891,148.55622813936284,11990
210.16938809515048,148.40496400671682,11991
210.35900043692664,148.25555954485202,11992
210.5469233446484,148.1080168500261,11993
210.7331528767635,147.96233774103197,11994
210.91768540632336,147.8185237634563,11995
211.10051761616808,147.67657619401504,11996
211.28164649401765,147.53649604496061,11997
211.4610693274761,147.39828406855446,11998
211.63878369895585,147.26194076159962,11999
211.8147874805288,147.12746637002823,12000
211.98907882871154,146.9948608935378,12001
212.16165617919086,146.86412409027164,12002
212.3325182414959,146.73525548153776,12003
212.50166399362402,146.60825435656176,12004
212.6690926766259,146.48311977726792,12005
212.8348037891563,146.3598505830843,12006
212.99879708199632,146.23844539576717,12007
213.16107255255278,146.1189026242395,12008
213.32163043934045,146.00122046943991,12009
213.48047121645223,145.88539692917706,12010
213.6375955880232,145.77142980298578,12011
213.79300448269262,145.65931669698057,12012
213.94669904806966,145.5490550287025,12013
214.09868064520677,145.44064203195634,12014
214.2489508430861,145.33407476163327,12015
214.3975114131223,145.22935009851665,12016
214.54436432368695,145.12646475406655,12017
214.6895117346577,145.02541527518096,12018
214.83295599199647,144.9261980489293,12019
214.9746996223601,144.82880930725642,12020
215.11474532774727,144.73324513165312,12021
215.2530959801844,144.639501457792,12022
215.38975461645444,144.54757408012435,12023
215.52472443287084,144.45745865643732,12024
215.65800878009975,144.36915071236763,12025
215.78961115803327,144.28264564587099,12026
215.9195352107161,144.19793873164383,12027
216.04778472132762,144.1150251254969,12028
216.17436360722243,144.0338998686776,12029
216.29927591503002,143.95455789214014,12030
216.4225258158172,143.87699402076208,12031
216.54411760031317,143.80120297750508,12032
216.66405567420054,143.7271793875193,12033
216.78234455347237,143.65491778218976,12034
216.89898885985767,143.58441260312375,12035
217.01399331631586,143.5156582060783,12036
217.12736274260138,143.4486488648264,12037
217.23910205090021,143.38337877496187,12038
217.34921624153753,143.3198420576415,12039
217.45771039875925,143.2580327632641,12040
217.56458968658634,143.197944875086,12041
217.6698593447437,143.13957231277206,12042
217.77352468466324,143.08290893588287,12043
217.87559108556192,143.02794854729626,12044
217.97606399059504,142.97468489656424,12045
218.07494890308445,142.92311168320498,12046
218.17225138282265,142.87322255992862,12047
218.2679770424517,142.8250111357987,12048
218.36213154391788,142.7784709793276,12049
218.45472059500133,142.7335956215071,12050
218.54574994592048,142.69037855877386,12051
218.63522538601146,142.64881325590991,12052
218.72315274048177,142.60889314887874,12053
218.80953786723762,142.57061164759696,12054
218.89438665378518,142.53396213864218,12055
218.97770501420445,142.49893798789716,12056
219.05949888619566,142.46553254313116,12057
219.1397742281978,142.43373913651845,12058
219.2185370165778,142.4035510870949,12059
219.29579324289068,142.37496170315276,12060
219.3715489112092,142.3479642845749,12061
219.4458100355227,142.32255212510842,12062
219.51858263720422,142.29871851457844,12063
219.58987274254477,142.2764567410433,12064
219.65968638035463,142.25576009289097,12065
219.72802957962995,142.2366218608779,12066
219.79490836728434,142.21903534011116,12067
219.86032876594447,142.20299383197437,12068
219.92429679180862,142.1884906459979,12069
219.98681845256698,142.1755191016749,12070
220.04789974538352,142.1640725302231,12071
220.10754665493758,142.15414427629415,12072
220.16576515152474,142.1457276996299,12073
220.2225611892157,142.13881617666817,12074
220.27794070407245,142.1334031020973,12075
220.33190961242045,142.12948189036138,12076
220.38447380917574,142.12704597711644,12077
220.43563916622665,142.12608882063859,12078
220.485411530868,142.12660390318504,12079
220.53379672428744,142.12858473230875,12080
220.58080054010335,142.13202484212744,12081
220.62642874295202,142.13691779454828,12082
220.6706870671243,142.14325718044867,12083
220.71358121525014,142.15103662081373,12084
220.75511685702983,142.1602497678321,12085
220.79529962801172,142.1708903059505,12086
220.8341351284144,142.18295195288738,12087
220.87162892199328,142.19642846060748,12088
220.90778653494993,142.21131361625737,12089
220.9426134548835,142.22760124306296,12090
220.97611512978335,142.24528520119006,12091
221.00829696706157,142.26435938856847,12092
221.0391643326248,142.2848177416803,12093
221.06872254998444,142.306654236314,12094
221.09697689940398,142.32986288828394,12095
221.12393261708263,142.35443775411704,12096
221.1495948943748,142.38037293170663,12097
221.17396887704396,142.40766256093494,12098
221.1970596645504,142.43630082426435,12099
221.2188723093718,142.46628194729848,12100
221.23941181635553,142.4976001993136,12101
221.25868314210308,142.53024989376138,12102
221.2766911943836,142.56422538874338,12103
221.29344083157832,142.5995210874581,12104
221.3089368621526,142.63613143862116,12105
221.32318404415687,142.67405093685943,12106
221.33618708475439,142.71327412307966,12107
221.34795063977543,142.7537955848121,12108
221.35847931329758,142.79560995653028,12109
221.3677776572507,142.83871191994646,12110
221.37585017104655,142.8830962042849,12111
221.38270130123155,142.9287575865319,12112
221.38833544116326,142.97569089166464,12113
221.39275693070837,143.02389099285818,12114
221.3959700559628,143.073352811672,12115
221.39797904899277,143.12407131821632,12116
221.39878808759596,143.17604153129847,12117
221.39840129508286,143.2292585185504,12118
221.39682274007697,143.2837173965373,12119
221.39405643633373,143.3394133308481,12120
221.39010634257767,143.39634153616817,12121
221.38497636235664,143.45449727633493,12122
221.37867034391337,143.5138758643765,12123
221.37119208007329,143.574472662534,12124
221.36254530814827,143.63628308226805,12125
221.35273370985584,143.6993025842496,12126
221.34176091125335,143.76352667833575,12127
221.32963048268638,143.82895092353084,12128
221.31634593875162,143.89557092793314,12129
221.30191073827288,143.96338234866766,12130
221.2863282842904,144.03238089180542,12131
221.26960192406295,144.10256231226916,12132
221.25173494908202,144.17392241372661,12133
221.23273059509825,144.24645704847077,12134
221.21259204215917,144.3201621172883,12135
221.19132241465803,144.39503356931544,12136
221.1689247813937,144.4710674018828,12137
221.14540215564082,144.5482596603484,12138
221.12075749523015,144.62660643792,12139
221.09499370263867,144.70610387546608,12140
221.0681136250894,144.78674816131667,12141
221.04012005465987,144.8685355310537,12142
221.01101572840017,144.9514622672913,12143
220.9808033284591,145.03552469944609,12144
220.949485482219,145.12071920349806,12145
220.91706476243834,145.20704220174184,12146
220.8835436874025,145.29449016252877,12147
220.84892472108191,145.38305960000008,12148
220.81321027329778,145.47274707381087,12149
220.7764026998947,145.56354918884574,12150
220.73850430292052,145.65546259492572,12151
220.69951733081274,145.74848398650698,12152
220.65944397859158,145.842610102371,12153
220.61828638805954,145.93783772530705,12154
220.57604664800687,146.0341636817866,12155
220.53272679442338,146.13158484162972,12156
220.48832881071618,146.230098117664,12157
220.44285462793295,146.32970046537574,12158
220.39630612499093,146.43038888255373,12159
220.34868512891168,146.5321604089256,12160
220.29999341506084,146.63501212578683,12161
220.2502327073934,146.73894115562254,12162
220.1994046787041,146.8439446617221,12163
220.14751095088295,146.95001984778668,12164
220.0945530951758,147.05716395752958,12165
220.04053263244973,147.16537427427005,12166
219.98545103346342,147.27464812051934,12167
219.92930971914225,147.38498285756074,12168
219.87211006085832,147.4963758850221,12169
219.81385338071502,147.60882464044178,12170
219.75454095183645,147.7223265988276,12171
219.69417399866114,147.83687927220922,12172
219.63275369724104,147.95248020918334,12173
219.57028117554458,148.0691269944525,12174
219.5067575137646,148.18681724835648,12175
219.44218374463094,148.3055486263977,12176
219.3765608537274,148.42531881875877,12177
219.3098897798138,148.54612554981392,12178
219.24217141515243,148.66796657763334,12179
219.17340660583906,148.79083969348022,12180
219.10359615213926,148.91474272130137,12181
219.0327408088289,149.0396735172102,12182
218.96084128553983,149.16562996896334,12183
218.88789824711057,149.29260999542942,12184
218.81391231394176,149.42061154605105,12185
218.73888406235668,149.5496326002995,12186
218.6628140249671,149.679671167122,12187
218.58570269104416,149.81072528438156,12188
218.50755050689483,149.94279301828942,12189
218.4283578762433,150.07587246282998,12190
218.34812516061865,150.2099617391778,12191
218.26685267974747,150.3450589951072,12192
218.18454071195265,150.4811624043938,12193
218.10118949455799,150.61827016620802,12194
218.0167992242988,150.75638050450084,12195
217.93137005773886,150.89549166738112,12196
217.84490211169333,151.03560192648465,12197
217.75739546365872,151.17670957633493,12198
217.66885015224904,151.31881293369545,12199
217.5792661776389,151.46191033691318,12200
217.48864350201384,151.60600014525318,12201
217.3969820500276,151.75108073822483,12202
217.30428170926672,151.8971505148983,12203
217.21054233072311,152.04420789321247,12204
217.11576372927385,152.19225130927302,12205
217.01994568416956,152.3412792166414,12206
216.9230879395304,152.49129008561408,12207
216.82519020485105,152.64228240249193,12208
216.72625215551392,152.7942546688398,12209
216.62627343331155,152.94720540073595,12210
216.52525364697794,153.10113312801136,12211
216.42319237272952,153.2560363934783,12212
216.32008915481543,153.411913752149,12213
216.21594350607808,153.56876377044267,12214
216.11075490852375,153.72658502538255,12215
216.00452281390346,153.88537610378128,12216
215.89724664430491,154.04513560141524,12217
215.78892579275524,154.20586212218748,12218
215.67955962383516,154.36755427727905,12219
215.56914747430488,154.53021068428865,12220
215.45768865374157,154.69382996636017,12221
215.34518244518952,154.8584107512982,12222
215.2316281058227,155.02395167067155,12223
215.11702486762013,155.19045135890363,12224
215.00137193805472,155.35790845235093,12225
214.88466850079524,155.5263215883681,12226
214.76691371642292,155.69568940436045,12227
214.6481067231616,155.86601053682296,12228
214.5282466376229,156.03728362036617,12229
214.40733255556646,156.20950728672838,12230
214.28536355267508,156.38268016377418,12231
214.1623386853463,156.5568008744791,12232
214.0382569914993,156.73186803590033,12233
213.91311749139905,156.907880258133,12234
213.7869191884967,157.08483614325203,12235
213.65966107028768,157.26273428424008,12236
213.53134210918745,157.44157326389953,12237
213.40196126342505,157.6213516537509,12238
213.27151747795543,157.8020680129151,12239
213.14000968539068,157.98372088698144,12240
213.00743680695032,158.16630880685952,12241
212.87379775343172,158.34983028761602,12242
212.7390914262003,158.53428382729584,12243
212.60331671820066,158.71966790572714,12244
212.46647251498862,158.90598098331077,12245
212.3285576957846,159.09322149979374,12246
212.18957113454917,159.28138787302612,12247
212.04951170108058,159.47047849770195,12248
211.90837826213559,159.66049174408354,12249
211.76616968257292,159.85142595670962,12250
211.622884826521,160.0432794530865,12251
211.47852255856913,160.23605052236277,12252
211.33308174498396,160.42973742398704,12253
211.1865612549503,160.6243383863492,12254
211.0389599618381,160.81985160540424,12255
210.89027674449432,161.01627524327984,12256
210.74051048856242,161.21360742686596,12257
210.58966008782735,161.41184624638848,12258
210.43772444558894,161.61098975396484,12259
210.28470247606185,161.81103596214348,12260
210.1305931058046,162.0119828424253,12261
209.97539527517634,162.21382832376892,12262
209.8191079398231,162.4165702910782,12263
209.66173007219317,162.62020658367325,12264
209.5032606630823,162.8247349937444,12265
209.34369872320895,163.03015326478902,12266
209.1830432848205,163.2364590900319,12267
209.02129340333008,163.4436501108288,12268
208.8584481589848,163.65172391505328,12269
208.69450665856596,163.8606780354674,12270
208.52946803712115,164.07050994807585,12271
208.36333145972873,164.281217070464,12272
208.19609612329532,164.4927967601201,12273
208.0277612583861,164.70524631274168,12274
207.85832613108914,164.91856296052634,12275
207.6877900449123,165.13274387044743,12276
207.51615234271554,165.3477861425145,12277
207.3434124086762,165.5636868080195,12278
207.16956967028972,165.78044282776767,12279
206.99462360040445,165.99805109029543,12280
206.81857371929175,166.21650841007346,12281
206.64141959675098,166.43581152569757,12282
206.4631608542497,166.65595709806567,12283
206.2837971670996,166.87694170854252,12284
206.10332826666752,167.09876185711263,12285
205.92175394262205,167.3214139605215,12286
205.73907404521609,167.54489435040549,12287
205.55528848760463,167.76919927141154,12288
205.37039724819846,167.9943248793069,12289
205.1844003730531,168.22026723907908,12290
204.99729797829363,168.4470223230276,12291
204.8090902525744,168.67458600884723,12292
204.61977745957458,168.90295407770427,12293
204.42935994052786,169.13212221230563,12294
204.23783811678786,169.36208599496229,12295
204.04521249242728,169.5928409056478,12296
203.85148365687164,169.82438232005182,12297
203.65665228756663,170.05670550763116,12298
203.460719152679,170.28980562965697,12299
203.26368511383023,170.52367773726152,12300
203.06555112886247,170.7583167694835,12301
202.86631825463672,170.99371755131384,12302
202.66598764986176,171.22987479174233,12303
202.4645605779537,171.46678308180822,12304
202.26203840992562,171.70443689265142,12305
202.0584226273056,171.94283057357183,12306
201.85371482508327,172.18195835009124,12307
201.64791671468365,172.42181432202435,12308
201.44103012696647,172.6623924615568,12309
201.23305701525135,172.90368661133368,12310
201.02399945836666,173.14569048255828,12311
200.81385966372093,173.38839765310277,12312
200.60263997039644,173.63180156563348,12313
200.3903428522619,173.87589552575054,12314
200.17697092110512,174.12067270014396,12315
199.96252692978175,174.36612611476815,12316
199.74701377538054,174.61224865303575,12317
199.53043450240207,174.85903305403292,12318
199.31279230595,175.10647191075753,12319
199.09409053493263,175.35455766838072,12320
198.87433269527295,175.60328262253682,12321
198.65352245312525,175.85263891763879,12322
198.43166363809635,176.10261854522483,12323
198.20876024646878,176.35321334233655,12324
197.98481644442433,176.60441498992904,12325
197.75983657126483,176.8562150113186,12326
197.53382514262876,177.10860477066407,12327
197.30678685370015,177.36157547149136,12328
197.07872658240768,177.6151181552556,12329
196.8496493926113,177.86922369994775,12330
196.6195605372734,178.12388281874632,12331
196.38846546161176,178.37908605871547,12332
196.15636980623114,178.63482379955332,12333
195.92327941023086,178.89108625238927,12334
195.68920031428442,179.14786345863948,12335
195.45413876368906,179.40514528890887,12336
195.21810121138097,179.66292144196314,12337
194.98109432091277,179.92118144375297,12338
194.743124969391,180.17991464647682,12339
194.5042002503682,180.43911022779804,12340
194.26432747668719,180.69875718997696,12341
194.02351418327368,180.95884435921735,12342
193.7817681298731,181.2193603850009,12343
193.5390973037276,181.48029373951977,12344
193.29550992218992,181.74163271718524,12345
193.05101443526974,182.0033654342053,12346
192.80561952810814,182.26547982825014,12347
192.55933412337671,182.5279636581955,12348
192.3121673835966,182.79080450394952,12349
192.06412871337358,183.0539897663682,12350
191.81522776154438,183.3175066672571,12351
191.5654744232309,183.58134224946454,12352
191.31487884179677,183.84548337706624,12353
191.0634514107029,184.1099167356456,12354
190.81120277525716,184.37462883267025,12355
190.55814383425368,184.63960599796675,12356
190.3042857414976,184.9048343842963,12357
190.0496399072107,185.17029996803225,12358
189.79421799931384,185.435988549943,12359
189.53803194458112,185.70188575607958,12360
189.2810939296622,185.96797703877203,12361
189.02341640196772,186.2342476777345,12362
188.76501207041414,186.50068278128228,12363
188.50589390602306,186.7672672876606,12364
188.24607514237164,187.03398596648807,12365
187.98556927588928,187.30082342031523,12366
187.72439006599674,187.56776408629972,12367
187.4625515350839,187.8347922380001,12368
187.20006796832195,188.1018919872878,12369
186.93695391330687,188.36904728637936,12370
186.67322417952894,188.63624192999038,12371
186.4088938376677,188.90345955761006,12372
186.1439782187052,189.17068365589904,12373
185.8784929128576,189.43789756121006,12374
185.61245376831988,189.70508446223175,12375
185.34587688982197,189.9722274027567,12376
185.07877863699238,190.23930928457304,12377
184.8111756225285,190.50631287048094,12378
184.54308471016853,190.77322078743185,12379
184.27452301246595,191.0400155297927,12380
184.0055078883624,191.30667946273272,12381
183.73605694055746,191.57319482573405,12382
183.4661880126753,191.8395437362237,12383
183.19591918622464,192.10570819332762,12384
182.92526877735352,192.37167008174532,12385
182.65425533339575,192.63741117574352,12386
182.38289762921121,192.90291314326856,12387
182.11121466331633,193.168157550175,12388
181.8392256538091,193.43312586456952,12389
181.56695003408387,193.69779946126837,12390
181.29440744834218,193.96215962636614,12391
181.02161774689858,194.22618756191392,12392
180.74860098127579,194.4898643907041,12393
180.47537739910567,194.75317116116068,12394
180.2019674388235,195.016088852331,12395
179.92839172418013,195.27859837897665,12396
179.65467105848342,195.54068059676132,12397
179.38082641881022,195.80231630753119,12398
179.1068789498332,196.06348626468585,12399
178.832849957594,196.3241711786355,12400
178.55876090304255,196.58435172234113,12401
178.2846333954124,196.84400853693393,12402
178.01048918541485,197.10312223741,12403
177.73635015826824,197.3616734183964,12404
177.46223832656204,197.61964265998438,12405
177.1881758229637,197.877010533625,12406
176.91418489277098,198.13375760808327,12407
176.64028788632007,198.38986445544612,12408
176.36650725125108,198.6453116571789,12409
176.09286552464187,198.90007981022646,12410
175.81938532501474,199.15414953315283,12411
175.54608934422313,199.40750147231543,12412
175.27300033922702,199.6601163080678,12413
175.00014112376246,199.91197476098642,12414
174.72753455991744,200.16305759811507,12415
174.45520354961607,200.41334563922285,12416
174.183171026025,200.6628197630692,12417
173.91145994488772,200.91146091367025,12418
173.6400932757948,201.15925010656238,12419
173.36909399340215,201.40616843505552,12420
173.09848506860206,201.65219707647137,12421
172.8282894596601,201.89731729836137,12422
172.55853010332356,202.14151046469726,12423
172.28922990591346,202.38475804203014,12424
172.02041173440796,202.62704160561105,12425
171.75209840752734,202.86834284546777,12426
171.48431268682927,203.10864357243267,12427
171.21707726782435,203.3479257241152,12428
170.95041477112161,203.58617137081382,12429
170.68434773361284,203.82336272136155,12430
170.41889859970533,204.0594821289004,12431
170.15408971261246,204.29451209657827,12432
169.88994330571202,204.52843528316347,12433
169.62648149397944,204.7612345085722,12434
169.3637262655077,204.99289275930238,12435
169.10169947312082,205.22339319377082,12436
168.84042282609053,205.452719147547,12437
168.5799178819647,205.68085413847976,12438
168.32020603851558,205.90778187171207,12439
168.0613085258166,206.1334862445794,12440
167.8032463984553,206.35795135138696,12441
167.54604052789068,206.5811614880628,12442
167.289711594962,206.803101156681,12443
167.0342800825563,207.02375506985317,12444
166.77976626844244,207.2431081549828,12445
166.5261902182772,207.46114555838065,12446
166.27357177879114,207.67785264923623,12447
166.021930571159,207.89321502344438,12448
165.7712859845621,208.10721850728163,12449
165.52165716994617,208.31984916093225,12450
165.27306303398223,208.53109328185968,12451
165.02552223323295,208.7409374080219,12452
164.77905316853054,208.94936832092867,12453
164.53367397956995,209.1563730485391,12454
164.2894025397208,209.36193886799714,12455
164.04625645106188,209.56605330820474,12456
163.80425303964097,209.76870415223075,12457
163.5634093509631,209.96987943955506,12458
163.32374214570908,210.169567468147,12459
163.08526789568688,210.36775679637785,12460
162.84800278001666,210.56443624476702,12461
162.6119626815519,210.75959489756184,12462
162.3771631835363,210.95322210415108,12463
162.14361956649802,211.14530748031294,12464
161.9113468053808,211.3358409092975,12465
161.68035956691247,211.524812542745,12466
161.45067220720966,211.71221280144047,12467
161.2222987696185,211.89803237590633,12468
160.99525298279053,212.08226222683368,12469
160.76954825899088,212.2648935853547,12470
160.5451976926395,212.445917953157,12471
160.32221405908066,212.62532710244247,12472
160.10060981358092,212.80311307573217,12473
159.88039709055133,212.97926818552014,12474
159.66158770299168,213.1537850137775,12475
159.44419314215398,213.32665641131064,12476
159.22822457742117,213.49787549697476,12477
159.01369285639848,213.66743565674682,12478
158.80060850521232,213.8353305426597,12479
158.58898172901453,214.0015540716017,12480
158.37882241268608,214.16610042398335,12481
158.170140121737,214.3289640422756,12482
157.96294410339775,214.4901396294226,12483
157.7572432878973,214.64962214713202,12484
157.5530462899229,214.80740681404703,12485
157.35036141025716,214.963489103803,12486
157.14919663758718,215.11786474297276,12487
156.94955965048004,215.27052970890426,12488
156.75145781952006,215.42148022745408,12489
156.5548982096024,215.57071277062076,12490
156.35988758237724,215.71822405408147,12491
156.16643239883936,215.8640110346366,12492
155.97453882205747,216.00807090756513,12493
155.78421272003783,216.1504011038954,12494
155.5954596687165,216.29099928759499,12495
155.4082849550747,216.4298633526831,12496
155.22269358037144,216.56699142027068,12497
155.03869026348815,216.70238183553022,12498
154.85627944437962,216.8360331646007,12499
154.6754652876253,216.9679441914309,12500
154.49625168607608,217.09811391456472,12501
154.3186422645904,217.2265415438728,12502
154.1426403838549,217.35322649723355,12503
153.96824914428333,217.47816839716788,12504
153.79547138998927,217.6013670674309,12505
153.62430971282689,217.72282252956455,12506
153.4547664564946,217.8425349994141,12507
153.28684372069668,217.9605048836129,12508
153.12054336535726,218.07673277603783,12509
152.95586701488276,218.19121945423998,12510
152.79281606246695,218.30396587585244,12511
152.6313916744341,218.41497317497993,12512
152.47159479461615,218.52424265857235,12513
152.31342614875862,218.63177580278565,12514
152.15688624895114,218.73757424933333,12515
152.00197539807854,218.84163980183123,12516
151.8486936942876,218.94397442213852,12517
151.6970410354664,219.0445802266973,12518
151.54701712373105,219.14345948287462,12519
151.3986214699173,219.24061460530805,12520
151.25185339807211,219.3360481522585,12521
151.10671204994262,219.42976282197205,12522
150.96319638945792,219.52176144905366,12523
150.82130520720165,219.6120470008544,12524
150.68103712487076,219.70062257387514,12525
150.54239059971866,219.78749139018808,12526
150.4053639289787,219.87265679387883,12527
150.26995525426582,219.95612224751028,12528
150.13616256595355,220.03789132861056,12529
150.0039837075234,220.1179677261869,12530
149.87341637988442,220.19635523726674,12531
149.74445814566081,220.273057763468,12532
149.61710643344497,220.34807930759962,12533
149.49135854201361,220.42142397029457,12534
149.36721164450597,220.49309594667582,12535
149.24466279256106,220.5630995230569,12536
149.12370892041275,220.63143907367885,12537
149.00434684894088,220.6981190574834,12538
148.88657328967733,220.7631440149248,12539
148.77038484876414,220.82651856482016,12540
148.65577803086447,220.8882474012403,12541
148.5427492430231,220.9483352904409,12542
148.4312947984765,221.00678706783546,12543
148.32141092041115,221.06360763501047,12544
148.21309374566883,221.11880195678359,12545
148.10633932839852,221.1723750583051,12546
148.00114364365345,221.224332022204,12547
147.8975025909332,221.27467798577806,12548
147.79541199766985,221.3234181382288,12549
147.6948676226577,221.37055771794238,12550
147.59586515942635,221.41610200981546,12551
147.4984002395559,221.46005634262744,12552
147.40246843593528,221.50242608645817,12553
147.30806526596194,221.54321665015254,12554
147.215186194684,221.58243347883115,12555
147.123826637884,221.62008205144716,12556
147.0339819651039,221.65616787839008,12557
146.94564750261247,221.69069649913558,12558
146.85881853631372,221.72367347994194,12559
146.7734903145974,221.75510441159247,12560
146.68965805113137,221.78499490718474,12561
146.60731692759597,221.81335059996496,12562
146.52646209636072,221.8401771412089,12563
146.44708868310366,221.86548019814802,12564
146.36919178937356,221.88926545194116,12565
146.29276649509524,221.9115385956911,12566
146.21780786101877,221.93230533250605,12567
146.1443109311123,221.95157137360556,12568
146.07227073490003,221.96934243647038,12569
146.00168228974448,221.9856242430363,12570
145.93254060307476,222.0004225179311,12571
145.86484067456044,222.01374298675424,12572
145.79857749823267,222.02559137439962,12573
145.7337460645516,222.0359734034199,12574
145.67034136242242,222.04489479243222,12575
145.60835838115926,222.0523612545657,12576
145.54779211239853,222.05837849594894,12577
145.48863755196166,222.06295221423787,12578
145.4308897016684,222.06608809718307,12579
145.37454357110136,222.06779182123645,12580
145.31959417932205,222.068069050196,12581
145.26603655653966,222.06692543388917,12582
145.2138657457329,222.0643666068929,12583
145.16307680422585,222.0603981872914,12584
145.11366480521863,222.05502577546974,12585
145.06562483927337,222.04825495294332,12586
145.0189520157564,222.0400912812227,12587
144.97364146423735,222.03054030071294,12588
144.9296883358461,222.01960752964723,12589
144.88708780458788,222.00729846305381,12590
144.8458350686179,221.99361857175583,12591
144.80592535147582,221.97857330140383,12592
144.7673539032808,221.96216807153985,12593
144.73011600188852,221.94440827469265,12594
144.6942069540095,221.9252992755039,12595
144.65962209629163,221.90484640988421,12596
144.62635679636531,221.8830549841987,12597
144.59440645385394,221.8599302744817,12598
144.5637665013489,221.83547752567975,12599
144.5344324053513,221.80970195092226,12600
144.50639966717932,221.7826087308201,12601
144.47966382384428,221.75420301278993,12602
144.45422044889355,221.72448991040585,12603
144.4300651532233,221.69347450277598,12604
144.40719358586009,221.6611618339443,12605
144.3856014347131,221.62755691231754,12606
144.36528442729707,221.59266471011554,12607
144.3462383314269,221.55649016284573,12608
144.32845895588449,221.51903816880036,12609
144.3119421510585,221.48031358857665,12610
144.29668380955766,221.44032124461862,12611
144.28267986679828,221.39906592078086,12612
144.2699263015667,221.35655236191326,12613
144.25841913655697,221.31278527346663,12614
144.248154438885,221.2677693211182,12615
144.23912832057874,221.22150913041705,12616
144.23133693904643,221.1740092864489,12617
144.22477649752202,221.1252743335196,12618
144.21944324548932,221.07530877485726,12619
144.2153334790851,221.02411707233213,12620
144.21244354148166,220.97170364619433,12621
144.21076982324942,220.91807287482845,12622
144.21030876270027,220.86322909452542,12623
144.21105684621176,220.80717659927032,12624
144.21301060853318,220.74991964054644,12625
144.2161666330736,220.69146242715487,12626
144.22052155217233,220.6318091250496,12627
144.22607204735291,220.5709638571872,12628
144.23281484956007,220.50893070339143,12629
144.24074673938122,220.44571370023175,12630
144.2498645472517,220.38131684091618,12631
144.26016515364552,220.31574407519722,12632
144.27164548925106,220.24899930929143,12633
144.2843025351324,220.18108640581187,12634
144.29813332287677,220.11200918371318,12635
144.31313493472857,220.04177141824908,12636
144.32930450371,219.9703768409419,12637
144.34663921372925,219.89782913956404,12638
144.3651362996757,219.82413195813103,12639
144.3847930475037,219.74928889690568,12640
144.4056067943039,219.6733035124136,12641
144.42757492836358,219.59617931746925,12642
144.45069488921584,219.5179197812128,12643
144.47496416767774,219.4385283291573,12644
144.500380305878,219.35800834324604,12645
144.52694089727459,219.27636316191968,12646
144.5546435866622,219.19359608019334,12647
144.58348607017004,219.10971034974327,12648
144.61346609525017,219.02470917900266,12649
144.64458146065675,218.93859573326688,12650
144.67683001641595,218.85137313480774,12651
144.71020966378777,218.76304446299633,12652
144.7447183552185,218.67361275443514,12653
144.78035409428574,218.58308100309807,12654
144.8171149356343,218.4914521604796,12655
144.8549989849052,218.39872913575152,12656
144.894004398656,218.30491479592862,12657
144.93412938427426,218.21001196604166,12658
144.97537219988297,218.1140234293191,12659
145.01773115423913,218.01695192737594,12660
145.061204606625,217.91880016041097,12661
145.1057909667323,217.81957078741118,12662
145.15148869453964,217.71926642636421,12663
145.1982963001832,217.617889654478,12664
145.2462123438206,217.51544300840803,12665
145.2952354354883,217.41192898449205,12666
145.34536423495268,217.307350038992,12667
145.39659745155427,217.20170858834348,12668
145.44893384404634,217.09500700941194,12669
145.50237222042645,216.98724763975716,12670
145.55691143776266,216.87843277790367,12671
145.61255040201266,216.76856468361933,12672
145.6692880678376,216.65764557820074,12673
145.72712343840942,216.54567764476582,12674
145.78605556521208,216.43266302855352,12675
145.84608354783694,216.3186038372311,12676
145.907206533772,216.2035021412081,12677
145.969423718185,216.08735997395794,12678
146.0327343437007,215.97017933234653,12679
146.09713770017171,215.8519621769685,12680
146.16263312444374,215.73271043249028,12681
146.2292200001141,215.61242598800118,12682
146.2968977572844,215.49111069737128,12683
146.36566587230698,215.36876637961737,12684
146.43552386752484,215.24539481927604,12685
146.50647131100536,215.12099776678477,12686
146.57850781626757,214.99557693887047,12687
146.6516330420027,214.86913401894597,12688
146.72584669178835,214.7416706575144,12689
146.80114851379574,214.61318847258153,12690
146.87753830049007,214.4836890500761,12691
146.95501588832425,214.35317394427884,12692
147.0335811574249,214.2216446782592,12693
147.11323403127196,214.08910274432083,12694
147.19397447637007,213.95554960445588,12695
147.27580250191298,213.82098669080753,12696
147.35871815944014,213.68541540614171,12697
147.44272154248523,213.54883712432792,12698
147.52781278621694,213.41125319082875,12699
147.6139920670713,213.27266492319927,12700
147.7012596023756,213.1330736115956,12701
147.78961564996385,212.99248051929317,12702
147.8790605077832,212.8508868832149,12703
147.96959451349144,212.70829391446932,12704
148.06121804404506,212.5647027988989,12705
148.15393151527783,212.42011469763898,12706
148.2477353814697,212.27453074768692,12707
148.3426301349055,212.12795206248262,12708
148.43861630542324,211.9803797324993,12709
148.53569445995237,211.83181482584638,12710
148.63386520204028,211.68225838888324,12711
148.73312917136872,211.53171144684475,12712
148.83348704325738,211.380175004479,12713
148.93493952815734,211.22765004669705,12714
149.037487371131,211.07413753923487,12715
149.1411313513202,210.91963842932847,12716
149.24587228140183,210.76415364640138,12717
149.35171100702965,210.60768410276583,12718
149.45864840626336,210.45023069433702,12719
149.56668538898313,210.2917943013612,12720
149.67582289629064,210.13237578915795,12721
149.7860618998949,209.97197600887657,12722
149.89740340148344,209.810595798267,12723
150.00984843207817,209.64823598246582,12724
150.12339805137498,209.48489737479713,12725
150.23805334706765,209.32058077758924,12726
150.35381543415488,209.15528698300676,12727
150.47068545423014,208.98901677389904,12728
150.58866457475415,208.82177092466495,12729
150.70775398830926,208.6535502021342,12730
150.82795491183538,208.48435536646602,12731
150.949268585847,208.3141871720649,12732
151.07169627363078,208.14304636851395,12733
151.19523926042334,207.97093370152683,12734
151.3198988525683,207.79784991391728,12735
151.44567637665284,207.6237957465879,12736
151.5725731786225,207.4487719395377,12737
151.70059062287413,207.27277923288906,12738
151.82973009132638,207.09581836793456,12739
151.95999298246713,206.91789008820354,12740
152.09138071037714,206.73899514054935,12741
152.22389470372994,206.55913427625734,12742
152.3575364047668,206.3783082521737,12743
152.49230726824612,206.19651783185617,12744
152.62820876036773,206.01376378674607,12745
152.76524235767002,205.8300468973629,12746
152.90340954590025,205.64536795452136,12747
153.04271181885764,205.45972776057084,12748
153.18315067720758,205.2731271306586,12749
153.3247276272675,205.08556689401635,12750
153.46744417976313,204.89704789527065,12751
153.61130184855486,204.7075709957774,12752
153.7563021493331,204.51713707498118,12753
153.90244659828267,204.32574703179935,12754
154.04973671071522,204.13340178603138,12755
154.1981739996691,203.9401022797936,12756
154.34775997447585,203.7458494789801,12757
154.49849613929334,203.55064437474957,12758
154.65038399160414,203.3544879850387,12759
154.8034250206789,203.1573813561024,12760
154.95762070600426,202.95932556408093,12761
155.11297251567436,202.76032171659458,12762
155.26948190474525,202.56037095436582,12763
155.4271503135521,202.35947445286956,12764
155.58597916598796,202.15763342401098,12765
155.74596986774415,201.95484911783262,12766
155.90712380451086,201.75112282424908,12767
156.06944234013815,201.54645587481124,12768
156.2329268147564,201.34084964449912,12769
156.39757854285529,201.134305553544,12770
156.56339881132166,200.92682506927991,12771
156.73038887743488,200.71840970802452,12772
156.89854996681947,200.50906103698975,12773
157.06788327135436,200.29878067622184,12774
157.2383899470388,200.08757030057157,12775
157.41007111181335,199.8754316416941,12776
157.58292784333685,199.6623664900786,12777
157.75696117671748,199.44837669710833,12778
157.93217210219893,199.23346417714976,12779
158.10856156280008,199.0176309096724,12780
158.28613045190832,198.80087894139785,12781
158.46487961082659,198.58321038847888,12782
158.64480982627254,198.36462743870794,12783
158.82592182783128,198.1451323537551,12784
159.00821628535985,197.92472747143512,12785
159.1916938063442,197.70341520800383,12786
159.376354933208,197.48119806048285,12787
159.56220014057354,197.2580786090131,12788
159.74922983247396,197.034059519236,12789
159.9374443395179,196.8091435447028,12790
160.12684391600487,196.58333352931075,12791
160.3174287369932,196.3566324097667,12792
160.50919889531937,196.12904321807625,12793
160.7021543985694,195.90056908405913,12794
160.89629516600232,195.67121323788953,12795
161.0916210254261,195.44097901266116,12796
161.28813171002628,195.2098698469755,12797
161.48582685514788,194.97788928755352,12798
161.68470599503033,194.74504099186953,12799
161.88476855949722,194.51132873080584,12800
162.0860138705999,194.27675639132846,12801
162.28844113921707,194.04132797918177,12802
162.49204946161004,193.80504762160112,12803
162.69683781593474,193.56791957004336,12804
162.9028050587119,193.329948202933,12805
163.10994992125575,193.09113802842268,12806
163.31827100606233,192.85149368716776,12807
163.52776678315934,192.61101995511248,12808
163.7384355864175,192.36972174628693,12809
163.95027560982638,192.12760411561266,12810
164.16328490373448,191.88467226171608,12811
164.37746137105634,191.6409315297479,12812
164.59280276344805,191.3963874142052,12813
164.80930667745244,191.15104556175783,12814
165.02697055061648,190.90491177407287,12815
165.24579165758246,190.65799201063905,12816
165.46576710615534,190.41029239158627,12817
165.68689383334825,190.16181920049968,12818
165.90916860140865,189.91257888722578,12819
166.13258799382746,189.66257807066754,12820
166.35714841133387,189.41182354156723,12821
166.58284606787868,189.16032226527312,12822
166.8096769866087,188.90808138448975,12823
167.03763699583527,188.65510822200588,12824
167.26672172500028,188.40141028340062,12825
167.49692660064233,188.1469952597231,12826
167.72824684236727,187.89187103014334,12827
167.96067745882564,187.63604566457087,12828
168.1942132437012,187.37952742623943,12829
168.42884877171437,187.12232477425238,12830
168.6645783946443,186.86444636608866,12831
168.90139623737306,186.60590106006237,12832
169.1392961939577,186.34669791773658,12833
169.37827192373206,186.08684620628426,12834
169.61831684744547,185.82635540079602,12835
169.8594241434403,185.5652351865286,12836
170.10158674387503,185.3034954610921,12837
170.3447973309965,185.04114633657167,12838
170.5890483334665,184.77819814158056,12839
170.83433192274828,184.5146614232391,12840
171.08064000955687,184.25054694907777,12841
171.32796424037994,183.9858657088598,12842
171.57629599407383,183.72062891631828,12843
171.82562637853962,183.45484801080542,12844
172.0759462274859,183.1885346588501,12845
172.32724609728385,182.92170075561626,12846
172.57951626391858,182.65435842626493,12847
172.83274672004544,182.3865200272064,12848
173.08692717215425,182.11819814724868,12849
173.34204703784968,181.8494056086304,12850
173.59809544325233,181.58015546793723,12851
173.85506122052732,181.31046101689805,12852
174.11293290554536,181.04033578305666,12853
174.37169873568493,180.76979353031106,12854
174.63134664777786,180.498848259327,12855
174.8918642762079,180.22751420780492,12856
175.1532389511668,179.95580585063436,12857
175.41545769707392,179.68373789979483,12858
175.67850723116533,179.41132530435056,12859
175.94237396225998,179.13858324998998,12860
176.2070439897066,178.86552715862535,12861
176.47250310251863,178.59217268775055,12862
176.73873677870324,178.3185357296529,12863
177.0057301847887,178.0446324104497,12864
177.27346817555787,177.77047908896796,12865
177.54193529399032,177.49609235544034,12866
177.81111577142238,177.22148903003415,12867
178.08099352792564,176.94668616119594,12868
178.3515521729137,176.67170102382195,12869
178.62277500597793,176.3965511172385,12870
178.89464501796044,176.12125416300245,12871
179.1671448922646,175.84582810251158,12872
179.4402570064111,175.57029109442496,12873
179.7139634338421,175.29466151189465,12874
179.98824594597426,175.01895793960182,12875
180.26308601451285,174.74319917060177,12876
180.53846481402425,174.46740420297158,12877
180.81436322475045,174.19159223626417,12878
181.09076183571497,173.9157826677646,12879
181.36764094808152,173.6399950885508,12880
181.64498057877213,173.3642492793576,12881
181.92276046437019,173.0885652062443,12882
182.2009600652801,172.81296301606704,12883
182.4795585701652,172.53746303175558,12884
182.7585349006527,172.26208574739755,12885
183.0378677163123,171.98685182312923,12886
183.31753541990273,171.71178207983638,12887
183.5975161628875,171.43689749366672,12888
183.87778785122114,171.16221919035533,12889
184.15832815139788,170.88776843936805,12890
184.43911449676648,170.61356664786254,12891
184.72012409410505,170.33963535447316,12892
185.00133393045354,170.06599622292217,12893
185.28272078020044,169.79267103546027,12894
185.56426121241932,169.51968168614263,12895
185.84593159845065,169.24705017394294,12896
186.12770811972348,168.9747985957121,12897
186.40956677581278,168.70294913898474,12898
186.6914833927238,168.43152407464163,12899
186.97343363140067,168.16054574943067,12900
187.25539299644905,167.89003657835525,12901
187.5373368450664,167.62001903693428,12902
187.81924039617488,167.35051565334172,12903
188.1010787397432,167.0815490004318,12904
188.38282684629445,166.8131416876575,12905
188.6644595765873,166.5453163528891,12906
188.9459516914625,166.2780956541414,12907
189.22727786184538,166.01150226121544,12908
189.5084126788927,165.74555884726553,12909
189.78933066427513,165.48028808029736,12910
190.0700062805837,165.21571261460696,12911
190.35041394184938,164.95185508216863,12912
190.6305280241644,164.68873808398052,12913
190.91032287639348,164.4263841813771,12914
191.18977283096433,164.16481588731708,12915
191.4688522147236,163.9040556576561,12916
191.7475353598474,163.6441258824133,12917
192.02579661479425,163.3850488770412,12918
192.30361035528628,163.12684687370788,12919
192.58095099530794,162.86954201260093,12920
192.8577929981089,162.61315633326276,12921
193.13411088719758,162.3577117659663,12922
193.40987925731417,162.10323012314038,12923
193.68507278536876,161.84973309085447,12924
193.9596662413331,161.59724222037156,12925
194.23363449907254,161.34577891977855,12926
194.5069525471058,161.09536444570327,12927
194.77959549928045,160.84601989512657,12928
195.05153860535094,160.59776619729948,12929
195.322757261448,160.3506241057719,12930
195.59322702042664,160.10461419054425,12931
195.86292360208142,159.8597568303473,12932
196.13182290321714,159.61607220506068,12933
196.39990100756398,159.37358028827674,12934
196.66713419552607,159.1323008400173,12935
196.93349895375255,158.89225339961163,12936
197.1989719845214,158.65345727874146,12937
197.46353021492487,158.41593155466128,12938
197.72715080584868,158.17969506359927,12939
197.98981116073398,157.9447663943457,12940
198.25148893411426,157.71116388203507,12941
198.51216203991888,157.47890560212676,12942
198.7718086595345,157.2480093645901,12943
199.03040724961784,157.01849270829902,12944
199.28793654965185,156.7903728956399,12945
199.54437558923928,156.56366690733844,12946
199.79970369512765,156.33839143750757,12947
200.0539004979593,156.11456288892188,12948
200.30694593874193,155.89219736852033,12949
200.55882027503523,155.67131068314046,12950
200.80950408684902,155.45191833548728,12951
201.05897828224892,155.23403552033764,12952
201.3072241026678,155.01767712098297,12953
201.55422312791896,154.80285770591084,12954
201.79995728090944,154.58959152572723,12955
202.0444088320524,154.37789251031919,12956
202.28756040337626,154.16777426625893,12957
202.52939497233095,153.95925007444896,12958
202.76989587529107,153.75233288800754,12959
203.00904681075514,153.5470353303947,12960
203.24683184224344,153.34336969377603,12961
203.48323540089402,153.14134793762494,12962
203.7182422877595,152.9409816875597,12963
203.95183767580656,152.74228223441455,12964
204.18400711162025,152.54526053354184,12965
204.4147365168165,152.3499272043429,12966
204.6440121891656,152.1562925300246,12967
204.8718208034309,151.96436645757862,12968
205.0981494119258,151.77415859797952,12969
205.32298544479454,151.58567822659873,12970
205.54631671002048,151.39893428382982,12971
205.76813139316707,151.21393537592127,12972
205.98841805685706,151.03068977601262,12973
206.20716563999517,150.84920542536926,12974
206.42436345673994,150.66948993481077,12975
206.64000119523084,150.49155058632897,12976
206.85406891607707,150.3153943348898,12977
207.06655705061397,150.14102781041396,12978
207.27745639893408,149.9684573199319,12979
207.48675812769932,149.79768884990642,12980
207.69445376774112,149.62872806871837,12981
207.90053521145612,149.46158032930967,12982
208.10499471000352,149.29625067197793,12983
208.3078248703122,149.1327438273167,12984
208.50901865190477,148.9710642192959,12985
208.70856936354525,148.81121596847674,12986
208.90647065971862,148.65320289535478,12987
209.10271653694937,148.4970285238256,12988
209.29730132996605,148.34269608476737,12989
209.49021970772003,148.19020851973394,12990
209.6814666692655,148.03956848475303,12991
209.871037539508,147.89077835422367,12992
210.05892796482902,147.74384022490688,12993
210.24513390859423,147.5987559200037,12994
210.429651646552,147.4555269933154,12995
210.6124777621301,147.3141547334798,12996
210.79360914163715,147.1746401682781,12997
210.97304296937588,147.03698406900693,12998
211.15077672267572,146.90118695491,12999
211.32680816685044,146.76724909766403,13000
211.5011353500886,146.63517052591388,13001
211.6737565982828,146.50495102985136,13002
211.84467050980396,146.37659016583305,13003
212.01387595022757,146.25008726103187,13004
212.18137204701765,146.12544141811782,13005
212.34715818417408,146.00265151996277,13006
212.5112339968499,145.88171623436543,13007
212.6735993659439,145.76263401879083,13008
212.83425441267332,145.64540312512142,13009
212.99319949313372,145.5300216044141,13010
213.15043519284924,145.41648731166035,13011
213.3059623213197,145.30479791054447,13012
213.45978190656882,145.19495087819658,13013
213.61189518969803,145.08694350993687,13014
213.76230361945105,144.98077292400697,13015
213.91100884679292,144.87643606628527,13016
214.05801271950781,144.77392971498315,13017
214.20331727682014,144.67325048531845,13018
214.3469247440417,144.57439483416348,13019
214.48883752724967,144.4773590646643,13020
214.6290582079982,144.38213933082935,13021
214.767589538067,144.28873164208338,13022
214.90443443425042,144.1971318677856,13023
215.0395959731895,144.10733574170874,13024
215.1730773862505,144.019338866477,13025
215.3048820544516,143.93313671796096,13026
215.43501350344127,143.84872464962714,13027
215.56347539853002,143.7660978968404,13028
215.69027153977802,143.68525158111754,13029
215.81540585714066,143.60618071433038,13030
215.93888240567355,143.52888020285656,13031
216.06070536079943,143.45334485167683,13032
216.18087901363813,143.3795693684177,13033
216.29940776640115,143.30754836733757,13034
216.41629612785232,143.237276373256,13035
216.53154870883603,143.1687478254247,13036
216.64517021787347,143.10195708133898,13037
216.7571654568287,143.03689842048968,13038
216.86753931664492,142.973566048054,13039
216.976296773152,142.91195409852543,13040
217.08344288294583,142.85205663928082,13041
217.1889827793398,142.79386767408602,13042
217.29292166838977,142.7373811465381,13043
217.3952648249917,142.68259094344455,13044
217.4960175890535,142.6294908981388,13045
217.5951853617401,142.57807479373284,13046
217.6927736017927,142.52833636630507,13047
217.78878782192234,142.48026930802533,13048
217.88323358527654,142.43386727021556,13049
217.9761165019809,142.38912386634712,13050
218.0674422257535,142.34603267497428,13051
218.15721645059313,142.30458724260438,13052
218.24544490754062,142.26478108650502,13053
218.33213336151297,142.2266076974482,13054
218.41728760820982,142.1900605423917,13055
218.50091347109185,142.15513306709894,13056
218.5830167984305,142.12181869869627,13057
218.66360346042887,142.0901108481694,13058
218.7426793464123,142.06000291279898,13059
218.82025036208907,142.03148827853582,13060
218.89632242687966,142.00456032231597,13061
218.97090147131433,141.97921241431743,13062
219.04399343449816,141.95543792015744,13063
219.11560426164283,141.93323020303225,13064
219.18573990166388,141.91258262579973,13065
219.25440630484343,141.89348855300503,13066
219.32160942055685,141.87594135285045,13067
219.38735519506255,141.85993439911041,13068
219.45164956935446,141.84546107299155,13069
219.51449847707576,141.8325147649395,13070
219.57590784249317,141.82108887639234,13071
219.63588357853078,141.8111768214823,13072
219.69443158486257,141.80277202868592,13073
219.75155774606262,141.79586794242365,13074
219.8072679298118,141.7904580246094,13075
219.86156798516032,141.78653575615178,13076
219.91446374084504,141.78409463840669,13077
219.9659610036603,141.78312819458253,13078
220.01606555688156,141.78362997109943,13079
220.06478315874074,141.78559353890228,13080
220.1121195409523,141.78901249472918,13081
220.15808040728925,141.79388046233566,13082
220.2026714322072,141.80019109367623,13083
220.24589825951722,141.80793807004275,13084
220.28776650110424,141.81711510316194,13085
220.32828173569231,141.8277159362517,13086
220.36744950765396,141.83973434503798,13087
220.4052753258635,141.85316413873204,13088
220.4417646625934,141.86799916096967,13089
220.4769229524523,141.88423329071284,13090
220.51075559136407,141.90186044311474,13091
220.54326793558698,141.92087457034864,13092
220.57446530077166,141.94126966240185,13093
220.60435296105746,141.96303974783527,13094
220.6329361482061,141.98617889450887,13095
220.66022005077133,142.01068121027498,13096
220.68620981330432,142.03654084363902,13097
220.7109105355938,142.06375198438874,13098
220.73432727193932,142.09230886419317,13099
220.75646503045795,142.12220575717123,13100
220.77732877242286,142.1534369804312,13101
220.79692341163295,142.18599689458165,13102
220.8152538138129,142.21987990421457,13103
220.83232479604305,142.2550804583609,13104
220.84814112621783,142.29159305092,13105
220.86270752253228,142.32941222106274,13106
220.8760286529959,142.3685325536096,13107
220.88810913497312,142.40894867938403,13108
220.89895353474927,142.4506552755416,13109
220.9085663671219,142.4936470658761,13110
220.9169520950165,142.53791882110224,13111
220.92411512912574,142.58346535911653,13112
220.93005982757182,142.63028154523622,13113
220.93479049559116,142.67836229241698,13114
220.9383113852409,142.72770256145046,13115
220.9406266951262,142.7782973611409,13116
220.94174057014865,142.8301417484629,13117
220.94165710127348,142.8832308287001,13118
220.94038032531722,142.93755975556454,13119
220.93791422475317,142.99312373129885,13120
220.93426272753547,143.04991800676018,13121
220.92942970694048,143.10793788148735,13122
220.92341898142558,143.1671787037509,13123
220.916234314504,143.22763587058725,13124
220.90787941463608,143.2893048278168,13125
220.8983579351359,143.35218107004653,13126
220.8876734740928,143.4162601406575,13127
220.8758295743079,143.4815376317782,13128
220.86282972324418,143.54800918424286,13129
220.84867735299073,143.6156704875364,13130
220.83337584023988,143.68451727972564,13131
220.8169285062775,143.75454534737725,13132
220.79933861698518,143.825750525463,13133
220.7806093828551,143.8981286972523,13134
220.76074395901617,143.97167579419255,13135
220.7397454452713,144.04638779577763,13136
220.717616886146,144.12226072940467,13137
220.69436127094718,144.1992906702195,13138
220.66998153383244,144.2774737409511,13139
220.64448055388908,144.35680611173507,13140
220.6178611552228,144.43728399992668,13141
220.5901261070557,144.5189036699037,13142
220.56127812383335,144.60166143285875,13143
220.53131986534038,144.6855536465823,13144
220.5002539368247,144.77057671523573,13145
220.4680828891299,144.85672708911503,13146
220.43480921883568,144.94400126440527,13147
220.40043536840565,145.0323957829261,13148
220.36496372634306,145.12190723186822,13149
220.3283966273535,145.21253224352142,13150
220.29073635251484,145.3042674949938,13151
220.25198512945383,145.39710970792297,13152
220.21214513252954,145.4910556481786,13153
220.17121848302332,145.58610212555732,13154
220.1292072493349,145.68224599346937,13155
220.08611344718474,145.77948414861774,13156
220.04193903982247,145.87781353066896,13157
219.99668593824111,145.9772311219172,13158
219.95035600139707,146.07773394694007,13159
219.9029510364357,146.17931907224755,13160
219.85447279892236,146.281983605923,13161
219.8049229930789,146.38572469725776,13162
219.7543032720253,146.4905395363778,13163
219.7026152380269,146.5964253538637,13164
219.64986044274613,146.7033794203633,13165
219.5960403874997,146.81139904619752,13166
219.54115652352058,146.9204815809594,13167
219.48521025222527,147.03062441310553,13168
219.42820292548518,147.14182496954152,13169
219.3701358459036,147.2540807151998,13170
219.31101026709698,147.36738915261103,13171
219.25082739398118,147.48174782146842,13172
219.18958838306227,147.59715429818547,13173
219.12729434273237,147.7136061954465,13174
219.06394633356976,147.8311011617506,13175
218.9995453686443,147.94963688094876,13176
218.9340924138269,148.06921107177382,13177
218.86758838810437,148.18982148736393,13178
218.8000341638986,148.31146591477864,13179
218.73143056739087,148.43414217450834,13180
218.66177837885073,148.55784811997648,13181
218.59107833297008,148.68258163703499,13182
218.51933111920198,148.80834064345214,13183
218.4465373821044,148.9351230883938,13184
218.3726977216895,149.06292695189688,13185
218.29781269377747,149.19175024433605,13186
218.22188281035613,149.3215910058825,13187
218.14490853994545,149.45244730595573,13188
218.0668903079679,149.58431724266762,13189
217.987828497124,149.7171989422587,13190
217.90772344777378,149.85109055852712,13191
217.8265754583236,149.98599027224935,13192
217.74438478561945,150.12189629059333,13193
217.66115164534583,150.25880684652347,13194
217.57687621243082,150.39672019819736,13195
217.49155862145773,150.53563462835464,13196
217.4051989670829,150.67554844369718,13197
217.31779730446027,150.81645997426065,13198
217.22935364967276,150.95836757277812,13199
217.13986798017055,151.10126961403418,13200
217.04934023521642,151.24516449421077,13201
216.95777031633867,151.39005063022358,13202
216.86515808779114,151.53592645904965,13203
216.77150337702156,151.68279043704527,13204
216.67680597514712,151.83064103925508,13205
216.58106563743877,151.97947675871075,13206
216.48428208381347,152.1292961057207,13207
216.38645499933534,152.28009760714946,13208
216.28758403472548,152.43187980568703,13209
216.18766880688088,152.5846412591081,13210
216.08670889940248,152.73838053952102,13211
215.98470386313323,152.8930962326057,13212
215.88165321670556,153.04878693684148,13213
215.7775564470992,153.2054512627235,13214
215.6724130102092,153.36308783196836,13215
215.56622233142477,153.52169527670847,13216
215.45898380621895,153.6812722386746,13217
215.3506968007497,153.8418173683675,13218
215.2413606524722,154.00332932421696,13219
215.13097467076338,154.16580677172956,13220
215.01953813755844,154.32924838262386,13221
214.9070503079999,154.4936528339532,13222
214.79351041109933,154.65901880721623,13223
214.67891765041247,154.82534498745446,13224
214.56327120472778,154.9926300623371,13225
214.44657022876862,155.1608727212325,13226
214.32881385391002,155.33007165426667,13227
214.21000118890964,155.50022555136795,13228
214.09013132065377,155.6713331012983,13229
213.96920331491887,155.84339299067028,13230
213.84721621714823,156.0164039029507,13231
213.7241690532455,156.19036451744918,13232
213.60006083038374,156.36527350829292,13233
213.474890537832,156.54112954338655,13234
213.3486571477989,156.7179312833572,13235
213.22135961629377,156.8956773804846,13236
213.09299688400606,157.07436647761637,13237
212.96356787720302,157.25399720706702,13238
212.8330715086464,157.43456818950258,13239
212.7015066785284,157.61607803280884,13240
212.56887227542734,157.79852533094387,13241
212.43516717728366,157.98190866277452,13242
212.30039025239634,158.16622659089694,13243
212.1645403604406,158.3514776604404,13244
212.02761635350677,158.53766039785486,13245
211.8896170771615,158.72477330968204,13246
211.75054137153097,158.91281488130926,13247
211.61038807240737,159.10178357570675,13248
211.46915601237842,159.29167783214785,13249
211.32684402198055,159.4824960649119,13250
211.18345093087666,159.67423666196999,13251
211.03897556905818,159.86689798365327,13252
210.89341676807263,160.0604783613037,13253
210.74677336227634,160.2549760959074,13254
210.59904419011372,160.45038945671013,13255
210.45022809542277,160.64671667981523,13256
210.30032392876743,160.84395596676345,13257
210.1493305487977,161.04210548309527,13258
209.99724682363754,161.2411633568952,13259
209.84407163230094,161.4411276773179,13260
209.6898038661368,161.6419964930966,13261
209.5344424303035,161.84376781103379,13262
209.3779862452724,162.0464395944733,13263
209.2204342483621,162.25000976175488,13264
209.0617853953027,162.4544761846509,13265
208.90203866183165,162.65983668678504,13266
208.74119304532022,162.86608904203314,13267
208.57924756643234,163.07323097290626,13268
208.4162012708155,163.28126014891666,13269
208.25205323082375,163.49017418492534,13270
208.08680254727437,163.69997063947298,13271
207.92044835123733,163.91064701309318,13272
207.7529898058585,164.12220074660885,13273
207.584426108217,164.33462921941148,13274
207.41475649121662,164.54792974772417,13275
207.24398022551205,164.76209958284718,13276
207.07209662147008,164.97713590938875,13277
206.89910503116573,165.1930358434786,13278
206.72500485041388,165.40979643096657,13279
206.54979552083697,165.62741464560537,13280
206.37347653196784,165.84588738721905,13281
206.19604742338925,166.06521147985606,13282
206.01750778690956,166.28538366992836,13283
205.83785726877426,166.5064006243371,13284
205.65709557191488,166.72825892858404,13285
205.4752224582334,166.9509550848708,13286
205.2922377509242,167.17448551018543,13287
205.1081413368322,167.39884653437707,13288
204.92293316884763,167.6240343982192,13289
204.7366132683374,167.85004525146235,13290
204.54918172761322,168.07687515087656,13291
204.3606387124356,168.3045200582843,13292
204.17098446455464,168.53297583858486,13293
203.98021930428652,168.7622382577702,13294
203.78834363312575,168.99230298093434,13295
203.59535793639293,169.22316557027514,13296
203.401262785918,169.45482148309108,13297
203.20605884275764,169.68726606977327,13298
203.00974685994782,169.92049457179283,13299
202.8123276852894,170.15450211968627,13300
202.61380226416776,170.38928373103755,13301
202.41417164240465,170.62483430846024,13302
202.2134369691426,170.86114863757908,13303
202.0115994997605,171.0982213850126,13304
201.80866059881944,171.3360470963583,13305
201.6046217430393,171.57462019418097,13306
201.39948452430326,171.81393497600527,13307
201.1932506526909,172.05398561231456,13308
200.98592195953796,172.29476614455683,13309
200.7775004005218,172.5362704831588,13310
200.5679880587721,172.77849240554954,13311
200.3573871480041,173.02142555419607,13312
200.1457000156749,173.26506343465093,13313
199.93292914615938,173.5093994136136,13314
199.7190771639466,173.75442671700867,13315
199.50414683685264,174.00013842808005,13316
199.28814107925058,174.24652748550454,13317
199.0710629553138,174.49358668152578,13318
198.85291568227277,174.74130866011055,13319
198.63370263368162,174.98968591512812,13320
198.41342734269395,175.23871078855706,13321
198.1920935053451,175.48837546871687,13322
197.96970498383843,175.73867198853162,13323
197.74626580983468,175.9895922238226,13324
197.5217801877403,176.24112789163578,13325
197.29625249799378,176.49327054860254,13326
197.06968730034657,176.74601158934027,13327
196.84208933713663,176.99934224488786,13328
196.61346353655105,177.25325358118695,13329
196.38381501587637,177.50773649760302,13330
196.1531490847317,177.76278172549348,13331
195.92147124828352,178.01837982682227,13332
195.68878721043822,178.27452119282643,13333
195.455102877009,178.53119604273,13334
195.22042435885456,178.78839442251746,13335
194.98475797498546,179.04610620375996,13336
194.74811025563557,179.30432108250184,13337
194.51048794529407,179.5630285782067,13338
194.27189800569542,179.82221803276425,13339
194.03234761876283,180.08187860957585,13340
193.79184418950157,180.34199929269172,13341
193.55039534883898,180.60256888601856,13342
193.30800895640596,180.86357601261568,13343
193.0646931032573,181.12500911405326,13344
192.82045611452565,181.3868564498501,13345
192.57530655200563,181.6491060969923,13346
192.32925321666391,181.91174594953299,13347
192.08230515107033,182.17476371827743,13348
191.83447164174655,182.43814693055404,13349
191.58576222142733,182.70188293007422,13350
191.3361866712303,182.96595887688335,13351
191.08575502272967,183.2303617474055,13352
190.8344775599293,183.49507833458426,13353
190.58236482113074,183.76009524812002,13354
190.32942760069184,184.02539891480967,13355
190.07567695067087,184.2909755789853,13356
189.82112418235258,184.55681130306013,13357
189.56578086765052,184.82289196817908,13358
189.30965884038167,185.0892032749777,13359
189.0527701974091,185.35573074445233,13360
188.79512729964773,185.6224597189406,13361
188.5367427729287,185.88937536321745,13362
188.27762950871815,186.1564626657055,13363
188.01780066468643,186.42370643980345,13364
187.75726966512258,186.6910913253324,13365
187.49605020119014,186.95860179010373,13366
187.23415623102082,187.2262221316066,13367
186.9716019796413,187.49393647882076,13368
186.70840193872868,187.76172879415142,13369
186.44457086619246,188.02958287549058,13370
186.1801237855775,188.29748235840432,13371
185.91507598528548,188.56541071844643,13372
185.64944301761093,188.8333512736011,13373
185.38324069758846,189.10128718685294,13374
185.1164851016492,189.36920146888642,13375
184.84919256608103,189.6370769809146,13376
184.581379685293,189.9048964376372,13377
184.31306330987854,190.1726424103283,13378
184.04426054447705,190.44029733005382,13379
183.77498874543036,190.70784349101785,13380
183.5052655182335,190.97526305403846,13381
183.23510871477646,191.24253805015158,13382
182.96453643037742,191.50965038434276,13383
182.69356700060388,191.77658183940594,13384
182.42221899788362,192.0433140799278,13385
182.15051122790288,192.30982865639757,13386
181.87846272579006,192.57610700943926,13387
181.60609275209072,192.84213047416645,13388
181.33342078852604,193.10788028465717,13389
181.06046653354113,193.37333757854685,13390
180.78724989764265,193.63848340173755,13391
180.51379099852537,193.90329871322157,13392
180.24011015598816,194.16776439001634,13393
179.96622788666548,194.43186123220832,13394
179.69216489847562,194.69556996810365,13395
179.41794208501662,194.95887125948164,13396
179.14358051959948,195.2217457069485,13397
178.86910144918374,195.48417385538878,13398
178.5945262880952,195.74613619950904,13399
178.31987661155063,196.00761318947272,13400
178.04517414900437,196.26858523661974,13401
177.77044077730798,196.5290327192694,13402
177.49569851370012,196.7889359886003,13403
177.22096950862445,197.0482753746045,13404
176.94627603838046,197.30703119211063,13405
176.67164049761806,197.56518374687172,13406
176.39708539167813,197.82271334171296,13407
176.12263332878544,198.07960028273456,13408
175.84830701210316,198.33582488556448,13409
175.57412923165398,198.59136748165622,13410
175.30012285611446,198.84620842462647,13411
175.02631082449193,199.10032809662655,13412
174.7527161376916,199.35370691474353,13413
174.4793618499793,199.60632533742384,13414
174.20627106035178,199.85816387091532,13415
173.93346690382054,200.1092030757207,13416
173.66097254261754,200.35942357305782,13417
173.3888111573343,200.60880605131953,13418
173.11700593800018,200.8573312725289,13419
172.84558007511112,201.10498007878235,13420
172.57455675061735,201.35173339867563,13421
172.3039591288795,201.59757225370635,13422
172.03381034760253,201.84247776464727,13423
171.76413350875768,202.08643115788408,13424
171.49495166950095,202.32941377171187,13425
171.22628783309887,202.5714070625843,13426
170.95816493987078,202.8123926113097,13427
170.69060585815757,203.05235212918762,13428
170.4236333753257,203.29126746408127,13429
170.157270188818,203.52912060641827,13430
169.89153889725884,203.7658936951158,13431
169.62646199162435,204.0015690234234,13432
169.36206184648736,204.23612904467817,13433
169.09836071134526,204.46955637796756,13434
168.8353807020411,204.70183381369324,13435
168.5731437922868,204.93294431903234,13436
168.31167180529627,205.16287104328967,13437
168.05098640553922,205.39159732313712,13438
167.79110909062217,205.61910668773464,13439
167.53206118330579,205.84538286372893,13440
167.2738638236675,206.07040978012503,13441
167.01653796141508,206.2941715730263,13442
166.76010434836104,206.51665259023966,13443
166.50458353106362,206.73783739574122,13444
166.24999584364193,206.95771077399905,13445
165.99636140077223,207.1762577341499,13446
165.74370009087073,207.39346351402602,13447
165.49203156947044,207.6093135840295,13448
165.24137525279625,207.82379365085086,13449
164.99175031154527,208.0368896610299,13450
164.74317566487593,208.2485878043556,13451
164.49566997461164,208.4588745171037,13452
164.24925163966307,208.66773648510917,13453
164.00393879067258,208.87516064667275,13454
163.7597492848853,209.08113419529934,13455
163.51670070124928,209.28564458226734,13456
163.27481033574804,209.48867951902764,13457
163.0340951969683,209.69022697943197,13458
162.79457200190396,209.89027520178945,13459
162.5562571719996,210.08881269075113,13460
162.3191668294335,210.2858282190229,13461
162.0833167936423,210.48131082890598,13462
161.84872257808766,210.67524983366613,13463
161.61539938726457,210.86763481873152,13464
161.38336211395222,211.05845564272067,13465
161.152625336707,211.24770243830045,13466
160.9232033175961,211.43536561287607,13467
160.69511000017138,211.6214358491144,13468
160.46835900768227,211.8059041053016,13469
160.2429636415254,211.9887616155373,13470
160.01893687992953,212.16999988976698,13471
159.79629137687303,212.34961071365484,13472
159.57503946123236,212.5275861482992,13473
159.35519313615706,212.703918529793,13474
159.13676407866978,212.8786004686317,13475
158.91976363948731,213.05162484897195,13476
158.7042028430587,213.22298482774286,13477
158.4900923878176,213.39267383361377,13478
158.27744264664375,213.5606855658211,13479
158.0662636675303,213.72701399285808,13480
157.856565174452,213.89165335102962,13481
157.64835656842985,214.05459814287687,13482
157.44164692878763,214.2158431354744,13483
157.23644501459506,214.37538335860384,13484
157.03275926629297,214.53321410280753,13485
156.8305978074949,214.6893309173258,13486
156.62996844696033,214.84372960792209,13487
156.43087868073366,214.9964062345995,13488
156.233335694444,215.1473571092126,13489
156.03734636575976,215.29657879297883,13490
155.84291726699283,215.44406809389298,13491
155.65005466784643,215.58982206404917,13492
155.45876453830118,215.7338379968741,13493
155.2690525516333,215.87611342427573,13494
155.08092408755974,216.01664611371146,13495
154.8943842355039,216.15543406517958,13496
154.70943779797682,216.29247550813835,13497
154.52608929406742,216.42776889835673,13498
154.3443429630366,216.5613129147,13499
154.1642027680095,216.69310645585568,13500
153.98567239975975,216.823148637002,13501
153.80875528058084,216.95143878642426,13502
153.6334545682385,217.0779764420818,13503
153.45977315999892,217.20276134813034,13504
153.2877136967271,217.32579345140252,13505
153.11727856705045,217.44707289785117,13506
152.94846991158184,217.56660002895848,13507
152.7812896271975,217.68437537811448,13508
152.61573937136407,217.80039966696899,13509
152.45182056651035,217.91467380175982,13510
152.28953440443848,218.02719886962083,13511
152.1288818507702,218.1379761348735,13512
151.96986364942308,218.2470070353043,13513
151.8124803271125,218.35429317843221,13514
151.65673219787465,218.4598363377684,13515
151.50261936760648,218.5636384490715,13516
151.35014173861862,218.6657016066016,13517
151.19929901419624,218.7660280593752,13518
151.05009070316532,218.86462020742403,13519
150.90251612445923,218.9614805980609,13520
150.75657441168266,219.0566119221541,13521
150.61226451766927,219.15001701041413,13522
150.46958521902914,219.24169882969335,13523
150.32853512068337,219.3316604793029,13524
150.18911266038234,219.41990518734733,13525
150.05131611320422,219.50643630707998,13526
149.91514359603178,219.5912573132808,13527
149.78059307200348,219.67437179865883,13528
149.64766235493715,219.75578347028065,13529
149.51634911372332,219.83549614602688,13530
149.38665087668562,219.91351375107874,13531
149.25856503590632,219.98984031443524,13532
149.13208885151462,220.0644799654639,13533
149.00721945593557,220.13743693048485,13534
148.88395385809767,220.2087155293911,13535
148.7622889475978,220.27832017230529,13536
148.6422214988209,220.34625535627418,13537
148.52374817501362,220.41252566200265,13538
148.40686553230958,220.47713575062738,13539
148.29157002370619,220.54009036053176,13540
148.1778580029898,220.60139430420264,13541
148.06572572861003,220.6610524651297,13542
147.95516936750073,220.71906979474844,13543
147.84618499884706,220.7754513094273,13544
147.7387686177979,220.83020208749923,13545
147.63291613912264,220.88332726633905,13546
147.52862340081168,220.9348320394861,13547
147.42588616761967,220.98472165381358,13548
147.32470013455145,221.03300140674395,13549
147.2250609302899,221.0796766435117,13550
147.12696412056522,221.12475275447323,13551
147.03040521146525,221.16823517246368,13552
146.93537965268712,221.21012937020188,13553
146.8418828407291,221.25044085774283,13554
146.74991012202344,221.28917517997755,13555
146.65945679600924,221.32633791418115,13556
146.57051811814623,221.3619346676085,13557
146.48308930286865,221.3959710751375,13558
146.39716552647997,221.42845279696016,13559
146.31274192998805,221.459385516321,13560
146.22981362188162,221.4887749373027,13561
146.14837568084724,221.51662678265927,13562
146.0684231584285,221.54294679169547,13563
145.98995108162617,221.56774071819362,13564
145.91295445544102,221.5910143283859,13565
145.83742826535885,221.61277339897356,13566
145.76336747977842,221.63302371519094,13567
145.690767052383,221.6517710689157,13568
145.6196219244556,221.66902125682316,13569
145.54992702713872,221.6847800785857,13570
145.4816772836391,221.6990533351162,13571
145.41486761137773,221.71184682685478,13572
145.3494929240866,221.72316635209927,13573
145.28554813385168,221.7330177053779,13574
145.22302815310346,221.74140667586457,13575
145.1619278965558,221.7483390458356,13576
145.10224228309315,221.75382058916773,13577
145.04396623760772,221.75785706987696,13578
144.98709469278631,221.7604542406973,13579
144.9316225908483,221.76161784169904,13580
144.87754488523518,221.76135359894644,13581
144.8248565422527,221.75966722319336,13582
144.77355254266533,221.75656440861718,13583
144.72362788324574,221.75205083158986,13584
144.67507757827786,221.74613214948556,13585
144.62789666101597,221.7388139995249,13586
144.58208018509944,221.73010199765417,13587
144.5376232259251,221.72000173746005,13588
144.49452088197646,221.7085187891183,13589
144.45276827611227,221.69565869837652,13590
144.41236055681352,221.68142698556983,13591
144.37329289939112,221.6658291446696,13592
144.3355605071541,221.64887064236368,13593
144.29915861253934,221.63055691716835,13594
144.26408247820385,221.6108933785712,13595
144.23032739807988,221.589885406204,13596
144.1978886983943,221.56753834904538,13597
144.1667617386522,221.54385752465274,13598
144.13694191258617,221.51884821842242,13599
144.10842464907154,221.49251568287812,13600
144.0812054130085,221.46486513698656,13601
144.05527970617194,221.4359017654999,13602
144.03064306802958,221.40563071832463,13603
144.00729107652887,221.37405710991618,13604
143.98521934885423,221.34118601869864,13605
143.96442354215395,221.3070224865091,13606
143.9448993542389,221.2715715180664,13607
143.92664252425294,221.23483808046305,13608
143.90964883331537,221.19682710268074,13609
143.8939141051371,221.1575434751282,13610
143.8794342066104,221.116992049201,13611
143.86620504837313,221.07517763686332,13612
143.85422258534797,221.03210501025058,13613
143.84348281725764,220.9877789012927,13614
143.83398178911614,220.9422040013578,13615
143.8257155916971,220.89538496091527,13616
143.81868036197972,220.8473263892183,13617
143.81287228357266,220.79803285400524,13618
143.8082875871167,220.74750888121937,13619
143.80492255066662,220.69575895474625,13620
143.80277350005306,220.64278751616936,13621
143.8018368092243,220.58859896454203,13622
143.80210890056927,220.53319765617664,13623
143.80358624522196,220.47658790445016,13624
143.8062653633472,220.41877397962512,13625
143.81014282440958,220.3597601086868,13626
143.8152152474246,220.2995504751953,13627
143.82147930119342,220.23814921915252,13628
143.82893170452147,220.17556043688342,13629
143.83756922642104,220.11178818093188,13630
143.84738868629879,220.0468364599701,13631
143.8583869541283,219.98070923872154,13632
143.8705609506081,219.91341043789706,13633
143.88390764730576,219.84494393414394,13634
143.89842406678795,219.7753135600075,13635
143.9141072827378,219.70452310390516,13636
143.9309544200588,219.63257631011217,13637
143.94896265496635,219.55947687875937,13638
143.9681292150673,219.4852284658425,13639
143.98845137942732,219.40983468324237,13640
144.00992647862685,219.33329909875638,13641
144.03255189480598,219.2556252361406,13642
144.0563250616982,219.17681657516232,13643
144.08124346465388,219.0968765516632,13644
144.10730464065307,219.01580855763189,13645
144.13450617830847,218.93361594128734,13646
144.1628457178589,218.85030200717094,13647
144.19232095115254,218.76587001624875,13648
144.2229296216219,218.68032318602283,13649
144.254669524249,218.59366469065148,13650
144.28753850552218,218.5058976610789,13651
144.3215344633843,218.4170251851733,13652
144.35665534717242,218.32705030787355,13653
144.39289915754978,218.23597603134485,13654
144.43026394642925,218.14380531514232,13655
144.4687478168896,218.05054107638284,13656
144.5083489230838,217.9561861899254,13657
144.54906547014002,217.8607434885589,13658
144.59089571405556,217.76421576319845,13659
144.63383796158334,217.66660576308888,13660
144.67789057011174,217.56791619601645,13661
144.72305194753724,217.4681497285279,13662
144.76932055213084,217.36730898615716,13663
144.81669489239738,217.26539655365937,13664
144.86517352692863,217.16241497525272,13665
144.91475506424993,217.05836675486714,13666
144.96543816266058,216.95325435640066,13667
145.01722153006773,216.84708020398284,13668
145.0701039238143,216.7398466822455,13669
145.12408415050086,216.63155613660086,13670
145.1791610658013,216.52221087352623,13671
145.2353335742725,216.41181316085675,13672
145.29260062915804,216.3003652280845,13673
145.35096123218602,216.18786926666513,13674
145.41041443336076,216.07432743033175,13675
145.47095933074885,215.95974183541566,13676
145.53259507025908,215.84411456117456,13677
145.59532084541638,215.72744765012771,13678
145.65913589713008,215.6097431083986,13679
145.72403951345603,215.4910029060646,13680
145.79003102935252,215.3712289775143,13681
145.8571098264308,215.25042322181176,13682
145.9252753326986,215.12858750306862,13683
145.99452702229854,215.0057236508233,13684
146.06486441523936,214.8818334604282,13685
146.13628707712164,214.75691869344405,13686
146.2087946188567,214.63098107804225,13687
146.28238669637932,214.50402230941512,13688
146.3570630103537,214.37604405019354,13689
146.432823305873,214.24704793087324,13690
146.509667372152,214.11703555024857,13691
146.58759504221288,213.98600847585496,13692
146.66660619256407,213.8539682444193,13693
146.7467007428718,213.72091636231914,13694
146.8278786556248,213.58685430605004,13695
146.91013993579065,213.4517835227021,13696
146.99348463046573,213.31570543044498,13697
147.07791282851636,213.1786214190219,13698
147.1634246602125,213.04053285025324,13699
147.25002029685334,212.9014410585488,13700
147.33769995038415,212.76134735143012,13701
147.4264638730051,212.620253010062,13702
147.51631235677095,212.47815928979406,13703
147.6072457331818,212.33506742071242,13704
147.69926437276493,212.19097860820122,13705
147.79236868464676,212.04589403351468,13706
147.8865591161154,211.89981485436007,13707
147.98183615217326,211.75274220549082,13708
148.07820031507921,211.60467719931117,13709
148.17565216388044,211.4556209264918,13710
148.27419229393357,211.30557445659687,13711
148.3738213364144,211.15453883872289,13712
148.4745399578169,211.00251510214918,13713
148.57634885943958,210.84950425700083,13714
148.679248776861,210.69550729492371,13715
148.783240479402,210.54052518977232,13716
148.8883247695757,210.38455889831025,13717
148.99450248252455,210.22760936092408,13718
149.1017744854439,210.0696775023505,13719
149.21014167699178,209.91076423241694,13720
149.31960498668474,209.7508704467965,13721
149.43016537427908,209.5899970277768,13722
149.54182382913746,209.4281448450432,13723
149.65458136957986,209.2653147564772,13724
149.76843904221934,209.10150760896957,13725
149.88339792128122,208.93672423924895,13726
149.9994591079061,208.770965474726,13727
150.11662372943593,208.60423213435374,13728
150.23489293868244,208.43652502950374,13729
150.35426791317795,208.26784496485948,13730
150.47474985440786,208.09819273932573,13731
150.5963399870243,207.92756914695613,13732
150.71903955804044,207.75597497789744,13733
150.84284983600543,207.58341101935216,13734
150.96777211015873,207.4098780565588,13735
151.0938076895638,207.23537687379135,13736
151.22095790222082,207.0599082553768,13737
151.34922409415728,206.8834729867323,13738
151.4786076284965,206.7060718554216,13739
151.60910988450323,206.52770565223136,13740
151.74073225660624,206.34837517226742,13741
151.87347615339633,206.1680812160721,13742
152.00734299660058,205.9868245907613,13743
152.1423342200312,205.80460611118397,13744
152.2784512685089,205.62142660110194,13745
152.41569559675995,205.43728689439234,13746
152.55406866828696,205.25218783627184,13747
152.69357195421165,205.0661302845434,13748
152.83420693209038,204.87911511086588,13749
152.9759750847007,204.6911432020467,13750
153.11887789879913,204.502215461358,13751
153.26291686384891,204.3123328098767,13752
153.40809347071786,204.12149618784846,13753
153.55440921034474,203.9297065560762,13754
153.7018655723748,203.73696489733337,13755
153.85046404376257,203.54327221780193,13756
154.00020610734222,203.34862954853617,13757
154.15109324036453,203.1530379469516,13758
154.30312691299972,202.9564984983402,13759
154.45630858680593,202.75901231741162,13760
154.61063971316224,202.5605805498606,13761
154.7661217316661,202.3612043739615,13762
154.92275606849424,202.16088500218964,13763
155.08054413472655,201.95962368286965,13764
155.2394873246323,201.75742170185117,13765
155.39958701391845,201.5542803842126,13766
155.56084455793854,201.3502010959922,13767
155.7232612898631,201.14518524594735,13768
155.8868385188093,200.939234287342,13769
156.05157752793048,200.73234971976234,13770
156.21747957246473,200.5245330909611,13771
156.38454587774186,200.3157859987302,13772
156.5527776371479,200.10611009280208,13773
156.72217601004752,199.89550707678,13774
156.8927421196633,199.68397871009694,13775
157.06447705091085,199.4715268100032,13776
157.23738184819084,199.25815325358332,13777
157.4114575131358,199.04385997980123,13778
157.58670500231264,198.82864899157468,13779
157.76312522487942,198.61252235787816,13780
157.94071904019705,198.39548221587435,13781
158.11948725539474,198.1775307730744,13782
158.2994306228892,197.95867030952633,13783
158.48054983785747,197.7389031800314,13784
158.66284553566325,197.51823181638906,13785
158.84631828923565,197.29665872966868,13786
159.0309686064015,197.07418651250967,13787
159.21679692716992,196.85081784144776,13788
159.40380362097002,196.62655547926855,13789
159.59198898384088,196.4014022773871,13790
159.78135323557424,196.17536117825355,13791
159.97189651681012,195.94843521778367,13792
160.1636188860849,195.72062752781474,13793
160.35652031683253,195.4919413385853,13794
160.55060069433898,195.26237998123838,13795
160.74585981264977,195.03194689034802,13796
160.9422973714317,194.8006456064677,13797
161.1399129727883,194.5684797786998,13798
161.33870611803013,194.3354531672866,13799
161.53867620440016,194.10156964621953,13800
161.73982252175472,193.86683320586823,13801
161.94214424920085,193.63124795562692,13802
162.14564045169107,193.39481812657687,13803
162.3503100765754,193.1575480741652,13804
162.5561519501131,192.91944228089724,13805
162.7631647739434,192.68050535904214,13806
162.97134712151774,192.44074205335022,13807
163.1806974344936,192.20015724378035,13808
163.39121401909193,191.95875594823656,13809
163.6028950424191,191.7165433253114,13810
163.8157385287551,191.4735246770354,13811
164.02974235580913,191.22970545163042,13812
164.24490425094478,190.98509124626514,13813
164.46122178737593,190.739687809811,13814
164.67869238033586,190.49350104559707,13815
164.89731328322114,190.24653701416088,13816
165.1170815837125,189.99880193599418,13817
165.33799419987463,189.75030219428115,13818
165.56004787623797,189.50104433762652,13819
165.78323917986398,189.2510350827719,13820
166.0075644963969,189.00028131729746,13821
166.23302002610512,188.74879010230708,13822
166.45960177991375,188.49656867509384,13823
166.68730557543287,188.24362445178346,13824
166.91612703298296,187.9899650299538,13825
167.14606157162206,187.73559819122576,13826
167.37710440517702,187.48053190382572,13827
167.60925053828262,187.22477432511323,13828
167.8424947624321,186.96833380407344,13829
168.076831652043,186.7112188837706,13830
168.31225556054176,186.45343830375938,13831
168.54876061647116,186.1950010024499,13832
168.786340719625,185.93591611942543,13833
169.0249895372137,185.67619299770706,13834
169.26470050006543,185.41584118596384,13835
169.50546679886756,185.15487044066327,13836
169.74728138045225,184.8932907281606,13837
169.99013694413145,184.63111222672103,13838
170.23402593808632,184.36834532847377,13839
170.478940555815,184.1050006412912,13840
170.72487273264503,183.84108899059325,13841
170.97181414231466,183.5766214210697,13842
171.2197561936289,183.31160919831802,13843
171.4686900271951,183.0460638103944,13844
171.71860651224375,182.77999696927114,13845
171.96949624354082,182.51342061219881,13846
172.2213495383951,182.2463469029677,13847
172.47415643376905,181.9787882330678,13848
172.72790668349666,181.7107572227381,13849
172.9825897556152,181.44226672190587,13850
173.2381948298164,181.17332981101003,13851
173.49471079502302,180.90395980170683,13852
173.7521262470972,180.63417023744805,13853
174.0104294866853,180.36397489393633,13854
174.2696085172069,180.0933877794418,13855
174.5296510429923,179.82242313501405,13856
174.79054446757604,179.5510954344821,13857
175.05227589215107,179.2794193844168,13858
175.31483211419035,179.00740992385664,13859
175.57819962624072,178.73508222393224,13860
175.84236461489766,178.46245168732193,13861
176.10731295996192,178.1895339475553,13862
176.37303023378834,177.91634486815846,13863
176.6395017008308,177.64290054163132,13864
176.90671231738662,177.36921728826604,13865
177.17464673155,177.09531165479072,13866
177.44328928337575,176.82120041284625,13867
177.7126240052609,176.546900557287,13868
177.98263462254863,176.2724293043052,13869
178.25330455435795,175.9978040893779,13870
178.524616914645,175.7230425650304,13871
178.79655451350135,175.44816259841974,13872
179.06909985868813,175.17318226873175,13873
179.3422351574182,174.89811986439227,13874
179.61594231838478,174.62299388009146,13875
179.8902029540397,174.34782301361824,13876
180.16499838310392,174.07262616250617,13877
180.4403096334098,173.7974224204891,13878
180.7161174448834,173.52223107376525,13879
180.9924022728876,173.24707159707123,13880
181.2691442917863,172.97196364956503,13881
181.54632339877728,172.69692707051817,13882
181.82391921798882,172.42198187481912,13883
182.10191110484783,172.1471482482864,13884
182.3802781507085,171.87244654279468,13885
182.65899918775023,171.59789727121478,13886
182.93805279413968,171.32352110216826,13887
183.2174172994578,171.04933885460045,13888
183.49707079038836,170.77537149217233,13889
183.77699111667127,170.50164011747574,13890
184.05715589731173,170.22816596607336,13891
184.33754252704685,169.9549704003674,13892
184.6181281830666,169.68207490330101,13893
184.8988898319834,169.4095010718948,13894
185.17980423704728,169.1372706106241,13895
185.46084796560316,168.86540532464107,13896
185.74199739678465,168.59392711284528,13897
186.02322872943714,168.32285796080964,13898
186.30451799026793,168.05221993356548,13899
186.5858410422138,167.78203516825306,13900
186.86717359302216,167.51232586664332,13901
187.1484912040354,167.24311428753725,13902
187.42976929917458,166.97442273904858,13903
187.71098317411153,166.70627357077706,13904
187.99210800562176,166.43868916587977,13905
188.27311886111096,166.17169193304582,13906
188.5539907083039,165.90530429838412,13907
188.83469842508694,165.63954869723,13908
189.11521680949477,165.3744475658792,13909
189.3955205898307,165.1100233332576,13910
189.67558443491066,164.84629841253383,13911
189.95538296441833,164.5832951926845,13912
190.23489075936322,164.32103603001846,13913
190.51408237262797,164.05954323967148,13914
190.79293233959373,163.79883908707723,13915
191.0714151888336,163.5389457794254,13916
191.34950545286017,163.2798854571148,13917
191.6271776789154,163.02168018521093,13918
191.9044064397919,162.76435194491683,13919
192.1811663446724,162.5079226250662,13920
192.45743204997433,162.25241401364786,13921
192.7331782701884,161.99784778937098,13922
193.00837978869797,161.74424551327942,13923
193.2830114685665,161.4916286204247,13924
193.5570482632812,161.24001841160668,13925
193.8304652274399,160.98943604518996,13926
194.1032375273695,160.73990252900572,13927
194.3753404516624,160.49143871234736,13928
194.64674942162077,160.24406527806775,13929
194.91744000159494,159.99780273478774,13930
195.18738790920483,159.75267140922307,13931
195.4565690254332,159.50869143863835,13932
195.7249594045786,159.26588276343531,13933
195.99253528405785,159.0242651198838,13934
196.25927309404594,158.78385803300233,13935
196.5251494669445,158.5446808095953,13936
196.79014124666722,158.30675253145415,13937
197.05422549773323,158.07009204872884,13938
197.31737951415815,157.83471797347624,13939
197.57958082813497,157.60064867339122,13940
197.84080721849446,157.3679022657264,13941
198.1010367189381,157.1364966114061,13942
198.36024762603475,156.9064493093393,13943
198.61841850697442,156.6777776909371,13944
198.87552820707117,156.45049881483817,13945
199.1315558570095,156.2246294618474,13946
199.38648087982733,156.00018613009104,13947
199.64028299763095,155.7771850303916,13948
199.89294223803557,155.55564208186593,13949
200.14443894032792,155.3355729077495,13950
200.39475376134612,155.11699283144856,13951
200.64386768107335,154.8999168728227,13952
200.89176200794228,154.6843597446998,13953
201.13841838384695,154.47033584962384,13954
201.38381878886102,154.2578592768375,13955
201.6279455456594,154.04694379949945,13956
201.8707813236431,153.83760287213713,13957
202.11230914276578,153.62984962833482,13958
202.3525123770624,153.42369687865624,13959
202.59137475787912,153.21915710880188,13960
202.8288803768064,153.01624247799896,13961
203.0650136883156,152.81496481762346,13962
203.29975951209974,152.61533563005213,13963
203.53310303512293,152.4173660877429,13964
203.76502981337737,152.22106703254101,13965
203.99552577335373,152.02644897520875,13966
204.22457721322587,151.8335220951758,13967
204.45217080375454,151.642296240507,13968
204.67829358891342,151.45278092808474,13969
204.90293298624158,151.2649853440019,13970
205.12607678692717,151.0789183441619,13971
205.34771315562676,150.89458845508193,13972
205.56783063002575,150.7120038748946,13973
205.78641812014453,150.5311724745449,13974
206.00346490739685,150.35210179917647,13975
206.2189606434053,150.17479906970357,13976
206.4328953485809,149.99927118456344,13977
206.64525941047177,149.82552472164406,13978
206.8560435818887,149.6535659403824,13979
207.06523897881286,149.48340078402782,13980
207.27283707809332,149.31503488206522,13981
207.47882971494093,149.14847355279264,13982
207.68320908022508,148.98372180604792,13983
207.8859677175812,148.8207843460785,13984
208.0870985203353,148.65966557454922,13985
208.28659472825336,148.50036959368202,13986
208.48444992412274,148.34290020952233,13987
208.68065803017234,148.18726093532575,13988
208.87521330433958,148.03345499506057,13989
209.0681103363909,147.88148532701845,13990
209.2593440439035,147.7313545875298,13991
209.4489096681153,147.5830651547763,13992
209.6368027696505,147.43661913269625,13993
209.82301922412793,147.29201835497614,13994
210.0075552176594,147.14926438912357,13995
210.1904072422447,147.00835854061575,13996
210.37157209107124,146.86930185711776,13997
210.55104685372393,146.7320951327662,13998
210.7288289113132,146.5967389125115,13999
210.90491593152714,146.46323349651513,14000
211.07930586361502,146.3315789445952,14001
211.25199693330802,146.20177508071666,14002
211.42298763768383,146.07382149752013,14003
211.59227673998157,145.94771756088505,14004
211.75986326437246,145.82346241452245,14005
211.92574649069292,145.70105498459216,14006
212.0899259491453,145.5804939843409,14007
212.25240141497224,145.46177791875564,14008
212.41317290310985,145.34490508922917,14009
212.57224066282535,145.2298735982326,14010
212.72960517234392,145.11668135399177,14011
212.88526713347034,145.00532607516297,14012
213.03922746620933,144.89580529550437,14013
213.19148730339037,144.78811636853962,14014
213.34204798530064,144.68225647221007,14015
213.49091105433058,144.5782226135121,14016
213.63807824963644,144.47601163311637,14017
213.78355150182387,144.37562020996594,14018
213.92733292765573,144.27704486585017,14019
214.06942482478868,144.18028196995147,14020
214.20982966654125,144.08532774336211,14021
214.34855009669724,143.992178263569,14022
214.4855889243472,143.9008294689032,14023
214.62094911877136,143.81127716295194,14024
214.7546338043665,143.7235170189317,14025
214.88664625561987,143.63754458401894,14026
215.0169898921319,143.55335528363787,14027
215.14566827369143,143.47094442570176,14028
215.27268509540394,143.39030720480795,14029
215.3980441828765,143.31143870638303,14030
215.52174948746037,143.23433391077793,14031
215.64380508155315,143.15898769731098,14032
215.7642151539629,143.0853948482575,14033
215.88298400533463,143.01355005278512,14034
216.00011604364155,142.94344791083327,14035
216.1156157797419,142.87508293693605,14036
216.22948782300233,142.80844956398744,14037
216.34173687698967,142.74354214694802,14038
216.45236773523087,142.68035496649273,14039
216.5613852770432,142.61888223259837,14040
216.66879446343435,142.5591180880709,14041
216.77460033307364,142.50105661201172,14042
216.87880799833476,142.4446918232225,14043
216.9814226414104,142.39001768354854,14044
217.08244951049923,142.33702810115963,14045
217.18189391606504,142.2857169337692,14046
217.27976122716896,142.23607799179092,14047
217.37605686787433,142.18810504143275,14048
217.47078631372403,142.14179180772888,14049
217.56395508829092,142.09713197750892,14050
217.65556875980056,142.0541192023051,14051
217.74563293782646,142.0127471011971,14052
217.83415327005744,141.97300926359523,14053
217.92113543913646,141.93489925196164,14054
218.00658515957142,141.89841060447037,14055
218.09050817471643,141.8635368376063,14056
218.17291025382383,141.83027144870354,14057
218.25379718916616,141.79860791842333,14058
218.33317479322758,141.76853971317254,14059
218.41104889596372,141.74006028746285,14060
218.48742534213042,141.71316308621073,14061
218.56230998867903,141.68784154697988,14062
218.63570870221918,141.66408910216566,14063
218.7076273565471,141.64189918112262,14064
218.77807183023933,141.6212652122358,14065
218.84704800431064,141.60218062493598,14066
218.9145617599359,141.58463885166037,14067
218.98061897623418,141.56863332975848,14068
219.04522552811505,141.55415750334487,14069
219.10838728418574,141.5412048250984,14070
219.17011010471808,141.52976875800996,14071
219.23039983967507,141.51984277707825,14072
219.28926232679524,141.51142037095522,14073
219.34670338973433,141.50449504354168,14074
219.40272883626344,141.49906031553343,14075
219.45734445652224,141.49510972591952,14076
219.51055602132683,141.4926368334329,14077
219.5623692805307,141.49163521795413,14078
219.61278996143838,141.49209848186942,14079
219.6618237672704,141.49402025138343,14080
219.70947637567863,141.49739417778792,14081
219.75575343731128,141.5022139386867,14082
219.8006605744263,141.50847323917804,14083
219.84420337955228,141.51616581299507,14084
219.88638741419598,141.5252854236053,14085
219.92721820759553,141.53582586526971,14086
219.96670125551807,141.54778096406224,14087
220.00484201910098,141.5611445788509,14088
220.0416459237363,141.57591060224055,14089
220.07711835799648,141.59207296147906,14090
220.11126467260092,141.60962561932664,14091
220.14409017942293,141.62856257488988,14092
220.1756001505352,141.6488778644209,14093
220.2057998172935,141.6705655620822,14094
220.23469436945757,141.69361978067863,14095
220.2622889543484,141.71803467235645,14096
220.28858867604083,141.7438044292706,14097
220.31359859459056,141.77092328422083,14098
220.3373237252953,141.79938551125736,14099
220.35976903798826,141.82918542625714,14100
220.38093945636402,141.8603173874703,14101
220.40083985733546,141.89277579603927,14102
220.41947507042104,141.9265550964894,14103
220.43684987716205,141.96164977719286,14104
220.45296901056798,141.9980543708062,14105
220.46783715459077,142.0357634546819,14106
220.48145894362588,142.07477165125545,14107
220.49383896203997,142.11507362840692,14108
220.50498174372458,142.15666409979968,14109
220.51489177167494,142.19953782519497,14110
220.52357347759292,142.2436896107444,14111
220.53103124151437,142.28911430925967,14112
220.53726939145886,142.3358068204613,14113
220.5422922031022,142.383762091206,14114
220.54610389947064,142.43297511569318,14115
220.5487086506565,142.4834409356525,14116
220.55011057355387,142.5351546405106,14117
220.55031373161478,142.5881113675399,14118
220.5493221346241,142.64230630198844,14119
220.54713973849394,142.69773467719173,14120
220.54377044507567,142.75439177466714,14121
220.53921810198995,142.81227292419106,14122
220.53348650247372,142.87137350385973,14123
220.52657938524413,142.93168894013317,14124
220.5185004343781,142.99321470786418,14125
220.50925327920783,143.05594633031117,14126
220.49884149423133,143.11987937913645,14127
220.48726859903786,143.18500947438974,14128
220.4745380582472,143.25133228447743,14129
220.46065328146278,143.318843526118,14130
220.44561762323863,143.38753896428398,14131
220.42943438305863,143.45741441213048,14132
220.41210680532842,143.5284657309113,14133
220.39363807937983,143.60068882988205,14134
220.37403133948655,143.67407966619146,14135
220.3532896648916,143.74863424476047,14136
220.33141607984544,143.8243486181498,14137
220.3084135536551,143.90121888641642,14138
220.2842850007432,143.97924119695858,14139
220.25903328071766,144.0584117443501,14140
220.23266119845027,144.13872677016457,14141
220.20517150416552,144.22018256278855,14142
220.17656689353777,144.3027754572252,14143
220.14685000779772,144.38650183488784,14144
220.11602343384735,144.47135812338408,14145
220.08408970438313,144.55734079629005,14146
220.05105129802718,144.64444637291618,14147
220.01691063946635,144.73267141806303,14148
219.9816700995989,144.82201254176908,14149
219.94533199568843,144.91246639904932,14150
219.90789859152517,145.00402968962533,14151
219.869372097594,145.09669915764746,14152
219.82975467124936,145.19047159140806,14153
219.78904841689666,145.28534382304733,14154
219.74725538618029,145.38131272825066,14155
219.70437757817766,145.47837522593846,14156
219.66041693959946,145.57652827794823,14157
219.61537536499603,145.6757688887088,14158
219.56925469696898,145.77609410490743,14159
219.52205672638942,145.87750101514905,14160
219.47378319262086,145.97998674960863,14161
219.4244357837483,146.08354847967578,14162
219.3740161368121,146.18818341759274,14163
219.3225258380476,146.29388881608463,14164
219.2699664231297,146.4006619679831,14165
219.2163393774226,146.5085002058428,14166
219.16164613623465,146.61740090155084,14167
219.1058880850781,146.72736146592928,14168
219.04906655993398,146.83837934833076,14169
218.99118284752146,146.9504520362274,14170
218.93223818557271,147.0635770547924,14171
218.87223376311218,147.1777519664753,14172
218.81117072074065,147.29297437056997,14173
218.74905015092432,147.40924190277582,14174
218.68587309828874,147.5265522347524,14175
218.62164055991713,147.64490307366682,14176
218.55635348565406,147.76429216173443,14177
218.49001277841364,147.88471727575237,14178
218.42261929449273,148.00617622662645,14179
218.3541738438888,148.1286668588908,14180
218.284677190623,148.25218705022053,14181
218.2141300530683,148.37673471093746,14182
218.14253310428208,148.50230778350837,14183
218.06988697234465,148.62890424203644,14184
217.99619224070227,148.75652209174507,14185
217.9214494485158,148.8851593684547,14186
217.8456590910144,149.01481413805183,14187
217.768821619855,149.14548449595088,14188
217.69093744348706,149.27716856654843,14189
217.6120069275229,149.40986450266956,14190
217.532030395114,149.54357048500677,14191
217.45100812733293,149.67828472155063,14192
217.36894036356145,149.81400544701293,14193
217.2858273018846,149.95073092224143,14194
217.20166909949117,150.08845943362664,14195
217.1164658730804,150.2271892924999,14196
217.0302176992754,150.36691883452386,14197
216.94292461504335,150.50764641907327,14198
216.85458661812228,150.64937042860825,14199
216.7652036674553,150.79208926803798,14200
216.6747756836318,150.93580136407573,14201
216.58330254933628,151.08050516458465,14202
216.49078410980468,151.22619913791476,14203
216.39722017328862,151.3728817722299,14204
216.30261051152766,151.5205515748257,14205
216.20695486022998,151.66920707143763,14206
216.11025291956105,151.81884680553915,14207
216.0125043546419,151.96946933763002,14208
215.91370879605543,152.12107324451435,14209
215.81386584036267,152.27365711856822,14210
215.71297505062788,152.42721956699705,14211
215.61103595695383,152.58175921108187,14212
215.508048057027,152.73727468541517,14213
215.40401081667272,152.89376463712537,14214
215.2989236704212,153.0512277250903,14215
215.19278602208433,153.20966261913898,14216
215.08559724534348,153.36906799924216,14217
214.97735668434868,153.52944255469083,14218
214.86806365432977,153.69078498326272,14219
214.75771744221942,153.85309399037692,14220
214.6463173072885,154.01636828823573,14221
214.53386248179436,154.18060659495433,14222
214.4203521716416,154.34580763367742,14223
214.30578555705708,154.51197013168303,14224
214.1901617932776,154.67909281947328,14225
214.07348001125288,154.84717442985144,14226
213.95573931836154,155.01621369698586,14227
213.83693879914313,155.18620935545985,14228
213.7170775160447,155.35716013930784,14229
213.596154510183,155.52906478103716,14230
213.47416880212265,155.70192201063557,14231
213.35111939267082,155.8757305545643,14232
213.22700526368828,156.0504891347363,14233
213.1018253789178,156.22619646747944,14234
212.97557868483014,156.4028512624846,14235
212.84826411148785,156.5804522217389,14236
212.7198805734275,156.75899803844237,14237
212.5904269705607,156.93848739590996,14238
212.45990218909438,157.11891896645702,14239
212.32830510247052,157.30029141026895,14240
212.1956345723264,157.48260337425432,14241
212.0618894494751,157.66585349088191,14242
211.9270685749068,157.85004037700077,14243
211.79117078081197,158.03516263264373,14244
211.6541948916262,158.22121883981373,14245
211.5161397250974,158.40820756125314,14246
211.37700409337575,158.59612733919587,14247
211.23678680412704,158.784976694102,14248
211.0954866616699,158.9747541233745,14249
210.9531024681367,159.16545810005871,14250
210.80963302465992,159.35708707152398,14251
210.66507713258292,159.5496394581265,14252
210.51943359469664,159.74311365185537,14253
210.37270121650278,159.93750801495915,14254
210.2248788075028,160.13282087855507,14255
210.07596518251444,160.3290505412193,14256
209.9259591630159,160.5261952675588,14257
209.77485957851732,160.7242532867651,14258
209.62266526796162,160.92322279114853,14259
209.4693750811534,161.12310193465484,14260
209.31498788021773,161.3238888313623,14261
209.1595025410888,161.52558155396048,14262
209.0029179550284,161.72817813221016,14263
208.84523303017562,161.9316765513845,14264
208.68644669312732,162.1360747506915,14265
208.5265578905507,162.34137062167784,14266
208.36556559082732,162.5475620066137,14267
208.20346878573002,162.75464669685948,14268
208.0402664921325,162.9626224312137,14269
207.8759577537522,163.17148689424238,14270
207.71054164292676,163.38123771459047,14271
207.5440172624247,163.5918724632743,14272
207.37638374729022,163.80338865195736,14273
207.20764026672305,164.01578373120654,14274
207.03778602599297,164.22905508873188,14275
206.86682026839014,164.4432000476083,14276
206.69474227721085,164.6582158644804,14277
206.52155137777925,164.87409972774984,14278
206.34724693950542,165.09084875574632,14279
206.17182837798,165.30845999488207,14280
205.99529515710518,165.52693041779003,14281
205.81764679126294,165.74625692144673,14282
205.6388828475202,165.9664363252791,14283
205.45900294787103,166.18746536925738,14284
205.27800677151654,166.40934071197228,14285
205.09589405718188,166.63205892869874,14286
204.9126646054708,166.85561650944638,14287
204.72831828125783,167.08000985699613,14288
204.5428550161177,167.30523528492495,14289
204.35627481079248,167.5312890156182,14290
204.1685777376958,167.75816717827132,14291
203.97976394345474,167.98586580687993,14292
203.7898336514882,168.2143808382209,14293
203.59878716462282,168.44370810982366,14294
203.4066248677449,168.6738433579328,14295
203.21334723048923,168.90478221546343,14296
203.01895480996373,169.13652020994945,14297
202.82344825350938,169.3690527614855,14298
202.62682830149595,169.60237518066467,14299
202.42909579015182,169.83648266651036,14300
202.2302516544285,170.07137030440705,14301
202.03029693089826,170.30703306402683,14302
201.82923276068485,170.54346579725626,14303
201.6270603924263,170.78066323612265,14304
201.42378118526923,171.01861999072085,14305
201.21939661189347,171.25733054714368,14306
201.01390826156648,171.4967892654143,14307
200.80731784322623,171.73699037742466,14308
200.5996271885918,171.977927984879,14309
200.39083825530045,172.2195960572457,14310
200.18095313006967,172.46198842971708,14311
199.96997403188337,172.7050988011799,14312
199.75790331520074,172.94892073219768,14313
199.54474347318623,173.193447643006,14314
199.33049714095918,173.43867281152296,14315
199.11516709886146,173.68458937137544,14316
198.89875627574165,173.9311903099447,14317
198.68126775225346,174.17846846642973,14318
198.4627047641676,174.42641652993507,14319
198.24307070569384,174.67502703757827,14320
198.02236913281197,174.92429237262672,14321
197.80060376660975,175.17420476265715,14322
197.57777849662497,175.42475627774795,14323
197.3538973841898,175.6759388286991,14324
197.12896466577465,175.92774416528832,14325
196.9029847563298,176.1801638745582,14326
196.67596225262096,176.43318937914424,14327
196.44790193655749,176.68681193563918,14328
196.2188087785091,176.94102263299948,14329
195.98868794060934,177.1958123909962,14330
195.7575447800424,177.4511719587092,14331
195.5253848523095,177.70709191307134,14332
195.29221391447334,177.96356265746198,14333
195.05803792837548,178.2205744203533,14334
194.8228630638248,178.47811725400925,14335
194.58669570175238,178.73618103324597,14336
194.3495424373303,178.99475545424653,14337
194.1114100830502,179.2538300334418,14338
193.87230567175746,179.5133941064529,14339
193.63223645963848,179.77343682710168,14340
193.39120992915568,180.03394716649166,14341
193.14923379192723,180.2949139121551,14342
192.90631599154722,180.55632566728318,14343
192.66246470634195,180.8181708500198,14344
192.4176883520585,181.08043769285237,14345
192.1719955844807,181.34311424206484,14346
191.92539530196925,181.60618835728832,14347
191.67789664792016,181.86964771113236,14348
191.42950901313864,182.1334797889052,14349
191.18024203812266,182.39767188842794,14350
190.9301056152521,182.662211119939,14351
190.67910989087966,182.9270844060962,14352
190.42726526731724,183.19227848207836,14353
190.17458240471507,183.45777989578517,14354
189.92107222282792,183.7235750081423,14355
189.66674590266308,183.9896499935096,14356
189.41161488800734,184.25599084019908,14357
189.15569088682665,184.5225833511002,14358
188.89898587253444,184.78941314441838,14359
188.64151208512374,185.05646565452636,14360
188.38328203215917,185.32372613293174,14361
188.12430848962373,185.59117964936183,14362
187.8646045026153,185.85881109296767,14363
187.60418338588946,186.12660517364964,14364
187.3430587242442,186.3945464235054,14365
187.08124437274117,186.66261919840278,14366
186.81875445675982,186.93080767967732,14367
186.55560337188112,187.19909587595876,14368
186.2918057835958,187.46746762512473,14369
186.02737662683245,187.73590659638361,14370
185.76233110530498,188.00439629249036,14371
185.49668469067126,188.27292005209083,14372
185.2304531215035,188.5414610522013,14373
184.9636524020642,188.81000231081913,14374
184.6962988008862,189.07852668966802,14375
184.4284088491535,189.34701689707705,14376
184.15999933887989,189.61545549099336,14377
183.8910873208818,189.8838248821305,14378
183.6216901025453,190.1521073372495,14379
183.35182524538396,190.42028498257505,14380
183.0815105623843,190.68833980734541,14381
182.81076411513968,190.95625366749448,14382
182.5396042107702,191.22400828946746,14383
182.26804939862578,191.4915852741676,14384
181.99611846677513,191.7589661010333,14385
181.72383043827773,192.02613213224495,14386
181.45120456723615,192.2930646170593,14387
181.178260334637,192.55974469627026,14388
180.90501744396994,192.8261534067941,14389
180.6314958166326,193.0922716863777,14390
180.357715587123,193.35808037842625,14391
180.0836970980184,193.6235602369502,14392
179.80946089473517,193.88869193162677,14393
179.5350277200791,194.1534560529749,14394
179.2604185086125,194.41783311763993,14395
178.98565438077912,194.68180357378523,14396
178.71075663684687,194.9453478065874,14397
178.43574675065514,195.20844614383145,14398
178.1606463631587,195.47107886160293,14399
177.88547727578273,195.7332261900724,14400
177.61026144359468,195.9948683193686,14401
177.3350209682886,196.2559854055365,14402
177.05977809099917,196.51655757657528,14403
176.78455518493865,196.7765649385522,14404
176.509374747871,197.03598758178762,14405
176.23425939442674,197.29480558710605,14406
175.95923184826248,197.55299903214893,14407
175.68431493407513,197.8105479977433,14408
175.4095315694769,198.06743257432177,14409
175.13490475673623,198.32363286838785,14410
174.86045757439493,198.57912900902187,14411
174.5862131687684,198.83390115442106,14412
174.31219474533535,199.08792949846884,14413
174.03842556002854,199.3411942773271,14414
173.76492891043165,199.5936757760457,14415
173.4917281268931,199.8453543351834,14416
173.21884656356607,200.09621035743368,14417
172.94630758938126,200.34622431425015,14418
172.67413457896487,200.5953767524648,14419
172.40235090350885,200.8436483008929,14420
172.13097992160417,201.09101967691922,14421
171.86004497004626,201.33747169305778,14422
171.58956935462265,201.58298526348057,14423
171.3195763408923,201.82754141050816,14424
171.050089144967,202.0711212710557,14425
170.78113092430408,202.3137061030291,14426
170.5127247685214,202.55527729166445,14427
170.24489369024278,202.7958163558048,14428
169.977660615986,203.03530495410857,14429
169.71104837710146,203.27372489118306,14430
169.44507970077223,203.51105812363804,14431
169.1797772010842,203.74728676605258,14432
168.91516337017785,203.98239309685036,14433
168.65126056948873,204.21635956407746,14434
168.38809102108772,204.44916879107708,14435
168.1256767991297,204.6808035820563,14436
167.86403982141923,204.9112469275396,14437
167.6032018411025,205.14048200970342,14438
167.3431844384949,205.36849220758836,14439
167.08400901305023,205.59526110218283,14440
166.8256967754822,205.8207724813746,14441
166.56826874004506,206.04501034476567,14442
166.31174571698023,206.26795890834623,14443
166.05614830513733,206.4896026090239,14444
165.80149688477647,206.70992610900467,14445
165.54781161055743,206.92891430002172,14446
165.2951124047234,207.14655230740885,14447
165.0434189504846,207.3628254940161,14448
164.7927506856075,207.57771946396377,14449
164.54312679621498,207.79122006623282,14450
164.29456621080303,208.00331339808915,14451
164.047087594477,208.2139858083397,14452
163.80070934341376,208.42322390041795,14453
163.55544957955175,208.63101453529845,14454
163.3113261455139,208.83734483423686,14455
163.0683565997652,209.04220218133642,14456
162.82655821200834,209.24557422593878,14457
162.5859479588205,209.4474488848384,14458
162.34654251953137,209.64781434432055,14459
162.1083582723459,209.84665906202255,14460
161.8714112907119,210.0439717686178,14461
161.6357173399335,210.23974146932335,14462
161.40129187403153,210.4339574452313,14463
161.16815003284984,210.6266092544643,14464
160.93630663940874,210.81768673315685,14465
160.7057761975037,211.00717999626255,14466
160.47657288954892,211.1950794381893,14467
160.24871057466487,211.38137573326378,14468
160.02220278700744,211.56605983602643,14469
159.79706273433754,211.74912298135968,14470
159.57330329682827,211.93055668445106,14471
159.35093702610783,212.11035274059276,14472
159.12997614453496,212.28850322482162,14473
158.91043254470392,212.4650004914006,14474
158.69231778917597,212.6398371731454,14475
158.4756431104331,212.81300618059853,14476
158.26041941105134,212.98450070105469,14477
158.04665726408842,213.15431419743922,14478
157.83436691368237,213.32244040704455,14479
157.62355827585628,213.48887334012667,14480
157.41424093952503,213.65360727836605,14481
157.20642416769812,213.8166367731957,14482
157.0001168988753,213.97795664400135,14483
156.79532774862832,214.13756197619603,14484
156.59206501136478,214.29544811917407,14485
156.39033666226783,214.45161068414774,14486
156.190150359407,214.6060455418709,14487
155.99151344601407,214.75874882025352,14488
155.7944329529188,214.9097169018708,14489
155.5989156011385,215.05894642137207,14490
155.4049678046157,215.2064342627917,14491
155.21259567309843,215.35217755676848,14492
155.02180501515696,215.49617367767584,14493
154.8326013413313,215.63842024066747,14494
154.64498986740364,215.77891509864338,14495
154.4589755177896,215.91765633913923,14496
154.27456292904276,216.05464228114417,14497
154.09175645346662,216.18987147185064,14498
153.91056016282755,216.3233426833405,14499
153.73097785216424,216.4550549092115,14500
153.55301304368632,216.585007361148,14501
153.3766689907579,216.71319946544048,14502
153.20194868195946,216.83963085945652,14503
153.0288548452232,216.96430138806875,14504
152.85738995203548,217.08721110004225,14505
152.68755622170235,217.20836024438603,14506
152.51935562567138,217.32774926667176,14507
152.35278989190567,217.44537880532366,14508
152.1878605093043,217.56124968788305,14509
152.02456873216457,217.67536292725117,14510
151.862915584681,217.7877197179134,14511
151.702901865476,217.89832143214835,14512
151.54452815215842,218.0071696162254,14513
151.3877948059042,218.11426598659313,14514
151.2327019760558,218.21961242606264,14515
151.0792496047352,218.323210979988,14516
150.92743743146718,218.425063852447,14517
150.77726499780803,218.52517340242537,14518
150.628731651976,218.62354214000635,14519
150.4818365534802,218.72017272256932,14520
150.33657867774335,218.81506795099946,14521
150.19295682071552,218.9082307659103,14522
150.05096960347555,218.99966424388316,14523
149.91061547681628,219.08937159372405,14524
149.77189272581074,219.1773561527411,14525
149.63479947435667,219.26362138304478,14526
149.49933368969576,219.34817086787197,14527
149.3654931869055,219.43100830793705,14528
149.23327563336048,219.51213751781088,14529
149.10267855316127,219.5915624223295,14530
148.97369933152788,219.66928705303485,14531
148.84633521915586,219.74531554464838,14532
148.72058333653285,219.81965213157935,14533
148.5964406782139,219.89230114446895,14534
148.47390411705268,219.96326700677218,14535
148.3529704083882,220.0325542313779,14536
148.2336361941843,220.10016741726852,14537
148.11589800712073,220.16611124622088,14538
147.99975227463437,220.2303904795486,14539
147.88519532290928,220.293009954887,14540
147.77222338081432,220.35397458302202,14541
147.66083258378708,220.4132893447631,14542
147.55101897766326,220.47095928786086,14543
147.44277852245048,220.52698952397142,14544
147.33610709604565,220.58138522566577,14545
147.23100049789514,220.6341516234867,14546
147.12745445259694,220.68529400305275,14547
147.02546461344483,220.7348177022098,14548
146.92502656591287,220.7827281082304,14549
146.82613583108105,220.8290306550619,14550
146.72878786900088,220.8737308206223,14551
146.63297808200093,220.9168341241454,14552
146.53870181793226,220.9583461235744,14553
146.44595437335306,220.99827241300449,14554
146.35473099665305,221.03661862017432,14555
146.2650268911172,221.07339040400626,14556
146.17683721792895,221.10859345219578,14557
146.09015709911267,221.14223347884908,14558
146.00498162041643,221.1743162221702,14559
145.9213058341338,221.20484744219553,14560
145.83912476186654,221.2338329185775,14561
145.75843339722712,221.26127844841585,14562
145.67922670848202,221.28718984413663,14563
145.60149964113643,221.31157293141914,14564
145.52524712045985,221.33443354716937,14565
145.45046405395402,221.35577753754092,14566
145.3771453337632,221.37561075600183,14567
145.30528583902688,221.39393906144784,14568
145.23488043817648,221.41076831636107,14569
145.16592399117562,221.4261043850141,14570
145.0984113517051,221.43995313171834,14571
145.03233736929306,221.45232041911743,14572
144.96769689139063,221.46321210652374,14573
144.90448476539473,221.47263404829846,14574
144.842695840617,221.4805920922743,14575
144.78232497020173,221.48709207822068,14576
144.72336701299108,221.4921398363504,14577
144.66581683534045,221.4957411858672,14578
144.60966931288368,221.49790193355452,14579
144.55491933224837,221.49862787240377,14580
144.50156179272355,221.49792478028198,14581
144.44959160787877,221.49579841863863,14582
144.39900370713696,221.49225453125055,14583
144.34979303730034,221.4872988430042,14584
144.3019545640316,221.48093705871548,14585
144.25548327328974,221.47317486198568,14586
144.21037417272265,221.4640179140932,14587
144.16662229301622,221.4534718529208,14588
144.12422268920145,221.44154229191722,14589
144.08317044191978,221.4282348190929,14590
144.04346065864797,221.413554996049,14591
144.00508847488305,221.39750835703953,14592
143.96804905528805,221.38010040806543,14593
143.9323375947994,221.36133662600005,14594
143.89794931969686,221.34122245774617,14595
143.86487948863663,221.3197633194229,14596
143.83312339364852,221.29696459558275,14597
143.80267636109778,221.27283163845772,14598
143.77353375261245,221.24736976723403,14599
143.74569096597716,221.22058426735498,14600
143.71914343599374,221.19248038985128,14601
143.69388663530972,221.16306335069834,14602
143.6699160752153,221.13233833019967,14603
143.6472273064095,221.1003104723964,14604
143.6258159197363,221.06698488450184,14605
143.60567754689143,221.03236663636085,14606
143.5868078611003,220.9964607599333,14607
143.5692025777685,220.95927224880108,14608
143.55285745510406,220.9208060576986,14609
143.53776829471417,220.8810671020653,14610
143.523930942175,220.84006025762088,14611
143.51134128757704,220.79779035996165,14612
143.49999526604472,220.7542622041783,14613
143.48988885823317,220.70948054449397,14614
143.48101809080055,220.66345009392302,14615
143.47337903685795,220.6161755239487,14616
143.46696781639727,220.56766146422083,14617
143.46178059669683,220.51791250227186,14618
143.4578135927066,220.4669331832512,14619
143.45506306741228,220.41472800967767,14620
143.4535253321799,220.36130144120952,14621
143.45319674708048,220.30665789443117,14622
143.45407372119638,220.25080174265696,14623
143.45615271290868,220.19373731575104,14624
143.45943023016696,220.13546889996312,14625
143.46390283074183,220.07600073777994,14626
143.4695671224599,220.0153370277915,14627
143.47641976342342,219.95348192457254,14628
143.48445746221262,219.8904395385781,14629
143.49367697807355,219.8262139360533,14630
143.50407512109032,219.76080913895706,14631
143.51564875234268,219.6942291248988,14632
143.52839478404962,219.62647782708885,14633
143.54231017969883,219.55755913430116,14634
143.55739195416277,219.48747689084888,14635
143.57363717380179,219.41623489657195,14636
143.59104295655425,219.34383690683677,14637
143.60960647201475,219.27028663254745,14638
143.62932494149985,219.1955877401686,14639
143.65019563810262,219.1197438517592,14640
143.67221588673533,219.04275854501728,14641
143.69538306416166,218.96463535333544,14642
143.7196945990179,218.88537776586685,14643
143.74514797182374,218.80498922760114,14644
143.77174071498305,218.72347313945085,14645
143.79947041277495,218.64083285834698,14646
143.82833470133488,218.55707169734498,14647
143.8583312686268,218.47219292573928,14648
143.88945785440612,218.3861997691878,14649
143.92171225017384,218.29909540984514,14650
143.9550922991221,218.2108829865046,14651
143.98959589607122,218.1215655947492,14652
144.02522098739894,218.03114628711126,14653
144.06196557096118,217.93962807324016,14654
144.09982769600538,217.84701392007864,14655
144.13880546307624,217.75330675204748,14656
144.17889702391383,217.65850945123762,14657
144.22010058134455,217.56262485761093,14658
144.262414389165,217.4656557692084,14659
144.30583675201896,217.36760494236626,14660
144.3503660252672,217.26847509193965,14661
144.3960006148511,217.16826889153407,14662
144.44273897714933,217.0669889737441,14663
144.4905796188281,216.9646379303996,14664
144.53952109668515,216.86121831281946,14665
144.58956201748742,216.75673263207244,14666
144.6407010378024,216.6511833592456,14667
144.6929368638236,216.54457292571948,14668
144.7462682511898,216.4369037234508,14669
144.80069400479823,216.32817810526245,14670
144.8562129786121,216.21839838514026,14671
144.91282407546174,216.1075668385371,14672
144.9705262468406,215.99568570268434,14673
145.02931849269447,215.88275717690973,14674
145.0891998612058,215.76878342296334,14675
145.15016944857155,215.6537665653498,14676
145.21222639877536,215.5377086916684,14677
145.27536990335415,215.4206118529597,14678
145.33959920115865,215.30247806405998,14679
145.40491357810797,215.18330930396252,14680
145.47131236693855,215.06310751618634,14681
145.53879494694692,214.9418746091523,14682
145.60736074372656,214.81961245656666,14683
145.67700922889873,214.69632289781174,14684
145.74773991983724,214.57200773834475,14685
145.8195523793868,214.4466687501036,14686
145.89244621557546,214.32030767192094,14687
145.9664210813202,214.19292620994548,14688
146.04147667412667,214.06452603807153,14689
146.11761273578185,213.93510879837646,14690
146.19482905204038,213.80467610156623,14691
146.27312545230376,213.6732295274288,14692
146.352501809293,213.54077062529637,14693
146.43295803871402,213.40730091451584,14694
146.51449409891555,213.2728218849275,14695
146.59710999054036,213.13733499735304,14696
146.68080575616833,213.00084168409163,14697
146.76558147995198,212.86334334942586,14698
146.85143728724435,212.72484137013606,14699
146.93837334421852,212.58533709602432,14700
147.02638985747902,212.44483185044777,14701
147.1154870736648,212.30332693086163,14702
147.20566527904327,212.16082360937204,14703
147.29692479909588,212.01732313329862,14704
147.3892659980941,211.8728267257477,14705
147.48268927866633,211.72733558619527,14706
147.57719508135503,211.58085089108116,14707
147.6727838841641,211.43337379441326,14708
147.76945620209608,211.2849054283835,14709
147.86721258667882,211.13544690399416,14710
147.96605362548163,210.98499931169636,14711
148.06597994162047,210.83356372203943,14712
148.1669921932514,210.6811411863329,14713
148.2690910730532,210.52773273731992,14714
148.37227730769757,210.37333938986328,14715
148.47655165730706,210.217962141644,14716
148.5819149149007,210.0616019738727,14717
148.68836790582668,209.90425985201398,14718
148.7959114871816,209.74593672652426,14719
148.90454654721617,209.58663353360288,14720
149.01427400472707,209.4263511959576,14721
149.1250948084343,209.2650906235837,14722
149.23700993634367,209.10285271455757,14723
149.35002039509453,208.93963835584537,14724
149.46412721929147,208.7754484241261,14725
149.57933147082042,208.6102837866303,14726
149.69563423814824,208.44414530199418,14727
149.81303663560539,208.2770338211294,14728
149.93153980265154,208.1089501881094,14729
150.05114490312332,207.93989524107155,14730
150.17185312446406,207.76986981313672,14731
150.29366567693484,207.59887473334538,14732
150.41658379280625,207.4269108276113,14733
150.54060872553117,207.25397891969263,14734
150.6657417488967,207.08007983218158,14735
150.79198415615605,206.90521438751153,14736
150.9193372591395,206.7293834089835,14737
151.04780238734318,206.55258772181116,14738
151.17738088699642,206.37482815418508,14739
151.30807412010606,206.19610553835693,14740
151.43988346347777,206.016420711743,14741
151.5728103077137,205.8357745180484,14742
151.70685605618576,205.6541678084117,14743
151.8420221239845,205.4716014425703,14744
151.97830993684195,205.288076290047,14745
152.11572093002937,205.10359323135842,14746
152.25425654722784,204.91815315924455,14747
152.39391823937223,204.7317569799213,14748
152.53470746346724,204.5444056143548,14749
152.67662568137555,204.3560999995588,14750
152.81967435857686,204.16684108991524,14751
152.96385496289764,203.97662985851784,14752
153.109168963211,203.78546729853971,14753
153.25561782810564,203.59335442462495,14754
153.40320302452415,203.40029227430415,14755
153.55192601636915,203.20628190943492,14756
153.70178826307676,203.01132441766694,14757
153.85279121815785,202.8154209139323,14758
154.00493632770502,202.61857254196093,14759
154.15822502886581,202.42078047582226,14760
154.31265874828065,202.22204592149197,14761
154.46823890048597,202.0223701184454,14762
154.624966886281,201.82175434127709,14763
154.78284409105797,201.62019990134712,14764
154.9418718830954,201.4177081484537,14765
155.1020516118133,201.21428047253326,14766
155.2633846059905,201.0099183053873,14767
155.42587217194284,200.80462312243668,14768
155.58951559166184,200.5983964445033,14769
155.75431612091378,200.3912398396193,14770
155.920274987298,200.18315492486397,14771
156.0873933882642,199.97414336822854,14772
156.25567248908837,199.7642068905086,14773
156.42511342080658,199.55334726722452,14774
156.5957172781064,199.34156633056978,14775
156.76748511717543,199.12886597138734,14776
156.940417953506,198.91524814117375,14777
157.11451675965682,198.7007148541112,14778
157.28978246296987,198.48526818912765,14779
157.46621594324296,198.26891029198424,14780
157.64381803035727,198.05164337739072,14781
157.82258950185997,197.83346973114806,14782
158.0025310805009,197.61439171231865,14783
158.18364343172385,197.39441175542308,14784
158.36592716111167,197.17353237266445,14785
158.5493828117853,196.9517561561785,14786
158.73401086175627,196.72908578031056,14787
158.91981172123317,196.50552400391803,14788
159.10678572988107,196.28107367269848,14789
159.29493315403477,196.05573772154273,14790
159.48425418386552,195.82951917691275,14791
159.67474893050098,195.6024211592433,14792
159.8664174230991,195.37444688536726,14793
160.05925960587567,195.145599670964,14794
160.25327533508582,194.9158829330296,14795
160.4484643759602,194.68530019236906,14796
160.64482639959527,194.45385507610894,14797
160.84236097979874,194.22155132023042,14798
161.04106758989096,193.98839277212085,14799
161.24094559946175,193.7543833931443,14800
161.44199427108407,193.51952726122866,14801
161.644212756985,193.2838285734695,14802
161.84760009567484,193.04729164874857,14803
162.05215520853454,192.80992093036716,14804
162.2578768963637,192.5717209886909,14805
162.4647638358886,192.33269652380767,14806
162.67281457623227,192.09285236819434,14807
162.88202753534773,191.85219348939324,14808
163.09240099641502,191.61072499269548,14809
163.303933104204,191.36845212383045,14810
163.51662186140425,191.1253802716591,14811
163.73046512492317,190.88151497087003,14812
163.94546060215467,190.63686190467658,14813
164.1616058472192,190.3914269075124,14814
164.37889825717775,190.1452159677248,14815
164.5973350682221,189.89823523026251,14816
164.81691335184178,189.65049099935734,14817
165.03763001097155,189.4019897411964,14818
165.2594817761213,189.1527380865832,14819
165.48246520149024,188.90274283358556,14820
165.70657666106794,188.6520109501679,14821
165.93181234472596,188.40054957680493,14822
166.15816825430136,188.1483660290753,14823
166.3856401996759,187.89546780023173,14824
166.61422379485373,187.64186256374566,14825
166.84391445404066,187.38755817582327,14826
167.0747073877281,187.13256267789032,14827
167.30659759878534,186.87688429904304,14828
167.53957987856387,186.62053145846178,14829
167.77364880301658,186.3635127677851,14830
168.00879872883655,186.10583703344034,14831
168.24502378961864,185.84751325892873,14832
168.48231789204826,185.5885506470601,14833
168.7206747121214,185.32895860213685,14834
168.96008769139985,185.0687467320797,14835
169.20055003330685,184.80792485049636,14836
169.44205469946655,184.54650297868614,14837
169.68459440609288,184.28449134757946,14838
169.92816162043158,184.02190039960644,14839
170.17274855726183,183.75874079049376,14840
170.4183471754603,183.49502339098345,14841
170.66494917463442,183.23075928847223,14842
170.91254599182955,182.96595978856527,14843
171.1611287983147,182.70063641654392,14844
171.41068849645293,182.4348009187403,14845
171.66121571666136,182.168465263817,14846
171.9127008144668,181.90164164394827,14847
172.1651338676621,181.63434247589655,14848
172.41850467356838,181.3665804019843,14849
172.67280274641107,181.0983682909538,14850
172.92801731481237,180.829719238714,14851
173.18413731940828,180.56064656896638,14852
173.44115141059507,180.2911638337126,14853
173.69904794641116,180.0212848136479,14854
173.95781499056056,179.75102351835463,14855
174.21744031058356,179.48039418652633,14856
174.47791137617935,179.2094112858489,14857
174.73921535769,178.93808951289193,14858
175.00133912474624,178.66644379279697,14859
175.26426924508587,178.39448927882785,14860
175.5279919835477,178.1222413517742,14861
175.7924933012471,177.8497156191961,14862
176.05775885493952,177.5769279145184,14863
176.32377399657648,177.30389429595917,14864
176.59052377306037,177.03063104530193,14865
176.85799292620223,176.75715466649666,14866
177.1261658928896,176.48348188409818,14867
177.39502680546536,176.2096296415291,14868
177.66455949232895,175.93561509917473,14869
177.93474747875675,175.6614556322993,14870
178.20557398795324,175.38716882878808,14871
178.47702194233275,175.11277248670825,14872
178.74907396503573,174.8382846116915,14873
179.0217123816888,174.56372341413268,14874
179.29491922240229,174.2891073062073,14875
179.5686762240208,174.01445489870346,14876
179.84296483261787,173.7397849976688,14877
180.11776620623027,173.465116600873,14878
180.3930612179132,173.1904688940834,14879
180.66883045892519,172.91586124715454,14880
180.94505424230408,172.6413132099319,14881
181.2217126066222,172.3668445079709,14882
181.4987853200329,172.0924750380698,14883
181.77625188456696,171.81822486361978,14884
182.0540915406994,171.54411420977118,14885
182.33228327217196,171.27016345841977,14886
182.610805811081,170.99639314301268,14887
182.88963764322304,170.72282394317676,14888
183.168757013701,170.44947667917262,14889
183.44814193278654,170.17637230617538,14890
183.7277701820401,169.90353190838655,14891
184.00761932068,169.6309766929785,14892
184.28766669220423,169.35872798387737,14893
184.56788943125693,169.0868072153859,14894
184.84826447073718,168.81523592565145,14895
185.12876854914566,168.54403574998372,14896
185.4093782181648,168.27322841402605,14897
185.69006985046636,168.00283572678597,14898
185.97081964774105,167.73287957352974,14899
186.25160364894452,167.46338190854647,14900
186.53239773875194,167.19436474778803,14901
186.8131776562169,166.92585016138983,14902
187.09391900362286,166.6578602660798,14903
187.37459725552466,166.39041721748123,14904
187.65518776796642,166.12354320231682,14905
187.93566578787278,165.85726043052048,14906
188.21600646259947,165.59159112726442,14907
188.49618484963767,165.32655752490885,14908
188.77617592646007,165.06218185488157,14909
189.05595460050122,164.79848633949572,14910
189.33549571925812,164.53549318371356,14911
189.6147740805049,164.27322456686363,14912
189.89376444260742,164.01170263432113,14913
190.17244153492828,163.75094948915768,14914
190.45078006831025,163.4909871837716,14915
190.72875474562753,163.2318377115043,14916
191.0063402723918,162.97352299825468,14917
191.283511367403,162.71606489409692,14918
191.56024277343053,162.45948516491347,14919
191.83650926791492,162.20380548404995,14920
192.112285673677,161.94904742400166,14921
192.38754686962176,161.6952324481402,14922
192.66226780142523,161.44238190248956,14923
192.9364234921928,161.19051700755944,14924
193.20998905307462,160.93965885024537,14925
193.48293969382814,160.68982837580404,14926
193.75525073331457,160.44104637991168,14927
194.02689760991674,160.19333350081516,14928
194.29785589186795,159.94671021158285,14929
194.56810128747816,159.70119681246445,14930
194.8376096552475,159.45681342336667,14931
195.1063570138549,159.2135799764537,14932
195.37431955201052,158.97151620887942,14933
195.64147363816193,158.73064165565876,14934
195.9077958300422,158.49097564268595,14935
196.17326288405036,158.25253727990588,14936
196.43785176445402,158.01534545464585,14937
196.7015396524037,157.7794188251144,14938
196.96430395475093,157.5447758140723,14939
197.22612231265944,157.3114346026832,14940
197.48697261000189,157.0794131245481,14941
197.7468329815335,156.84872905993015,14942
198.00568182083484,156.61939983017393,14943
198.26349778801622,156.39144259232444,14944
198.52025981717702,156.16487423395026,14945
198.77594712361264,155.9397113681743,14946
199.0305392107645,155.71597032891665,14947
199.28401587690539,155.49366716635254,14948
199.5363572215574,155.27281764258842,14949
199.78754365163536,155.05343722755896,14950
200.03755588731357,154.83554109514748,14951
200.28637496761084,154.61914411953154,14952
200.53398225569157,154.40426087175564,14953
200.78035944387884,154.19090561653226,14954
201.02548855837892,153.97909230927206,14955
201.2693519637137,153.7688345933443,14956
201.51193236686103,153.5601457975673,14957
201.75321282110164,153.35303893392947,14958
201.9931767295715,153.14752669554005,14959
202.23180784852153,152.94362145480932,14960
202.46909029028288,152.74133526185702,14961
202.7050085259408,152.54067984314773,14962
202.9395473877169,152.34166660035203,14963
203.17269207106236,152.14430660943094,14964
203.4044281364646,151.9486106199419,14965
203.63474151096872,151.75458905456384,14966
203.8636184894181,151.56225200883856,14967
204.09104573541643,151.37160925112536,14968
204.31701028201556,151.18267022276615,14969
204.54149953213232,150.9954440384573,14970
204.76450125869974,150.80993948682425,14971
204.98600360455606,150.62616503119634,14972
205.20599508207755,150.4441288105758,14973
205.4244645725592,150.26383864079898,14974
205.64140132534968,150.08530201588326,14975
205.85679495674563,149.9085261095568,14976
206.07063544865125,149.7335177769653,14977
206.2829131470094,149.5602835565515,14978
206.4936187600101,149.3888296721023,14979
206.7027433560833,149.21916203495843,14980
206.9102783616823,149.0512862463811,14981
207.1162155588641,148.8852076000715,14982
207.32054708267427,148.72093108483634,14983
207.52326541834253,148.55846138739486,14984
207.7243633982963,148.39780289532214,14985
207.92383419899966,148.23895970012214,14986
208.12167133762384,148.08193560042585,14987
208.31786866855745,147.9267341053088,14988
208.51242037976317,147.77335843772207,14989
208.70532098898772,147.62181153803138,14990
208.89656533983316,147.47209606765864,14991
209.08614859769563,147.32421441282088,14992
209.2740662455796,147.17816868836005,14993
209.46031407979422,147.0339607416592,14994
209.64488820553882,146.8915921566389,14995
209.82778503238467,146.75106425782892,14996
210.0090012696599,146.61237811450968,14997
210.1885339217445,146.47553454491813,14998
210.36638028328167,146.34053412051276,14999
210.54253793431275,146.20737717029317,15000
210.71700473534193,146.07606378516843,15001
210.88977882233718,145.94659382236964,15002
211.06085860167363,145.81896690990192,15003
211.2302427450259,145.69318245103085,15004
211.39793018421466,145.56923962879893,15005
211.56392010601442,145.44713741056697,15006
211.72821194692705,145.32687455257707,15007
211.8908053879275,145.20844960453147,15008
212.051700349187,145.09186091418417,15009
212.21089698477869,144.97710663194073,15010
212.368395677371,144.86418471546222,15011
212.52419703291392,144.75309293426986,15012
212.67830187532272,144.6438288743461,15013
212.83071124116395,144.53638994272902,15014
212.98142637434796,144.4307733720962,15015
213.13044872083222,144.32697622533524,15016
213.27777992334032,144.22499540009676,15017
213.42342181609948,144.12482763332778,15018
213.56737641960106,144.0264695057822,15019
213.709645935388,143.92991744650493,15020
213.85023274087192,143.83516773728806,15021
213.98913938418355,143.74221651709547,15022
214.12636857906003,143.65105978645397,15023
214.26192319977142,143.56169341180828,15024
214.39580627608984,143.47411312983823,15025
214.52802098830344,143.38831455173516,15026
214.6585706622783,143.3042931674362,15027
214.78745876457,143.2220443498147,15028
214.91468889758792,143.14156335882384,15029
215.04026479481328,143.06284534559387,15030
215.16419031607435,142.9858853564789,15031
215.2864694428791,142.91067833705418,15032
215.40710627380807,142.83721913606084,15033
215.52610501996872,142.7655025092976,15034
215.6434700005125,142.69552312345832,15035
215.75920563821614,142.62727555991415,15036
215.87331645512867,142.56075431843948,15037
215.9858070682841,142.49595382088046,15038
216.09668218548236,142.43286841476623,15039
216.20594660113844,142.37149237686086,15040
216.3136051921999,142.31181991665684,15041
216.41966291413485,142.25384517980837,15042
216.52412479698978,142.19756225150473,15043
216.62699594151817,142.14296515978327,15044
216.72828151538027,142.09004787878138,15045
216.8279867494142,142.03880433192774,15046
216.92611693397842,141.9892283950722,15047
217.02267741536627,141.94131389955453,15048
217.11767359229196,141.8950546352118,15049
217.21111091244816,141.85044435332475,15050
217.30299486913557,141.80747676950233,15051
217.3933309979635,141.76614556650622,15052
217.48212487362184,141.72644439701352,15053
217.56938210672408,141.68836688631933,15054
217.65510834072052,141.65190663497899,15055
217.73930924888217,141.6170572213898,15056
217.82199053135372,141.58381220431392,15057
217.90315791227636,141.55216512534108,15058
217.98281713697887,141.52210951129302,15059
218.06097396923704,141.49363887656952,15060
218.13763418860037,141.46674672543634,15061
218.21280358778577,141.441426554256,15062
218.28648797013716,141.41767185366174,15063
218.3586931471508,141.39547611067536,15064
218.429424936065,141.3748328107692,15065
218.4986891575138,141.35573543987365,15066
218.56649163324363,141.33817748633007,15067
218.6328381838923,141.32215244278999,15068
218.6977346268293,141.3076538080616,15069
218.7611867740567,141.29467508890397,15070
218.8232004301697,141.28320980176983,15071
218.88378139037565,141.2732514744972,15072
218.94293543857123,141.2647936479515,15073
219.00066834547647,141.25782987761806,15074
219.05698586682445,141.25235373514616,15075
219.11189374160637,141.24835880984546,15076
219.16539769037058,141.24583871013516,15077
219.2175034135746,141.2447870649474,15078
219.26821658998958,141.24519752508465,15079
219.31754287515557,141.2470637645332,15080
219.36548789988754,141.25037948173212,15081
219.41205726883024,141.25513840079955,15082
219.4572565590615,141.2613342727167,15083
219.50109131874316,141.2689608764703,15084
219.5435670658178,141.27801202015425,15085
219.58468928675177,141.28848154203175,15086
219.6244634353218,141.30036331155776,15087
219.66289493144586,141.3136512303636,15088
219.69998916005622,141.32833923320368,15089
219.73575147001446,141.3444212888655,15090
219.770187173067,141.36189140104366,15091
219.80330154284076,141.3807436091785,15092
219.83509981387726,141.40097198926023,15093
219.8655871807054,141.42257065459924,15094
219.8947687969509,141.44553375656338,15095
219.92264977448215,141.46985548528286,15096
219.94923518259142,141.49553007032347,15097
219.97453004721078,141.522551781329,15098
219.99853935016145,141.5509149286335,15099
220.0212680284361,141.58061386384355,15100
220.04272097351338,141.61164298039242,15101
220.06290303070332,141.6439967140654,15102
220.08181899852332,141.67766954349804,15103
220.099473628104,141.7126559906472,15104
220.11587162262344,141.74895062123613,15105
220.13101763676988,141.78654804517382,15106
220.14491627623178,141.82544291694947,15107
220.15757209721406,141.86562993600234,15108
220.16898960598098,141.90710384706816,15109
220.17917325842348,141.94985944050222,15110
220.1881274596515,141.99389155257964,15111
220.19585656360982,142.0391950657739,15112
220.20236487271737,142.08576490901368,15113
220.20765663752866,142.13359605791874,15114
220.21173605641732,142.1826835350156,15115
220.21460727528088,142.23302240993272,15116
220.21627438726603,142.2846077995771,15117
220.2167414325139,142.3374348682913,15118
220.21601239792508,142.3914988279921,15119
220.21409121694293,142.4467949382918,15120
220.2109817693558,142.50331850660106,15121
220.2066878811167,142.56106488821555,15122
220.2012133241801,142.6200294863855,15123
220.1945618163557,142.68020775236917,15124
220.18673702117832,142.7415951854706,15125
220.1777425477933,142.80418733306206,15126
220.16758195085742,142.8679797905913,15127
220.15625873045445,142.9329682015745,15128
220.14377633202497,142.99914825757472,15129
220.13013814631006,143.06651569816677,15130
220.1153475093086,143.13506631088822,15131
220.0994077022473,143.2047959311778,15132
220.08232195156364,143.2757004423004,15133
220.06409342890078,143.3477757752599,15134
220.04472525111441,143.4210179086996,15135
220.02422048029118,143.49542286879105,15136
220.00258212377813,143.57098672911079,15137
219.9798131342227,143.64770561050636,15138
219.9559164096236,143.7255756809506,15139
219.93089479339136,143.80459315538587,15140
219.90475107441907,143.88475429555686,15141
219.87748798716217,143.96605540983396,15142
219.84910821172778,144.04849285302603,15143
219.8196143739728,144.13206302618335,15144
219.7890090456108,144.21676237639122,15145
219.757294744327,144.3025873965538,15146
219.72447393390172,144.38953462516892,15147
219.69054902434158,144.4776006460938,15148
219.6555223720183,144.56678208830186,15149
219.6193962798152,144.65707562563085,15150
219.58217299728048,144.74847797652248,15151
219.5438547207882,144.84098590375356,15152
219.50444359370553,144.93459621415923,15153
219.46394170656686,145.02930575834762,15154
219.42235109725462,145.12511143040675,15155
219.37967375118606,145.22201016760386,15156
219.33591160150672,145.3199989500764,15157
219.29106652928925,145.41907480051623,15158
219.24514036373873,145.51923478384535,15159
219.19813488240365,145.62047600688496,15160
219.1500518113923,145.72279561801673,15161
219.1008928255949,145.8261908068371,15162
219.05065954891137,145.93065880380396,15163
218.99935355448386,146.03619687987674,15164
218.94697636493527,146.1428023461489,15165
218.8935294526125,146.25047255347383,15166
218.83901423983508,146.35920489208326,15167
218.7834320991487,146.46899679119923,15168
218.72678435358372,146.5798457186388,15169
218.6690722769191,146.69174918041188,15170
218.61029709395046,146.80470472031234,15171
218.5504599807642,146.91870991950202,15172
218.48956206501515,147.0337623960882,15173
218.42760442621034,147.14985980469356,15174
218.36458809599685,147.26699983602012,15175
218.300514058455,147.38518021640542,15176
218.23538325039613,147.50439870737242,15177
218.1691965616654,147.62465310517211,15178
218.10195483544965,147.74594124031913,15179
218.0336588685901,147.86826097712057,15180
217.9643094119,147.99161021319756,15181
217.89390717048755,148.11598687899982,15182
217.82245280408384,148.24138893731285,15183
217.74994692737576,148.36781438275816,15184
217.67639011034453,148.49526124128604,15185
217.60178287860933,148.62372756966104,15186
217.5261257137763,148.75321145493993,15187
217.44941905379332,148.8837110139421,15188
217.37166329330998,149.01522439271258,15189
217.2928587840436,149.14774976597712,15190
217.21300583515102,149.2812853365895,15191
217.13210471360597,149.41582933497114,15192
217.0501556445832,149.55138001854246,15193
216.96715881184818,149.68793567114625,15194
216.88311435815336,149.82549460246287,15195
216.79802238564096,149.96405514741693,15196
216.71188295625262,150.10361566557563,15197
216.62469609214534,150.24417454053858,15198
216.5364617761148,150.38573017931864,15199
216.4471799520259,150.52828101171406,15200
216.35685052525028,150.6718254896717,15201
216.26547336311177,150.81636208664082,15202
216.17304829533927,150.96188929691795,15203
216.07957511452778,151.10840563498192,15204
215.98505357660758,151.25590963481946,15205
215.88948340132143,151.40439984924126,15206
215.7928642727111,151.55387484918757,15207
215.6951958396119,151.70433322302418,15208
215.59647771615698,151.85577357582793,15209
215.49670948229047,152.00819452866182,15210
215.39589068429052,152.16159471783948,15211
215.2940208353021,152.3159727941788,15212
215.19109941587965,152.47132742224474,15213
215.08712587454076,152.62765727958083,15214
214.9820996283297,152.7849610559294,15215
214.87602006339273,152.94323745244006,15216
214.76888653556395,153.10248518086698,15217
214.66069837096333,153.26270296275345,15218
214.5514548666063,153.42388952860514,15219
214.4411552910254,153.58604361705045,15220
214.32979888490505,153.74916397398846,15221
214.21738486172845,153.91324935172437,15222
214.10391240843802,154.07829850809185,15223
213.9893806861097,154.24431020556221,15224
213.8737888306406,154.41128321034032,15225
213.75713595345115,154.57921629144684,15226
213.639421142202,154.7481082197871,15227
213.52064346152562,154.9179577672053,15228
213.40080195377368,155.08876370552528,15229
213.27989563977982,155.26052480557635,15230
213.15792351963864,155.43323983620493,15231
213.0348845735016,155.6069075632711,15232
212.91077776238936,155.7815267486303,15233
212.78560202902187,155.95709614909967,15234
212.6593562986661,156.1336145154092,15235
212.53203948000183,156.31108059113697,15236
212.40365046600652,156.48949311162886,15237
212.2741881348588,156.66885080290186,15238
212.14365135086143,156.8491523805316,15239
212.01203896538473,157.0303965485229,15240
211.87934981783,157.2125819981643,15241
211.74558273661353,157.3957074068653,15242
211.61073654017272,157.57977143697687,15243
211.47481003799302,157.76477273459454,15244
211.33780203165796,157.95070992834442,15245
211.19971131592106,158.1375816281514,15246
211.06053667980157,158.32538642398987,15247
210.92027690770345,158.51412288461634,15248
210.77893078055862,158.70378955628433,15249
210.6364970769948,158.89438496144064,15250
210.4929745745283,159.08590759740372,15251
210.3483620507825,159.27835593502328,15252
210.20265828473222,159.47172841732143,15253
210.05586205797482,159.6660234581151,15254
209.90797215602802,159.8612394406195,15255
209.75898736965547,160.05737471603265,15256
209.60890649621996,160.25442760210112,15257
209.4577283410655,160.45239638166612,15258
209.30545171892788,160.6512793011908,15259
209.15207545537498,160.85107456926835,15260
208.99759838827666,161.05178035511025,15261
208.84201936930515,161.2533947870156,15262
208.6853372654663,161.4559159508208,15263
208.52755096066173,161.6593418883301,15264
208.36865935728326,161.8636705957262,15265
208.2086613778389,162.06890002196215,15266
208.04755596661187,162.27502806713306,15267
207.8853420913524,162.48205258082922,15268
207.72201874500308,162.68997136046934,15269
207.55758494745783,162.898782149615,15270
207.39203974735568,163.10848263626565,15271
207.2253822239085,163.31907045113493,15272
207.05761148876397,163.53054316590794,15273
206.88872668790444,163.7428982914797,15274
206.71872700358054,163.9561332761753,15275
206.54761165628167,164.17024550395155,15276
206.37537990674224,164.38523229258058,15277
206.2020310579851,164.60109089181546,15278
206.02756445740135,164.81781848153815,15279
205.8519794988677,165.03541216989032,15280
205.675275624901,165.25386899138712,15281
205.4974523288503,165.47318590501385,15282
205.31850915712698,165.6933597923068,15283
205.1384457114726,165.91438745541814,15284
204.95726165126467,166.13626561516477,15285
204.77495669586085,166.35899090906284,15286
204.59153062698098,166.5825598893471,15287
204.40698329112777,166.80696902097662,15288
204.22131460204534,167.03221467962686,15289
204.03452454321612,167.25829314966842,15290
203.84661317039576,167.48520062213424,15291
203.65758061418612,167.71293319267443,15292
203.46742708264608,167.94148685950037,15293
203.27615286393976,168.17085752131854,15294
203.08375832902234,168.40104097525486,15295
202.89024393436304,168.63203291476995,15296
202.69561022470432,168.86382892756708,15297
202.49985783585814,169.0964244934923,15298
202.30298749753743,169.32981498242916,15299
202.10500003622346,169.56399565218757,15300
201.9058963780678,169.79896164638907,15301
201.70567755182853,170.0347079923482,15302
201.50434469183983,170.2712295989523,15303
201.30189904101502,170.5085212545402,15304
201.0983419538806,170.74657762478068,15305
200.8936748996423,170.98539325055305,15306
200.68789946528088,171.2249625458287,15307
200.4810173586773,171.46527979555879,15308
200.2730304117659,171.70633915356532,15309
200.0639405837147,171.94813464043904,15310
199.85374996413105,172.19066014144641,15311
199.64246077629258,172.43390940444453,15312
199.43007538039996,172.67787603780815,15313
199.21659627685233,172.92255350836865,15314
199.0020261095422,173.16793513936727,15315
198.7863676691689,173.414014108424,15316
198.56962389656883,173.66078344552415,15317
198.3517978860601,173.90823603102416,15318
198.132892888801,174.15636459367792,15319
197.9129123161584,174.40516170868642,15320
197.691859743086,174.6546197957718,15321
197.46973891150878,174.9047311172784,15322
197.246553733712,175.15548777630187,15323
197.02230829573224,175.40688171484916,15324
196.79700686074838,175.65890471203133,15325
196.57065387246925,175.91154838229062,15326
196.3432539585159,176.16480417366483,15327
196.11481193379558,176.41866336609047,15328
195.88533280386434,176.67311706974758,15329
195.6548217682758,176.92815622344713,15330
195.4232842239123,177.18377159306547,15331
195.1907257682961,177.4399537700252,15332
194.9571522028768,177.69669316982933,15333
194.72256953629196,177.95398003064446,15334
194.48698398759717,178.21180441194238,15335
194.25040198946226,178.47015619319802,15336
194.01283019133035,178.72902507264777,15337
193.77427546253506,178.9884005661077,15338
193.53474489537322,179.24827200586614,15339
193.2942458081281,179.50862853963045,15340
193.05278574804032,179.76945912955424,15341
192.81037249422138,180.0307525513093,15342
192.56701406050595,180.29249739337368,15343
192.3227186982393,180.55468205605672,15344
192.07749489899456,180.81729475104606,15345
191.83135139721634,181.08032350071758,15346
191.58429717278574,181.34375613765286,15347
191.33634145350254,181.60758030422627,15348
191.0874937174799,181.87178345228338,15349
190.83776369544728,182.13635284291044,15350
190.58716137295613,182.40127554630197,15351
190.33569699248474,182.6665384417247,15352
190.08338105543726,182.93212821758343,15353
189.83022432403106,183.19803137158866,15354
189.57623782306987,183.46423421103137,15355
189.32143284159537,183.73072285316354,15356
189.06582093441486,183.9974832256906,15357
188.8094139234989,184.26450106737542,15358
188.55222389924398,184.53176192875617,15359
188.29426322159645,184.79925117298257,15360
188.035544521033,185.06695397676916,15361
187.7760806993915,185.33485533146987,15362
187.51588493055033,185.60294004427564,15363
187.25497066094837,185.8711927395363,15364
186.99335160994428,186.13959786020752,15365
186.73104177000886,186.40813966942804,15366
186.46805540674643,186.6768022522232,15367
186.20440705874185,186.9455695173423,15368
185.94011153722795,187.2144251992257,15369
185.67518392557056,187.48335286010717,15370
185.40963957856667,187.752335892249,15371
185.14349412155156,188.02135752031444,15372
184.87676344931313,188.29040080387486,15373
184.609463724808,188.55944864005468,15374
184.3416113776778,188.8284837663139,15375
184.07322310256149,189.0974887633684,15376
183.80431585720203,189.36644605824856,15377
183.5349068603438,189.63533792749618,15378
183.2650135894197,189.9041465005002,15379
182.99465377802437,190.17285376297,15380
182.723845413172,190.4414415605465,15381
182.4526067323397,190.70989160255112,15382
182.18095622028946,190.97818546586996,15383
181.90891260567443,191.24630459897506,15384
181.63649485742334,191.51423032607877,15385
181.36372218090554,191.78194385142237,15386
181.09061401387382,192.04942626369564,15387
180.8171900221923,192.31665854058707,15388
180.54347009533623,192.58362155346202,15389
180.26947434167778,192.85029607216708,15390
179.99522308365,193.11666276995882,15391
179.7207368521213,193.3827022285533,15392
179.44603638197725,193.64839494329536,15393
179.1711426056043,193.91372132844353,15394
178.8960766475627,194.178661722568,15395
178.62085981850876,194.4431963940588,15396
178.34551360898826,194.70730554674034,15397
178.07005968304162,194.97096932558858,15398
177.794519871604,195.23416782254793,15399
177.51891616571857,195.4968810824427,15400
177.2432707095567,195.75908910897985,15401
176.96760579325965,196.0207718708387,15402
176.69194384559935,196.2819093078421,15403
176.41630742646726,196.54248133720637,15404
176.14071921919867,196.80246785986233,15405
175.86520202273456,197.0618487668456,15406
175.58977874363143,197.32060394574856,15407
175.31447238792381,197.5787132872298,15408
175.03930605284808,197.8361566915756,15409
174.76430291843317,198.09291407530768,15410
174.48948623896877,198.3489653778313,15411
174.21487933435526,198.60429056811873,15412
173.94050558134722,198.85886965142097,15413
173.66638840469747,199.11268267600317,15414
173.3925512682099,199.3657097398963,15415
173.11901766571123,199.61793099765967,15416
172.84581111194967,199.86932666714802,15417
172.57295513343124,200.11987703627682,15418
172.30047325920154,200.3695624697789,15419
172.02838901158404,200.6183634159474,15420
171.75672589688423,200.86626041335677,15421
171.48550739606893,201.11323409755695,15422
171.21475695543157,201.359265207734,15423
170.94449797725284,201.60433459332987,15424
170.67475381046705,201.8484232206161,15425
170.4055477413448,202.0915121792142,15426
170.13690298420056,202.33358268855733,15427
169.8688426721369,202.57461610428552,15428
169.601389847835,202.81459392457035,15429
169.33456745440063,203.05349779636077,15430
169.06839832627628,203.29130952154566,15431
168.80290518022954,203.5280110630264,15432
168.53811060642659,203.7635845506939,15433
168.27403705960108,203.9980122873042,15434
168.0107068503275,204.23127675424746,15435
167.74814213640855,204.46336061720442,15436
167.48636491438535,204.6942467316855,15437
167.2253970111792,204.9239181484471,15438
166.9652600758748,205.15235811878037,15439
166.70597557165078,205.37955009966788,15440
166.44756476786884,205.60547775880266,15441
166.19004873232635,205.83012497946692,15442
165.93344832368274,206.0534758652644,15443
165.67778418406436,206.275514744704,15444
165.42307673185724,206.4962261756296,15445
165.16934615469225,206.71559494949375,15446
164.91661240263088,206.9336060954709,15447
164.66489518155564,207.15024488440775,15448
164.41421394677278,207.36549683260768,15449
164.16458789683088,207.5793477054465,15450
163.91603596756096,207.7917835208177,15451
163.66857682634281,208.00279055240398,15452
163.42222886660107,208.21235533277485,15453
163.17701020253523,208.42046465630688,15454
162.9329386640871,208.62710558192674,15455
162.6900317921478,208.83226543567477,15456
162.44830683400838,209.03593181308892,15457
162.2077807390545,209.23809258140815,15458
161.96847015470874,209.43873588159474,15459
161.73039142262053,209.63785013017585,15460
161.4935605751055,209.8354240209038,15461
161.25799333183528,210.03144652623564,15462
161.02370509677664,210.225906898633,15463
160.79071095538183,210.4187946716821,15464
160.5590256720279,210.61009966103578,15465
160.3286636877058,210.7998119651781,15466
160.09963911795685,210.9879219660135,15467
159.87196575105577,211.17442032928167,15468
159.64565704643854,211.3592980048003,15469
159.42072613337302,211.54254622653758,15470
159.19718580986944,211.72415651251666,15471
158.97504854182856,211.90412066455445,15472
158.75432646242456,212.0824307678374,15473
158.5350313717191,212.25907919033702,15474
158.31717473650292,212.43405858206768,15475
158.10076769036226,212.60736187419033,15476
157.88582103396433,212.77898227796473,15477
157.67234523555973,212.94891328355345,15478
157.46035043169545,213.11714865868203,15479
157.2498464281352,213.28368244715733,15480
157.04084270098178,213.44850896724904,15481
156.8333483979963,213.61162280993733,15482
156.6273723401099,213.77301883703072,15483
156.42292302312146,213.93269217915798,15484
156.22000861957753,214.0906382336383,15485
156.01863698082752,214.24685266223332,15486
155.81881563924946,214.40133138878562,15487
155.62055181064025,214.55407059674735,15488
155.42385239676474,214.7050667266036,15489
155.22872398805808,214.8543164731945,15490
155.0351728664746,215.00181678294015,15491
154.84320500847855,215.1475648509732,15492
154.65282608816986,215.2915581181824,15493
154.46404148053915,215.43379426817256,15494
154.27685626484603,215.57427122414433,15495
154.09127522811505,215.71298714569798,15496
153.9073028687428,215.84994042556644,15497
153.72494340021083,215.9851296862805,15498
153.54420075489767,216.1185537767711,15499
153.36507858798527,216.25021176891306,15500
153.18758028145288,216.38010295401355,15501
153.0117089481535,216.50822683925,15502
152.83746743596666,216.63458314406157,15503
152.66485833202233,216.7591717964972,15504
152.49388396699007,216.88199292952547,15505
152.3245464194286,217.00304687730886,15506
152.15684752018953,217.12233417144702,15507
151.99078885687086,217.23985553719226,15508
151.82637177831475,217.35561188964124,15509
151.6635973991444,217.4696043299059,15510
151.5024666043356,217.58183414126756,15511
151.34298005381743,217.6923027853175,15512
151.18513818709812,217.801011898087,15513
151.02894122791113,217.90796328617026,15514
150.87438918887727,218.01315892284325,15515
150.72148187617816,218.11660094418195,15516
150.57021889423706,218.2182916451818,15517
150.42059965040363,218.3182334758826,15518
150.27262335963712,218.41642903750042,15519
150.12628904918634,218.51288107857005,15520
149.98159556326078,218.6075924910999,15521
149.83854156769073,218.70056630674222,15522
149.69712555457215,218.79180569298086,15523
149.55734584689395,218.8813139493388,15524
149.41920060314348,218.96909450360775,15525
149.28268782188806,219.05515090810195,15526
149.14780534632956,219.13948683593776,15527
149.0145508688289,219.2221060773416,15528
148.88292193539866,219.3030125359875,15529
148.75291595016026,219.38221022536626,15530
148.6245301797645,219.4597032651877,15531
148.49776175777257,219.53549587781788,15532
148.37260768899557,219.60959238475192,15533
148.24906485379068,219.68199720312518,15534
148.12713001231205,219.75271484226244,15535
148.0067998087146,219.82174990026792,15536
147.88807077530956,219.88910706065562,15537
147.7709393366695,219.9547910890228,15538
147.6554018136821,220.01880682976577,15539
147.54145442755092,220.08115920284058,15540
147.4290933037427,220.14185320056797,15541
147.31831447587854,220.20089388448423,15542
147.20911388957032,220.2582863822387,15543
147.10148740619908,220.31403588453773,15544
146.99543080663625,220.36814764213648,15545
146.89093979490607,220.42062696287854,15546
146.78801000178908,220.47147920878436,15547
146.68663698836568,220.52070979318793,15548
146.58681624950003,220.5683241779229,15549
146.48854321726287,220.61432787055813,15550
146.3918132642938,220.6587264216825,15551
146.29662170710236,220.70152542223974,15552
146.20296380930796,220.74273050091278,15553
146.11083478481825,220.78234732155826,15554
146.0202298009461,220.8203815806908,15555
145.93114398146523,220.85683900501684,15556
145.84357240960446,220.8917253490186,15557
145.7575101309806,220.9250463925877,15558
145.6729521564703,220.95680793870778,15559
145.58989346502142,220.98701581118698,15560
145.50832900640324,221.01567585243913,15561
145.42825370389676,221.0427939213139,15562
145.34966245692507,221.06837589097535,15563
145.27255014362433,221.09242764682884,15564
145.19691162335536,221.1149550844956,15565
145.1227417391569,221.13596410783492,15566
145.05003532014078,221.15546062701344,15567
144.97878718382938,221.17345055662082,15568
144.90899213843628,221.18993981383213,15569
144.8406449850902,221.20493431661555,15570
144.7737405200037,221.21843998198554,15571
144.70827353658615,221.23046272430085,15572
144.6442388275025,221.2410084536066,15573
144.58163118667827,221.25008307402044,15574
144.5204454112513,221.2576924821615,15575
144.46067630347125,221.26384256562235,15576
144.4023186725473,221.2685392014828,15577
144.34536733644495,221.27178825486544,15578
144.2898171236328,221.27359557753192,15579
144.23566287477965,221.27396700651965,15580
144.18289944440318,221.2729083628183,15581
144.13152170247082,221.27042545008524,15582
144.08152453595335,221.26652405339982,15583
144.03290285033233,221.26120993805546,15584
143.98565157106208,221.2544888483887,15585
143.93976564498715,221.24636650664553,15586
143.89524004171543,221.23684861188337,15587
143.85206975494876,221.22594083890868,15588
143.81024980377106,221.21364883724922,15589
143.76977523389473,221.19997823016072,15590
143.73064111886703,221.18493461366705,15591
143.6928425612359,221.16852355563327,15592
143.6563746936773,221.15075059487123,15593
143.62123268008403,221.13162124027656,15594
143.58741171661694,221.11114096999725,15595
143.55490703272,221.08931523063237,15596
143.52371389209873,221.06614943646082,15597
143.49382759366418,221.04164896869946,15598
143.46524347244207,221.0158191747898,15599
143.43795690044868,220.9886653677132,15600
143.41196328753375,220.960192825333,15601
143.38725808219107,220.93040678976416,15602
143.36383677233815,220.8993124667692,15603
143.341694886065,220.86691502517965,15604
143.32082799235295,220.83321959634327,15605
143.3012317017643,220.79823127359566,15606
143.28290166710377,220.7619551117562,15607
143.26583358405168,220.72439612664746,15608
143.25002319177025,220.68555929463807,15609
143.23546627348352,220.64544955220794,15610
143.22215865703117,220.60407179553562,15611
143.21009621539775,220.5614308801074,15612
143.19927486721664,220.51753162034717,15613
143.1896905772508,220.47237878926742,15614
143.18133935685,220.42597711813977,15615
143.1742172643853,220.37833129618568,15616
143.16832040566166,220.32944597028606,15617
143.163644934309,220.2793257447098,15618
143.16018705215225,220.22797518086037,15619
143.15794300956142,220.1753987970408,15620
143.15690910578124,220.1216010682354,15621
143.1570816892424,220.06658642590926,15622
143.15845715785312,220.01035925782378,15623
143.1610319592734,219.9529239078688,15624
143.16480259117094,219.89428467591048,15625
143.1697656014601,219.83444581765465,15626
143.1759175885242,219.77341154452512,15627
143.1832552014213,219.7111860235569,15628
143.19177514007444,219.64777337730396,15629
143.20147415544642,219.58317768376057,15630
143.21234904969958,219.51740297629664,15631
143.22439667634123,219.45045324360663,15632
143.23761394035498,219.3823324296711,15633
143.2519977983182,219.31304443373128,15634
143.26754525850646,219.24259311027612,15635
143.28425338098484,219.1709822690414,15636
143.30211927768696,219.09821567502078,15637
143.3211401124815,219.0242970484886,15638
143.34131310122717,218.9492300650336,15639
143.362635511816,218.87301835560447,15640
143.38510466420567,218.79566550656557,15641
143.40871793044067,218.71717505976355,15642
143.43347273466338,218.63755051260446,15643
143.45936655311434,218.55679531814084,15644
143.48639691412305,218.47491288516892,15645
143.51456139808886,218.39190657833535,15646
143.54385763745228,218.30777971825384,15647
143.5742833166577,218.22253558163075,15648
143.60583617210628,218.13617740140023,15649
143.63851399210114,218.04870836686814,15650
143.6723146167833,217.9601316238649,15651
143.7072359380599,217.87045027490709,15652
143.74327589952412,217.7796673793674,15653
143.7804324963673,217.6877859536533,15654
143.81870377528347,217.5948089713938,15655
143.85808783436633,217.500739363634,15656
143.89858282299915,217.40558001903852,15657
143.94018694173715,217.30933378410208,15658
143.98289844218317,217.21200346336812,15659
144.0267156268566,217.11359181965517,15660
144.0716368490551,217.01410157429117,15661
144.11766051271042,216.91353540735446,15662
144.1647850722371,216.81189595792324,15663
144.21300903237517,216.7091858243319,15664
144.2623309480267,216.60540756443447,15665
144.3127494240857,216.50056369587602,15666
144.36426311526242,216.39465669637084,15667
144.41687072590133,216.28768900398782,15668
144.4705710097933,216.17966301744318,15669
144.52536276998165,216.07058109640013,15670
144.58124485856283,215.96044556177606,15671
144.63821617648063,215.8492586960563,15672
144.69627567331517,215.7370227436152,15673
144.7554223470659,215.6237399110447,15674
144.81565524392872,215.50941236748923,15675
144.8769734580678,215.3940422449884,15676
144.93937613138095,215.27763163882665,15677
145.0028624532602,215.16018260788977,15678
145.06743166034553,215.04169717502901,15679
145.13308303627386,214.92217732743228,15680
145.1998159114213,214.80162501700258,15681
145.2676296626403,214.68004216074382,15682
145.3365237129903,214.55743064115404,15683
145.40649753146266,214.43379230662603,15684
145.4775506326996,214.30912897185544,15685
145.54968257670689,214.1834424182568,15686
145.62289296856048,214.05673439438664,15687
145.69718145810663,213.92900661637492,15688
145.7725477396558,213.80026076836418,15689
145.84899155167014,213.6704985029563,15690
145.92651267644413,213.5397214416679,15691
146.00511093977866,213.4079311753934,15692
146.0847862106483,213.27512926487685,15693
146.16553840086124,213.1413172411917,15694
146.2473674647125,213.00649660622943,15695
146.33027339862966,212.87066883319682,15696
146.41425624081097,212.73383536712188,15697
146.49931607085617,212.59599762536902,15698
146.585453009389,212.45715699816301,15699
146.67266721767234,212.3173148491225,15700
146.76095889721455,212.1764725158029,15701
146.85032828936784,212.03463131024864,15702
146.94077567491752,211.89179251955557,15703
147.03230137366324,211.74795740644308,15704
147.12490574399013,211.60312720983643,15705
147.21858918243157,211.45730314545943,15706
147.31335212322168,211.31048640643755,15707
147.40919503783857,211.16267816391203,15708
147.50611843453703,211.01387956766442,15709
147.60412285787132,210.86409174675276,15710
147.703208888207,210.7133158101591,15711
147.80337714122203,210.56155284744796,15712
147.9046282673966,210.40880392943754,15713
148.0069629514914,210.2550701088822,15714
148.1103819120143,210.10035242116757,15715
148.2148859006745,209.94465188501826,15716
148.3204757018244,209.78796950321782,15717
148.42715213188876,209.63030626334245,15718
148.5349160387806,209.4716631385073,15719
148.64376830130334,209.31204108812662,15720
148.7537098285394,209.15144105868762,15721
148.86474155922429,208.98986398453852,15722
148.97686446110617,208.82731078869054,15723
149.09007953029035,208.6637823836349,15724
149.2043877905682,208.49927967217437,15725
149.3197902927305,208.3338035482702,15726
149.43628811386415,208.16735489790426,15727
149.55388235663247,207.9999345999572,15728
149.67257414853816,207.83154352710224,15729
149.79236464116906,207.6621825467157,15730
149.91325500942517,207.4918525218037,15731
150.0352464507281,207.32055431194598,15732
150.1583401842107,207.14828877425708,15733
150.28253744988783,206.97505676436475,15734
150.40783950780718,206.80085913740632,15735
150.53424763717922,206.62569674904316,15736
150.6617631354868,206.4495704564935,15737
150.79038731757328,206.27248111958426,15738
150.92012151470811,206.0944296018216,15739
151.050967073631,205.91541677148095,15740
151.18292535557222,205.73544350271695,15741
151.3159977352499,205.55451067669298,15742
151.4501855998432,205.3726191827314,15743
151.58549034794066,205.18976991948392,15744
151.7219133884639,205.00596379612358,15745
151.85945613956508,204.8212017335572,15746
151.99812002749863,204.63548466565993,15747
152.13790648546555,204.4488135405315,15748
152.2788169524311,204.26118932177434,15749
152.4208528719138,204.0726129897947,15750
152.56401569074615,203.883085543126,15751
152.7083068578065,203.6926079997754,15752
152.85372782272077,203.5011813985938,15753
153.00028003453397,203.30880680066934,15754
153.1479649403512,203.11548529074472,15755
153.29678398394657,202.9212179786589,15756
153.44673860434057,202.7260060008127,15757
153.5978302343443,202.52985052165997,15758
153.75006029907107,202.33275273522258,15759
153.90343021441336,202.13471386663156,15760
154.05794138548606,201.93573517369285,15761
154.21359520503432,201.73581794847922,15762
154.3703930518057,201.5349635189476,15763
154.52833628888658,201.33317325058275,15764
154.68742626200125,201.1304485480669,15765
154.84766429777434,200.92679085697586,15766
155.0090517019546,200.72220166550147,15767
155.17158975760097,200.51668250620116,15768
155.33527972322935,200.3102349577738,15769
155.5001228309197,200.10286064686264,15770
155.6661202843836,199.89456124988564,15771
155.8332732569907,199.685338494892,15772
156.00158288975496,199.47519416344676,15773
156.17105028927816,199.26413009254193,15774
156.34167652565293,199.05214817653513,15775
156.51346263032215,198.83925036911515,15776
156.68640959389634,198.62543868529485,15777
156.86051836392718,198.41071520343104,15778
157.035789842638,198.1950820672715,15779
157.2122248846099,197.97854148802847,15780
157.38982429442368,197.76109574647924,15781
157.56858882425743,197.54274719509363,15782
157.74851917143857,197.3234982601868,15783
157.92961597595166,197.1033514440993,15784
158.11187981790002,196.88230932740257,15785
158.29531121492246,196.6603745711297,15786
158.47991061956398,196.43754991903194,15787
158.66567841660083,196.21383819985988,15788
158.85261492031975,195.98924232966917,15789
159.04072037175146,195.7637653141499,15790
159.22999493585792,195.5374102509801,15791
159.42043869867453,195.3101803322017,15792
159.61205166440584,195.08207884661934,15793
159.80483375247675,194.85310918222052,15794
159.99878479453756,194.6232748286173,15795
160.19390453142466,194.39257937950808,15796
160.39019261007653,194.16102653515918,15797
160.5876485804052,193.92862010490546,15798
160.78627189212426,193.69536400966828,15799
160.98606189153386,193.4612622844911,15800
161.1870178182624,193.22631908109088,15801
161.38913880196694,192.99053867042457,15802
161.59242385899208,192.75392544526932,15803
161.7968718889886,192.51648392281592,15804
162.0024816714925,192.27821874727343,15805
162.2092518624656,192.03913469248403,15806
162.41718099079884,191.7992366645475,15807
162.62626745477888,191.55852970445235,15808
162.83650951852024,191.3170189907138,15809
163.04790530836328,191.07470984201615,15810
163.26045280924012,190.83160771985774,15811
163.47414986100966,190.58771823119807,15812
163.68899415476358,190.34304713110365,15813
163.90498322910506,190.0976003253922,15814
164.12211446640146,189.85138387327277,15815
164.34038508901386,189.60440398997946,15816
164.55979215550482,189.35666704939777,15817
164.78033255682664,189.10817958668,15818
165.00200301249225,188.85894830084968,15819
165.224800066732,188.60898005738989,15820
165.44872008463724,188.35828189081613,15821
165.6737592482948,188.1068610072299,15822
165.8999135529145,187.8547247868497,15823
166.1271788029522,187.6018807865193,15824
166.35555060823185,187.34833674218856,15825
166.5850243800702,187.09410057136475,15826
166.81559532740533,186.83918037553224,15827
167.0472584529351,186.58358444253756,15828
167.2800085492665,186.32732124893613,15829
167.51384019508168,186.07039946229852,15830
167.74874775132213,185.81282794347325,15831
167.98472535739688,185.55461574880331,15832
168.22176692741758,185.2957721322914,15833
168.45986614646458,185.0363065477144,15834
168.69901646688862,184.77622865067886,15835
168.93921110465223,184.51554830062014,15836
169.18044303571526,184.2542755627352,15837
169.42270499246914,183.99242070985267,15838
169.66598946022447,183.72999422423018,15839
169.9102886737569,183.46700679928009,15840
170.15559461391615,183.20346934121855,15841
170.4018990043026,182.939392970633,15842
170.64919330801789,182.6747890239682,15843
170.8974687244924,182.4096690549208,15844
171.14671618639812,182.14404483574816,15845
171.39692635664878,181.8779283584766,15846
171.64808962549506,181.61133183601507,15847
171.90019610771978,181.34426770316665,15848
172.15323563993792,181.07674861753023,15849
172.40719777800794,180.8087874602992,15850
172.66207179456006,180.5403973369405,15851
172.9178466766461,180.27159157775768,15852
173.17451112351796,180.00238373831394,15853
173.43205354454005,179.7327875998866,15854
173.69046205724047,179.4628171693785,15855
173.94972448550905,179.19248667966372,15856
174.20982835794482,178.92181058937476,15857
174.47076090636207,178.6508035827155,15858
174.73250906445708,178.3794805691096,15859
174.99505946664524,178.1078566827032,15860
175.25839844707093,177.83594728171946,15861
175.52251203879635,177.56376794766174,15862
175.78738597317655,177.29133448436318,15863
176.05300567942476,177.018662916879,15864
176.3193562843719,176.74576949021937,15865
176.58642261242883,176.47267066791997,15866
176.85418918575272,176.19938313044636,15867
177.12264022462662,175.9259237734335,15868
177.39175964805128,175.65230970575303,15869
177.66153107455992,175.3785582474108,15870
177.9319378232562,175.1046869272705,15871
178.20296291508157,174.8307134806007,15872
178.47458907431306,174.55665584644692,15873
178.74679873030217,174.2825321648243,15874
179.01957401944676,174.00836077373154,15875
179.2928967874136,173.73416020598324,15876
179.56674859160208,173.4599491858631,15877
179.84111070385643,173.1857466255939,15878
180.11596411342188,172.9115716216266,15879
180.39128953019892,172.6374434507466,15880
180.66706738816222,172.36338156599905,15881
180.9432778491281,172.08940559243248,15882
181.2199008067308,171.8155353226618,15883
181.4969158906629,171.54179071225178,15884
181.77430247118377,171.26819187492197,15885
182.0520396638776,170.99475907757466,15886
182.33010633467322,170.7215127351476,15887
182.60848110512094,170.44847340529375,15888
182.88714235792253,170.17566178289036,15889
183.16606824271847,169.90309869437897,15890
183.44523668212483,169.63080509194117,15891
183.72462537802005,169.35880204751155,15892
184.00421181807982,169.08711074663165,15893
184.28397328255153,168.81575248214975,15894
184.5638868512716,168.54474864776913,15895
184.84392941091545,168.27412073144941,15896
185.1240776624789,168.00389030866646,15897
185.404308128984,167.73407903553445,15898
185.684597163405,167.46470864179616,15899
185.9649209568072,167.1958009236861,15900
186.24525554669407,166.9273777366729,15901
186.52557682555408,166.65946098808644,15902
186.80586054960014,166.39207262963544,15903
187.08608234769633,166.12523464982317,15904
187.36621773045982,165.85896906626607,15905
187.64624209953394,165.59329791792393,15906
187.92613075702016,165.3282432572474,15907
188.2058589150625,165.0638271422507,15908
188.4854017055726,164.80007162851675,15909
188.76473419008758,164.53699876114203,15910
189.04383136974988,164.27463056662984,15911
189.32266819539777,164.0129890447388,15912
189.60121957775843,163.75209616029534,15913
189.87946039772922,163.49197383497813,15914
190.15736551673953,163.23264393908266,15915
190.4349097871797,162.9741282832745,15916
190.71206806288566,162.7164486103398,15917
190.988815209669,162.45962658694117,15918
191.26512611587953,162.20368379538755,15919
191.54097570298796,161.9486417254275,15920
191.8163389361789,161.69452176607302,15921
192.0911908349393,161.4413451974638,15922
192.36550648363254,161.1891331827798,15923
192.63926104204486,160.93790676021132,15924
192.91242975589267,160.68768683499366,15925
193.18498796727792,160.43849417151688,15926
193.45691112508058,160.19034938551695,15927
193.72817479527566,159.94327293635786,15928
193.9987546711631,159.6972851194122,15929
194.26862658349907,159.45240605854818,15930
194.53776651051726,159.20865569873138,15931
194.80615058782865,158.9660537987478,15932
195.07375511818887,158.72461992405712,15933
195.34055658112246,158.48437343978227,15934
195.60653164239312,158.24533350384263,15935
195.87165716331015,158.0075190602382,15936
196.13591020986064,157.77094883249055,15937
196.39926806165803,157.53564131724744,15938
196.66170822069776,157.30161477805717,15939
196.92320841991074,157.06888723931777,15940
197.1837466315065,156.83747648040784,15941
197.44330107509748,156.60740003000257,15942
197.70185022559673,156.37867516058182,15943
197.95937282088184,156.1513188831331,15944
198.21584786921764,155.9253479420549,15945
198.47125465643197,155.70077881026398,15946
198.72557275283765,155.4776276845101,15947
198.97878201989545,155.25591048090206,15948
199.23086261661254,155.03564283064753,15949
199.48179500567275,154.81684007600956,15950
199.73155995929264,154.5995172664824,15951
199.98013856480154,154.38368915518774,15952
200.22751222994071,154.16937019549425,15953
200.47366268787997,153.956574537861,15954
200.71857200194856,153.74531602690558,15955
200.96222257007918,153.53560819869844,15956
201.2045971289634,153.32746427828272,15957
201.44567875791682,153.12089717742074,15958
201.68545088245526,152.91591949256565,15959
201.9238972775801,152.71254350305875,15960
202.16100207077403,152.5107811695506,15961
202.3967497447083,152.3106441326456,15962
202.63112513966217,152.11214371176754,15963
202.86411345565617,151.91529090424552,15964
203.09570025430193,151.7200963846167,15965
203.32587146037034,151.52657050414507,15966
203.5546133630811,151.33472329055257,15967
203.78191261711697,151.1445644479601,15968
204.00775624336583,150.95610335703526,15969
204.23213162939507,150.76934907534365,15970
204.4550265296618,150.58431033790006,15971
204.6764290654637,150.4009955579159,15972
204.8963277246354,150.2194128277388,15973
205.1147113609948,150.03956991998052,15974
205.33156919354528,149.86147428882862,15975
205.5468908054392,149.68513307153773,15976
205.76066614270775,149.51055309009553,15977
205.97288551276392,149.33774085305902,15978
206.18353958268432,149.1667025575559,15979
206.39261937727568,148.99744409144677,15980
206.60011627693368,148.82997103564182,15981
206.8060220152991,148.66428866656852,15982
207.0103286767193,148.50040195878373,15983
207.2130286935208,148.33831558772536,15984
207.41411484310083,148.17803393259894,15985
207.6135802448436,148.01956107939228,15986
207.81141835686932,147.86290082401422,15987
208.00762297262264,147.7080566755512,15988
208.20218821730703,147.55503185963633,15989
208.39510854417338,147.40382932192566,15990
208.58637873066846,147.25445173167617,15991
208.7759938744516,147.10690148541983,15992
208.96394938928555,146.9611807107285,15993
209.1502410008096,146.81729127006437,15994
209.33486474220055,146.6752347647103,15995
209.51781694973,146.53501253877485,15996
209.69909425822348,146.39662568326713,15997
209.8786935964288,146.2600750402358,15998
210.05661218230028,146.12536120696717,15999
210.23284751820503,145.99248454023768,16000
210.4073973860584,145.86144516061563,16001
210.5802598423941,145.73224295680703,16002
210.7514332133761,145.60487759004138,16003
210.92091608975778,145.47934849849185,16004
211.08870732179446,145.35565490172627,16005
211.25480601411536,145.2337958051836,16006
211.41921152056065,145.113770004672,16007
211.58192343898872,144.9955760908839,16008
211.7429416060595,144.87921245392423,16009
211.90226609199937,144.7646772878477,16010
212.05989719535165,144.65196859520097,16011
212.2158354377191,144.54108419156603,16012
212.37008155850185,144.43202171010148,16013
212.5226365096365,144.3247786060774,16014
212.67350145033976,144.21935216140108,16015
212.82267774186212,144.11573948913,16016
212.97016694225474,144.01393753796873,16017
213.11597080115388,143.91394309674695,16018
213.26009125458677,143.81575279887554,16019
213.40253041980267,143.71936312677784,16020
213.5432905901319,143.6247704162935,16021
213.68237422987733,143.53197086105234,16022
213.8197839692404,143.4409605168157,16023
213.95552259928553,143.35173530578288,16024
214.08959306694507,143.26429102086075,16025
214.22199847006812,143.17862332989398,16026
214.35274205251537,143.09472777985425,16027
214.48182719930256,143.01259980098675,16028
214.60925743179476,142.93223471091136,16029
214.73503640295377,142.8536277186778,16030
214.85916789264004,142.77677392877294,16031
214.98165580297209,142.70166834507825,16032
215.10250415374367,142.6283058747772,16033
215.22171707790193,142.55668133220982,16034
215.33929881708616,142.48678944267508,16035
215.45525371723042,142.41862484617846,16036
215.56958622422957,142.3521821011246,16037
215.68230087967106,142.28745568795424,16038
215.79340231663278,142.22444001272396,16039
215.90289525554786,142.16312941062884,16040
216.01078450013773,142.10351814946705,16041
216.1170749334137,142.0456004330456,16042
216.22177151374734,141.98937040452742,16043
216.32487927101104,141.9348221497187,16044
216.42640330278846,141.88194970029684,16045
216.5263487706552,141.8307470369782,16046
216.62472089653022,141.78120809262572,16047
216.72152495909808,141.7333267552966,16048
216.81676629030173,141.68709687122916,16049
216.91045027190654,141.64251224776996,16050
217.0025823321347,141.59956665624037,16051
217.0931679423704,141.55825383474297,16052
217.18221261393552,141.5185674909083,16053
217.26972189493526,141.48050130458157,16054
217.3557013671737,141.44404893045004,16055
217.44015664313903,141.4092040006112,16056
217.52309336305737,141.37596012708207,16057
217.60451719201566,141.34431090425014,16058
217.68443381715224,141.31424991126593,16059
217.76284894491513,141.28577071437866,16060
217.83976829838718,141.25886686921373,16061
217.9151976146774,141.23353192299487,16062
217.98914264237803,141.2097594167091,16063
218.06160913908636,141.1875428872167,16064
218.1326028689909,141.16687586930655,16065
218.2021296005207,141.14775189769648,16066
218.27019510405773,141.13016450898058,16067
218.33680514971056,141.1141072435231,16068
218.40196550514935,141.09957364730033,16069
218.46568193350092,141.0865572736904,16070
218.52796019130318,141.07505168521266,16071
218.58880602651786,141.06505045521638,16072
218.64822517660068,141.05654716952026,16073
218.70622336662825,141.0495354280027,16074
218.76280630748076,141.04400884614475,16075
218.81797969407916,141.039961056525,16076
218.87174920367633,141.03738571026852,16077
218.92412049420122,141.03627647844968,16078
218.97509920265475,141.0366270534503,16079
219.02469094355686,141.03843115027314,16080
219.07290130744363,141.04168250781237,16081
219.1197358594134,141.0463748900811,16082
219.1652001377211,141.05250208739716,16083
219.20929965241982,141.06005791752747,16084
219.25203988404868,141.06903622679246,16085
219.29342628236594,141.07943089113058,16086
219.3334642651266,141.09123581712404,16087
219.37215921690319,141.10444494298676,16088
219.40951648794953,141.11905223951447,16089
219.4455413931058,141.135051710999,16090
219.4802392107443,141.152437396106,16091
219.51361518175494,141.17120336871832,16092
219.54567450857,141.19134373874448,16093
219.57642235422628,141.21285265289396,16094
219.6058638414649,141.2357242954196,16095
219.63400405186718,141.2599528888275,16096
219.66084802502547,141.285532694556,16097
219.68640075774925,141.31245801362346,16098
219.71066720330444,141.3407231872463,16099
219.73365227068547,141.3703225974277,16100
219.75536082391983,141.40125066751716,16101
219.77579768140356,141.43350186274273,16102
219.79496761526713,141.4670706907152,16103
219.8128753507711,141.50195170190597,16104
219.8295255657308,141.5381394900987,16105
219.84492288996879,141.57562869281546,16106
219.85907190479503,141.61441399171798,16107
219.8719771425137,141.6544901129847,16108
219.8836430859556,141.69585182766414,16109
219.89407416803644,141.73849395200511,16110
219.9032747713388,141.7824113477645,16111
219.9112492277189,141.82759892249297,16112
219.9180018179361,141.87405162979917,16113
219.9235367713047,141.92176446959334,16114
219.9278582653683,141.97073248831032,16115
219.93097042559486,142.02095077911267,16116
219.93287732509302,142.07241448207455,16117
219.93358298434788,142.1251187843468,16118
219.93309137097685,142.1790589203034,16119
219.9314063995042,142.23423017167016,16120
219.9285319311537,142.2906278676361,16121
219.92447177365983,142.34824738494748,16122
219.91922968109552,142.40708414798556,16123
219.9128093537171,142.46713362882787,16124
219.90521443782566,142.52839134729422,16125
219.89644852564362,142.59085287097685,16126
219.88651515520723,142.65451381525614,16127
219.87541781027372,142.71936984330114,16128
219.8631599202425,142.78541666605648,16129
219.84974486009105,142.8526500422153,16130
219.8351759503233,142.92106577817825,16131
219.81945645693224,142.99065972800005,16132
219.80258959137436,143.06142779332276,16133
219.78457851055683,143.13336592329654,16134
219.76542631683634,143.20647011448838,16135
219.74513605802997,143.28073641077913,16136
219.72371072743655,143.35616090324825,16137
219.70115326386951,143.4327397300481,16138
219.67746655169972,143.51046907626633,16139
219.65265342090913,143.58934517377827,16140
219.62671664715364,143.66936430108788,16141
219.5996589518358,143.7505227831595,16142
219.57148300218708,143.83281699123836,16143
219.5421914113587,143.916243342662,16144
219.51178673852138,144.0007983006619,16145
219.48027148897367,144.08647837415535,16146
219.44764811425816,144.1732801175287,16147
219.41391901228604,144.2612001304108,16148
219.37908652746933,144.35023505743823,16149
219.34315295086034,144.4403815880113,16150
219.30612052029895,144.53163645604198,16151
219.26799142056643,144.62399643969306,16152
219.22876778354674,144.71745836110927,16153
219.18845168839437,144.8120190861402,16154
219.14704516170832,144.90767552405526,16155
219.10455017771346,145.0044246272509,16156
219.06096865844708,145.1022633909499,16157
219.0163024739524,145.201188852893,16158
218.97055344247752,145.30119809302337,16159
218.92372333068042,145.40228823316323,16160
218.87581385383984,145.5044564366831,16161
218.8268266760714,145.6076999081642,16162
218.77676341054968,145.71201589305298,16163
218.72562561973533,145.81740167730925,16164
218.67341481560788,145.92385458704646,16165
218.62013245990363,146.03137198816557,16166
218.56577996435857,146.13995128598148,16167
218.5103586909569,146.24958992484264,16168
218.4538699521842,146.36028538774372,16169
218.3963150112858,146.47203519593148,16170
218.3376950825304,146.58483690850338,16171
218.2780113314781,146.69868812199974,16172
218.2172648752542,146.81358646998856,16173
218.15545678282697,146.92952962264397,16174
218.09258807529127,147.04651528631715,16175
218.02865972615672,147.16454120310087,16176
217.96367266164057,147.2836051503868,16177
217.89762776096615,147.40370494041585,16178
217.83052585666573,147.52483841982163,16179
217.76236773488893,147.64700346916698,16180
217.69315413571576,147.77019800247288,16181
217.62288575347517,147.8944199667408,16182
217.5515632370684,148.0196673414678,16183
217.47918719029795,148.1459381381538,16184
217.4057581722016,148.2732303998025,16185
217.331276697392,148.40154220041376,16186
217.25574323640154,148.53087164446956,16187
217.17915821603293,148.66121686641176,16188
217.10152201971556,148.79257603011254,16189
217.02283498786733,148.92494732833683,16190
216.94309741826257,149.0583289821972,16191
216.86230956640608,149.19271924060055,16192
216.78047164591294,149.32811637968717,16193
216.69758382889503,149.46451870226102,16194
216.61364624635377,149.6019245372124,16195
216.52865898857917,149.74033223893187,16196
216.44262210555618,149.87974018671554,16197
216.35553560737745,150.02014678416225,16198
216.26739946466336,150.16155045856135,16199
216.17821360898924,150.303949660272,16200
216.08797793332,150.44734286209305,16201
215.9966922924524,150.59172855862423,16202
215.90435650346532,150.73710526561734,16203
215.81097034617767,150.8834715193186,16204
215.71653356361486,151.03082587580073,16205
215.62104586248364,151.17916691028557,16206
215.52450691365573,151.32849321645656,16207
215.42691635266004,151.47880340576108,16208
215.32827378018465,151.6300961067025,16209
215.2285787625877,151.78236996412153,16210
215.12783083241817,151.93562363846712,16211
215.02602948894656,152.08985580505635,16212
214.92317419870608,152.24506515332317,16213
214.81926439604368,152.40125038605595,16214
214.7142994836827,152.55841021862375,16215
214.60827883329597,152.71654337819055,16216
214.50120178609063,152.87564860291812,16217
214.3930676534045,153.03572464115635,16218
214.28387571731443,153.19677025062182,16219
214.1736252312572,153.35878419756344,16220
214.06231542066297,153.52176525591585,16221
213.9499454836015,153.68571220643975,16222
213.83651459144212,153.8506238358491,16223
213.72202188952713,154.0164989359251,16224
213.6064664978593,154.18333630261685,16225
213.48984751180387,154.351134735128,16226
213.37216400280528,154.51989303498956,16227
213.25341501911896,154.68961000511877,16228
213.13359958655897,154.86028444886327,16229
213.0127167092612,155.03191516903095,16230
212.89076537046327,155.20450096690507,16231
212.76774453330083,155.37804064124407,16232
212.64365314162143,155.55253298726612,16233
212.51849012081541,155.72797679561887,16234
212.39225437866548,155.90437085133283,16235
212.26494480621392,156.08171393275907,16236
212.13656027864937,156.26000481049115,16237
212.00709965621243,156.43924224627028,16238
211.8765617851211,156.61942499187435,16239
211.7449454985167,156.80055178799014,16240
211.61224961742982,156.98262136306846,16241
211.47847295176814,157.16563243216234,16242
211.34361430132506,157.34958369574807,16243
211.20767245681083,157.53447383852824,16244
211.0706462009062,157.72030152821756,16245
210.93253430933856,157.90706541431067,16246
210.7933355519822,158.09476412683168,16247
210.65304869398202,158.28339627506568,16248
210.51167249690172,158.47296044627183,16249
210.3692057198972,158.66345520437778,16250
210.22564712091494,158.85487908865545,16251
210.0809954579166,159.04723061237792,16252
209.93524949012965,159.24050826145697,16253
209.7884079793253,159.43471049306214,16254
209.6404696911235,159.62983573421977,16255
209.49143339632553,159.8258823803931,16256
209.34129787227573,160.02284879404263,16257
209.19006190425108,160.2207333031669,16258
209.03772428688092,160.41953419982357,16259
208.88428382559587,160.61924973863066,16260
208.72973933810744,160.81987813524813,16261
208.5740896559181,161.02141756483908,16262
208.41733362586265,161.2238661605115,16263
208.25947011168168,161.4272220117398,16264
208.1004979956264,161.63148316276616,16265
207.9404161800967,161.8366476109823,16266
207.77922358931218,162.04271330529068,16267
207.61691917101655,162.24967814444636,16268
207.45350189821576,162.4575399753784,16269
207.2889707709511,162.66629659149186,16270
207.12332481810628,162.8759457309494,16271
206.95656309925016,163.08648507493413,16272
206.78868470651506,163.29791224589184,16273
206.61968876651042,163.51022480575466,16274
206.4495744422733,163.72342025414497,16275
206.27834093525527,163.9374960265606,16276
206.1059874873459,164.15244949254074,16277
205.932513382934,164.3682779538135,16278
205.7579179510058,164.58497864242509,16279
205.58220056728115,164.80254871885052,16280
205.40536065638784,165.0209852700872,16281
205.2273976940736,165.24028530773026,16282
205.04831120945693,165.46044576603123,16283
204.8681007873162,165.6814634999397,16284
204.68676607041746,165.9033352831291,16285
204.50430676188108,166.12605780600606,16286
204.32072262758695,166.34962767370462,16287
204.13601349861875,166.5740414040654,16288
203.95017927374704,166.79929542560092,16289
203.76321992195105,167.02538607544605,16290
203.57513548497917,167.2523095972964,16291
203.38592607994812,167.48006213933368,16292
203.19559190198058,167.7086397521387,16293
203.00413322688095,167.93803838659437,16294
202.81155041384932,168.16825389177703,16295
202.61784390823263,168.39928201283905,16296
202.42301424431386,168.63111838888204,16297
202.22706204813753,168.86375855082284,16298
202.0299880403721,169.09719791925147,16299
201.83179303920832,169.33143180228382,16300
201.63247796329256,169.56645539340934,16301
201.43204383469566,169.8022637693336,16302
201.2304917819151,170.0388518878192,16303
201.02782304291125,170.27621458552417,16304
200.8240389681756,170.51434657583937,16305
200.61914102383102,170.75324244672717,16306
200.41313079476245,170.9928966585612,16307
200.20600998777758,171.23330354196958,16308
199.9977804347958,171.47445729568267,16309
199.78844409606475,171.71635198438585,16310
199.578003063403,171.95898153658075,16311
199.36645956346769,172.20233974245434,16312
199.15381596104518,172.44642025175813,16313
198.94007476236428,172.6912165717005,16314
198.72523861842913,172.93672206485073,16315
198.50931032837138,173.1829299470599,16316
198.29229284281888,173.42983328539754,16317
198.0741892672797,173.67742499610736,16318
197.85500286553918,173.92569784258376,16319
197.63473706306814,174.17464443336985,16320
197.41339545044016,174.42425722018098,16321
197.19098178675563,174.67452849595335,16322
196.96750000307003,174.9254503929219,16323
196.7429542058249,175.17701488072728,16324
196.51734868027737,175.42921376455683,16325
196.29068789392784,175.68203868331855,16326
196.06297649994087,175.93548110785312,16327
195.83421934055798,176.18953233918393,16328
195.60442145049905,176.44418350680868,16329
195.37358806034882,176.6994255670348,16330
195.14172459992616,176.95524930136077,16331
194.90883670163254,177.211645314905,16332
194.67493020377606,177.46860403488608,16333
194.4400111538681,177.72611570915655,16334
194.20408581188917,177.984170404791,16335
193.9671606535198,178.24275800673345,16336
193.72924237333328,178.50186821650536,16337
193.49033788794583,178.76149055097582,16338
193.25045433912197,179.02161434119873,16339
193.00959909682817,179.28222873131796,16340
192.76777976223394,179.5433226775441,16341
192.52500417065374,179.80488494720402,16342
192.28128039442745,180.06690411786386,16343
192.03661674573303,180.32936857654704,16344
191.79102177932893,180.5922665189959,16345
191.5445042952207,180.85558594907133,16346
191.29707334124765,181.11931467819167,16347
191.0487382155846,181.38344032488683,16348
190.7995084691548,181.64795031443884,16349
190.54939390794914,181.912831878615,16350
190.29840459524587,182.17807205549875,16351
190.04655085372792,182.44365768942478,16352
189.79384326749175,182.70957543101014,16353
189.5402926839431,182.97581173729662,16354
189.28591021557511,183.2423528719963,16355
189.0307072416241,183.50918490584928,16356
188.7746954095973,183.77629371709273,16357
188.51788663666918,184.04366499204528,16358
188.2602931109398,184.3112842258079,16359
188.00192729255224,184.57913672308425,16360
187.74280191466272,184.84720759912193,16361
187.48292998425975,185.1154817807776,16362
187.22232478282726,185.38394400770704,16363
186.96099986684726,185.65257883368278,16364
186.69896906813747,185.92137062804028,16365
186.43624649401912,186.190303577256,16366
186.1728465273114,186.45936168665634,16367
185.9087838261476,186.72852878226163,16368
185.6440733236088,186.99778851276525,16369
185.37873022717193,187.26712435164885,16370
185.11277001796745,187.53651959943554,16371
184.8462084498436,187.8059573860825,16372
184.5790615482328,188.07542067351167,16373
184.31134560881844,188.3448922582826,16374
184.04307719599632,188.61435477440466,16375
183.77427314113118,188.88379069629192,16376
183.50495054060232,189.15318234185887,16377
183.23512675363793,189.4225118757587,16378
182.9648193999338,189.69176131276242,16379
182.69404635705715,189.96091252128062,16380
182.42282575763082,190.22994722702558,16381
182.151175986299,190.49884701681455,16382
181.87911567646918,190.76759334251255,16383
181.6066637068346,191.03616752511454,16384
181.33383919767326,191.30455075896492,16385
181.06066150692126,191.5727241161142,16386
180.78715022602623,191.84066855080977,16387
180.51332517557415,192.10836490412123,16388
180.23920640069602,192.3757939086961,16389
179.9648141662762,192.64293619364508,16390
179.690168951806,192.9097722895549,16391
179.41529144632864,193.1762826336249,16392
179.14020254277634,193.44244757492612,16393
178.86492333237717,193.7082473797784,16394
178.58947509872823,193.97366223724467,16395
178.3138793116935,194.23867226473604,16396
178.0381576210841,194.50325751372725,16397
177.76233185014075,194.7673979755767,16398
177.48642398881566,195.03107358744805,16399
177.21045618686276,195.29426423832894,16400
176.93445074673627,195.55694977514293,16401
176.65843011630656,195.81911000894996,16402
176.3824168813965,196.08072472123064,16403
176.10643375814524,196.34177367024938,16404
175.83050358520453,196.6022365974923,16405
175.55464931577515,196.86209323417347,16406
175.278894009489,197.12132330780497,16407
175.0032608241464,197.37990654882526,16408
174.72777300731082,197.63782269728046,16409
174.45245388777602,197.89505150955154,16410
174.17732686690627,198.1515727651239,16411
173.90241540986395,198.40736627339066,16412
173.62774303672796,198.66241188048622,16413
173.35333331351615,198.91668947614144,16414
173.07920984311653,199.17017900055632,16415
172.8053962561405,199.42286045128233,16416
172.53191620170375,199.67471389010873,16417
172.25879333814729,199.92571944994611,16418
171.98605132370602,200.17585734170098,16419
171.7137138071366,200.42510786113417,16420
171.44180441831313,200.67345139569755,16421
171.1703467588017,200.9208684313412,16422
170.89936439242283,201.16733955928535,16423
170.62888083581342,201.4128454827506,16424
170.3589195489969,201.65736702363898,16425
170.0895039259737,201.90088512916003,16426
169.82065728534025,202.1433808783956,16427
169.55240286094792,202.3848354887964,16428
169.28476379261258,202.62523032260404,16429
169.01776311688332,202.864546893193,16430
168.7514237578821,203.1027668713251,16431
168.48576851822315,203.33987209131206,16432
168.22082007002214,203.57584455707848,16433
167.95660094600535,203.8106664481211,16434
167.69313353072786,204.04432012535682,16435
167.43044005190995,204.2767881368561,16436
167.16854257190155,204.50805322345448,16437
166.90746297928294,204.73809832423817,16438
166.6472229806108,204.96690658189826,16439
166.38784409231792,205.1944613479488,16440
166.12934763277485,205.42074618780407,16441
165.8717547145212,205.64574488571083,16442
165.61508623667402,205.8694414495311,16443
165.35936287752145,206.09182011537138,16444
165.10460508730716,206.31286535205484,16445
164.85083308121358,206.53256186543297,16446
164.5980668325494,206.75089460253253,16447
164.34632606614713,206.96784875553638,16448
164.0956302519773,207.18340976559324,16449
163.84599859898324,207.3975633264558,16450
163.59745004914214,207.6102953879435,16451
163.35000327175615,207.8215921592283,16452
163.10367665797872,208.03144011194195,16453
162.8584883155778,208.23982598310246,16454
162.61445606394184,208.44673677785923,16455
162.37159742932874,208.65215977205503,16456
162.1299296403625,208.85608251460454,16457
161.88946962377807,209.05849282968865,16458
161.650234000417,209.25937881876422,16459
161.41223908147475,209.45872886238925,16460
161.17550086500077,209.65653162186345,16461
160.9400350326518,209.852776040685,16462
160.7058569466989,210.0474513458238,16463
160.47298164728699,210.24054704881195,16464
160.24142384994767,210.43205294665339,16465
160.0111979433638,210.62195912255277,16466
159.78231798738392,210.81025594646601,16467
159.55479771128614,210.9969340754742,16468
159.32865051228848,211.18198445398224,16469
159.10388945430435,211.36539831374495,16470
158.88052726693968,211.5471671737226,16471
158.65857634472957,211.7272828397688,16472
158.43804874661106,211.90573740415257,16473
158.21895619562835,212.08252324491866,16474
158.0013100788675,212.25763302508793,16475
157.785121447616,212.43105969170176,16476
157.57040101774317,212.60279647471356,16477
157.35715917029785,212.77283688573021,16478
157.14540595231745,212.94117471660823,16479
156.93515107784475,213.10780403790693,16480
156.72640392914695,213.27271919720351,16481
156.51917355813217,213.43591481727276,16482
156.31346868795762,213.5973857941369,16483
156.10929771482512,213.75712729498755,16484
155.90666870995685,213.91513475598606,16485
155.7055894217474,214.07140387994457,16486
155.5060672780854,214.22593063389297,16487
155.30810938883872,214.3787112465362,16488
155.1117225484986,214.5297422056052,16489
154.91691323897527,214.6790202551066,16490
154.72368763254005,214.82654239247557,16491
154.5320515949078,214.97230586563575,16492
154.34201068845323,215.1163081699705,16493
154.15357017555544,215.2585470452107,16494
153.96673502206463,215.3990204722424,16495
153.78150990088457,215.5377266698393,16496
153.5978991956654,215.6746640913244,16497
153.41590700459994,215.8098314211645,16498
153.23553714431856,215.94322757150258,16499
153.05679315387567,216.07485167863177,16500
152.87967829882305,216.2047030994154,16501
152.70419557536303,216.3327814076567,16502
152.53034771457692,216.4590863904231,16503
152.3581371867224,216.58361804432806,16504
152.1875662055944,216.70637657177576,16505
152.01863673294423,216.82736237717077,16506
151.85135048295137,216.94657606309826,16507
151.68570892674276,217.0640184264771,16508
151.5217132969544,217.17969045469067,16509
151.35936459233028,217.2935933216977,16510
151.19866358235367,217.4057283841278,16511
151.03961081190576,217.51609717736437,16512
150.88220660594746,217.6247014116185,16513
150.72645107421928,217.73154296799694,16514
150.5723441159552,217.83662389456737,16515
150.41988542460598,217.93994640242383,16516
150.269074492568,218.04151286175585,16517
150.11991061591348,218.14132579792306,16518
149.97239289911792,218.2393878875392,16519
149.8265202597816,218.33570195456747,16520
149.6822914333408,218.43027096642976,16521
149.53970497776592,218.52309803013287,16522
149.39875927824266,218.6141863884133,16523
149.25945255183296,218.70353941590344,16524
149.1217828521135,218.79116061532108,16525
148.9857480737876,218.87705361368452,16526
148.85134595726825,218.96122215855485,16527
148.71857409323033,219.04367011430784,16528
148.58742992712772,219.1244014584371,16529
148.45791076367468,219.20342027788968,16530
148.33001377128812,219.2807307654367,16531
148.20373598648885,219.35633721607942,16532
148.07907431826,219.4302440234935,16533
147.95602555236044,219.50245567651126,16534
147.83458635559091,219.57297675564485,16535
147.7147532800128,219.6418119296501,16536
147.59652276711583,219.70896595213296,16537
147.47989115193474,219.7744436581997,16538
147.36485466711315,219.83824996115084,16539
147.25140944691307,219.90038984922103,16540
147.13955153116936,219.96086838236442,16541
147.02927686918775,220.01969068908716,16542
146.92058132358574,220.07686196332722,16543
146.8134606740752,220.1323874613823,16544
146.70791062118627,220.18627249888632,16545
146.60392678993148,220.23852244783484,16546
146.50150473341003,220.28914273366004,16547
146.400639936351,220.3381388323555,16548
146.30132781859595,220.38551626765067,16549
146.20356373851948,220.4312806082364,16550
146.10734299638867,220.47543746504002,16551
146.01266083766006,220.51799248855173,16552
145.91951245621487,220.5589513662012,16553
145.82789299753205,220.59831981978525,16554
145.73779756179886,220.63610360294572,16555
145.64922120695968,220.67230849869856,16556
145.56215895170254,220.70694031701282,16557
145.47660577838403,220.74000489244048,16558
145.3925566358921,220.77150808179613,16559
145.31000644244799,220.80145576188696,16560
145.22895008834658,220.82985382729208,16561
145.14938243863642,220.85670818819173,16562
145.07129833573896,220.88202476824526,16563
144.99469260200792,220.90580950251803,16564
144.9195600422296,220.9280683354568,16565
144.8458954460635,220.94880721891298,16566
144.77369359042507,220.96803211021373,16567
144.70294924181024,220.98574897027996,16568
144.63365715856264,221.00196376179125,16569
144.56581209308445,221.01668244739693,16570
144.4994087939906,221.02991098797278,16571
144.43444200820818,221.04165534092326,16572
144.37090648302075,221.05192145852791,16573
144.3087969680588,221.0607152863324,16574
144.2481082172368,221.0680427615829,16575
144.18883499063762,221.07390981170343,16576
144.1309720563456,221.07832235281583,16577
144.0745141922279,221.08128628830127,16578
144.01945618766592,221.08280750740334,16579
143.96579284523733,221.08289188387155,16580
143.913518982349,221.0815452746449,16581
143.8626294328224,221.07877351857482,16582
143.8131190484317,221.074582435187,16583
143.76498270039545,221.0689778234813,16584
143.71821528082293,221.06196546076913,16585
143.67281170411596,221.05355110154784,16586
143.62876690832638,221.04374047641127,16587
143.58607585647084,221.03253929099606,16588
143.54473353780335,221.0199532249626,16589
143.50473496904615,221.00598793101105,16590
143.46607519558037,220.99064903393023,16591
143.4287492925964,220.97394212968018,16592
143.39275236620568,220.95587278450714,16593
143.35807955451415,220.93644653409012,16594
143.32472602865815,220.915668882719,16595
143.29268699380418,220.89354530250284,16596
143.2619576901122,220.8700812326089,16597
143.2325333936646,220.8452820785302,16598
143.20440941736018,220.8191532113826,16599
143.1775811117753,220.79169996722945,16600
143.15204386599208,220.7629276464345,16601
143.1277931083943,220.7328415130412,16602
143.1048243074325,220.70144679417902,16603
143.0831329723584,220.66874867949514,16604
143.0627146539296,220.63475232061185,16605
143.043564945085,220.5994628306085,16606
143.02567948159205,220.56288528352772,16607
143.0090539426665,220.5250247139052,16608
142.99368405156468,220.48588611632294,16609
142.97956557615,220.44547444498468,16610
142.96669432943335,220.4037946133137,16611
142.95506617008886,220.36085149357214,16612
142.94467700294518,220.31664991650143,16613
142.93552277945275,220.27119467098345,16614
142.92759949812867,220.22449050372143,16615
142.92090320497823,220.17654211894086,16616
142.9154299938951,220.12735417810956,16617
142.91117600704007,220.07693129967632,16618
142.90813743519905,220.02527805882784,16619
142.90631051812062,219.9723989872638,16620
142.90569154483444,219.91829857298893,16621
142.90627685395023,219.8629812601224,16622
142.9080628339382,219.80645144872386,16623
142.9110459233915,219.74871349463513,16624
142.91522261127113,219.68977170933857,16625
142.9205894371338,219.6296303598302,16626
142.927142991343,219.56829366850812,16627
142.93487991526445,219.50576581307564,16628
142.94379690144524,219.4420509264586,16629
142.95389069377836,219.3771530967371,16630
142.96515808765216,219.31107636709027,16631
142.9775959300855,219.24382473575494,16632
142.99120111984885,219.17540215599718,16633
143.0059706075722,219.10581253609618,16634
143.02190139583956,219.03505973934116,16635
143.03899053927063,218.96314758404003,16636
143.05723514459038,218.89007984353998,16637
143.07663237068613,218.81586024625952,16638
143.0971794286536,218.74049247573217,16639
143.1188735818307,218.6639801706609,16640
143.14171214582146,218.58632692498333,16641
143.16569248850794,218.50753628794791,16642
143.1908120300527,218.42761176420015,16643
143.2170682428909,218.34655681387866,16644
143.2444586517122,218.26437485272203,16645
143.27298083343356,218.18106925218433,16646
143.30263241716264,218.0966433395609,16647
143.33341108415183,218.0111003981233,16648
143.36531456774404,217.9244436672629,16649
143.39834065330928,217.8366763426443,16650
143.4324871781735,217.7478015763669,16651
143.46775203153888,217.65782247713534,16652
143.50413315439636,217.56674211043847,16653
143.54162853943052,217.4745634987367,16654
143.5802362309166,217.38128962165752,16655
143.61995432461075,217.28692341619907,16656
143.6607809676322,217.19146777694198,16657
143.70271435833945,217.09492555626875,16658
143.74575274619858,216.99729956459103,16659
143.78989443164548,216.89859257058475,16660
143.8351377659412,216.79880730143273,16661
143.88148115102092,216.69794644307456,16662
143.92892303933624,216.59601264046427,16663
143.97746193369161,216.49300849783535,16664
144.02709638707432,216.3889365789729,16665
144.0778250024786,216.28379940749304,16666
144.12964643272332,216.1775994671297,16667
144.18255938026434,216.07033920202863,16668
144.23656259700041,215.9620210170482,16669
144.29165488407367,215.8526472780676,16670
144.34783509166402,215.74222031230232,16671
144.40510211877827,215.6307424086263,16672
144.46345491303288,215.51821581790125,16673
144.52289247043154,215.40464275331342,16674
144.58341383513712,215.29002539071706,16675
144.64501809923752,215.17436586898506,16676
144.7077044025061,215.0576662903669,16677
144.77147193215663,214.93992872085357,16678
144.83631992259208,214.82115519054977,16679
144.90224765514816,214.7013476940532,16680
144.96925445783077,214.5805081908414,16681
145.03733970504769,214.4586386056656,16682
145.10650281733456,214.33574082895203,16683
145.17674326107496,214.2118167172108,16684
145.24806054821417,214.08686809345227,16685
145.32045423596728,213.96089674761075,16686
145.3939239265209,213.83390443697624,16687
145.46846926672885,213.70589288663373,16688
145.54408994780135,213.57686378991033,16689
145.62078570498758,213.4468188088303,16690
145.69855631725235,213.31575957457844,16691
145.77740160694526,213.1836876879713,16692
145.8573214394639,213.05060471993673,16693
145.93831572290918,212.9165122120022,16694
146.02038440773438,212.781411676791,16695
146.10352748638653,212.64530459852773,16696
146.18774499294042,212.50819243355227,16697
146.27303700272523,212.37007661084272,16698
146.35940363194308,212.2309585325476,16699
146.44684503727976,212.09083957452714,16700
146.5353614155076,211.9497210869041,16701
146.62495300307938,211.80760439462404,16702
146.7156200757144,211.6644907980256,16703
146.80736294797512,211.52038157342042,16704
146.9001819728351,211.37527797368347,16705
146.9940775412378,211.22918122885332,16706
147.0890500816456,211.0820925467435,16707
147.1851000595793,210.93401311356382,16708
147.28222797714736,210.7849440945532,16709
147.38043437256525,210.63488663462326,16710
147.47971981966376,210.48384185901352,16711
147.58008492738696,210.3318108739579,16712
147.68153033927845,210.17879476736294,16713
147.78405673295683,210.02479460949837,16714
147.88766481957865,209.86981145369964,16715
147.99235534329011,209.71384633708277,16716
148.09812908066564,209.5569002812723,16717
148.20498684013398,209.39897429314206,16718
148.31292946139135,209.24006936556867,16719
148.42195781480098,209.08018647819938,16720
148.53207280077868,208.91932659823277,16721
148.64327534916464,208.75749068121405,16722
148.75556641858017,208.59467967184412,16723
148.86894699577,208.43089450480355,16724
148.98341809492862,208.26613610559104,16725
149.0989807570115,208.1004053913771,16726
149.2156360490296,207.93370327187304,16727
149.33338506332765,207.76603065021553,16728
149.45222891684503,207.59738842386716,16729
149.5721687503598,207.4277774855331,16730
149.69320572771397,207.2571987240943,16731
149.81534103502116,207.0856530255576,16732
149.93857587985502,206.91314127402245,16733
150.0629114904184,206.73966435266573,16734
150.1883491146928,206.56522314474353,16735
150.3148900195677,206.3898185346115,16736
150.44253548994868,206.21345140876298,16737
150.57128682784474,206.03612265688596,16738
150.70114535143364,205.857833172939,16739
150.83211239410502,205.6785838562461,16740
150.96418930348065,205.49837561261128,16741
151.09737744041135,205.31720935545272,16742
151.2316781779502,205.13508600695732,16743
151.36709290030106,204.9520064992552,16744
151.50362300174254,204.76797177561545,16745
151.64126988552601,204.58298279166232,16746
151.78003496274786,204.39704051661315,16747
151.91991965119516,204.21014593453762,16748
152.0609253741639,204.02230004563907,16749
152.20305355924978,203.83350386755762,16750
152.3463056371104,203.64375843669634,16751
152.49068304019863,203.45306480956947,16752
152.63618720146687,203.26142406417432,16753
152.78281955304058,203.06883730138583,16754
152.9305815248617,202.87530564637507,16755
153.07947454330076,202.6808302500514,16756
153.22950002973687,202.4854122905287,16757
153.38065939910595,202.28905297461577,16758
153.53295405841524,202.09175353933156,16759
153.68638540522488,201.8935152534446,16760
153.84095482609513,201.6943394190382,16761
153.99666369499852,201.49422737309985,16762
154.15351337169773,201.29318048913692,16763
154.31150520008643,201.09120017881708,16764
154.47064050649442,200.88828789363515,16765
154.63092059795594,200.6844451266052,16766
154.79234676043973,200.47967341397913,16767
154.95492025704186,200.2739743369912,16768
155.1186423261396,200.06734952362868,16769
155.28351417950597,199.85980065042915,16770
155.44953700038525,199.65132944430385,16771
155.61671194152785,199.4419376843879,16772
155.78504012318493,199.2316272039168,16773
155.95452263106174,199.02039989212938,16774
156.1251605142296,198.8082576961976,16775
156.29695478299593,198.59520262318247,16776
156.46990640673192,198.38123674201694,16777
156.6440163116573,198.1663621855145,16778
156.81928537858226,197.9505811524045,16779
156.99571444060555,197.7338959093938,16780
157.17330428076932,197.51630879325387,16781
157.3520556296693,197.29782221293405,16782
157.53196916302102,197.0784386517004,16783
157.7130454991812,196.85816066929988,16784
157.89528519662466,196.63699090414946,16785
158.07868875137584,196.4149320755501,16786
158.26325659439578,196.19198698592518,16787
158.44898908892327,195.9681585230828,16788
158.63588652777128,195.74344966250194,16789
158.823949130578,195.5178634696413,16790
159.01317704101254,195.29140310227123,16791
159.20357032393557,195.0640718128275,16792
159.3951289625149,194.83587295078655,16793
159.58785285529638,194.6068099650617,16794
159.78174181322998,194.3768864064193,16795
159.9767955566517,194.1461059299148,16796
160.17301371222143,193.91447229734695,16797
160.3703958098173,193.68198937973003,16798
160.56894127938696,193.44866115978326,16799
160.76864944775616,193.214491734436,16800
160.96951953539542,192.97948531734795,16801
161.1715506531456,192.74364624144377,16802
161.3747417989026,192.5069789614599,16803
161.57909185426254,192.26948805650395,16804
161.78459958112822,192.03117823262394,16805
161.99126361827732,191.79205432538745,16806
162.19908247789425,191.55212130246807,16807
162.40805454206628,191.31138426623886,16808
162.6181780592448,191.0698484563709,16809
162.82945114067442,190.82751925243494,16810
163.04187175678928,190.58440217650562,16811
163.2554377335802,190.3405028957658,16812
163.4701467489327,190.09582722510922,16813
163.68599632893861,189.85038112974038,16814
163.9029838441821,189.60417072776903,16815
164.12110650600323,189.35720229279832,16816
164.3403613627402,189.109482256503,16817
164.56074529595247,188.86101721119763,16818
164.7822550166276,188.61181391239097,16819
165.0048870613733,188.3618792813252,16820
165.22863778859815,188.11122040749768,16821
165.45350337468273,187.85984455116233,16822
165.67947981014387,187.60775914580938,16823
165.90656289579627,187.35497180061927,16824
166.13474823891198,187.10149030289003,16825
166.36403124938306,186.84732262043397,16826
166.5944071358892,186.59247690394213,16827
166.82587090207477,186.33696148931284,16828
167.058417342737,186.0807848999426,16829
167.29204104003114,185.8239558489748,16830
167.52673635969396,185.5664832415053,16831
167.76249744729097,185.30837617674064,16832
167.9993182244909,185.04964395010538,16833
168.2371923853712,184.79029605529686,16834
168.47611339275826,184.5303421862837,16835
168.71607447460858,184.26979223924317,16836
168.95706862043215,184.0086563144372,16837
169.19908857776602,183.74694471802138,16838
169.4421268486996,183.48466796378347,16839
169.68617568645865,183.22183677480993,16840
169.93122709205102,182.95846208507606,16841
170.17727281098084,182.69455504095444,16842
170.4243043300347,182.43012700264066,16843
170.67231287414523,182.16518954549298,16844
170.92128940333825,181.89975446128034,16845
171.1712246097674,181.63383375933498,16846
171.42210891484225,181.36743966760878,16847
171.67393246645565,181.10058463362972,16848
171.92668513631534,180.83328132534814,16849
172.18035651738495,180.56554263187948,16850
172.43493592144108,180.29738166413117,16851
172.69041237675114,180.02881175531374,16852
172.94677462587774,179.75984646135907,16853
173.20401112361625,179.4904995611315,16854
173.46211003506912,179.22078505663825,16855
173.7210592338657,178.95071717300763,16856
173.98084630052983,178.6803103583784,16857
174.24145852100372,178.40957928364674,16858
174.50288288533255,178.13853884206986,16859
174.76510608651463,177.86720414872954,16860
175.02811451952383,177.59559053984853,16861
175.2918942805103,177.3237135719583,16862
175.55643116618293,177.05158902091605,16863
175.82171067338032,176.77923288076482,16864
176.08771799883496,176.50666136243714,16865
176.35443803913623,176.23389089230116,16866
176.62185539089714,175.9609381105398,16867
176.88995435112753,175.68781986936946,16868
177.15871891782294,175.41455323108974,16869
177.42813279076907,175.141155465965,16870
177.69817937256786,174.8676440499345,16871
177.96884176989198,174.59403666215218,16872
178.24010279496454,174.32035118234984,16873
178.51194496727834,174.0466056880283,16874
178.7843505155469,173.7728184514696,16875
179.05730137989732,173.4990079365741,16876
179.330779214308,173.22519279551895,16877
179.60476538929143,172.95139186523863,16878
179.87924099482547,172.67762416372685,16879
180.15418684351252,172.40390888615994,16880
180.42958347405875,172.13026540084246,16881
180.7054111549179,171.8567132449745,16882
180.98164988823967,171.5832721202422,16883
181.25827941407738,171.30996188823215,16884
181.53527921482413,171.03680256567108,16885
181.81262851992756,170.76381431949193,16886
182.09030631084516,170.49101746172863,16887
182.36829132626073,170.21843244424122,16888
182.6465620675498,169.94607985327383,16889
182.92509680449967,169.67398040384762,16890
183.2038735812754,169.4021549339924,16891
183.48287022263446,169.13062439881963,16892
183.7620643403846,168.85940986443947,16893
184.04143334008214,168.58853250172703,16894
184.32095442796648,168.31801357994047,16895
184.60060461812833,168.04787446019606,16896
184.88036073990432,167.77813658880427,16897
185.16019944549657,167.50882149047135,16898
185.44009721780748,167.23995076137263,16899
185.7200303784877,166.97154606210108,16900
185.99997509618905,166.7036291104986,16901
186.2799073950157,166.43622167437388,16902
186.55980316316717,166.16934556411456,16903
186.83963816176527,165.90302262519882,16904
187.11938803385752,165.63727473061348,16905
187.39902831358816,165.37212377318497,16906
187.6785344355282,165.10759165783028,16907
187.95788174415628,164.84370029373503,16908
188.23704550348097,164.5804715864653,16909
188.5160009067933,164.3179274300222,16910
188.79472308654192,164.0560896988447,16911
189.07318712431933,163.7949802397702,16912
189.35136806094872,163.53462086396,16913
189.6292409066612,163.27503333879775,16914
189.90678065135262,163.0162393797689,16915
190.18396227490788,162.75826064232956,16916
190.46076075758234,162.50111871377322,16917
190.73715109042897,162.2448351051029,16918
191.01310828575865,161.98943124291813,16919
191.28860738762268,161.7349284613243,16920
191.56362348230553,161.48134799387353,16921
191.838131708816,161.22871096554485,16922
192.11210726936463,160.9770383847724,16923
192.38552543981538,160.7263511355304,16924
192.65836158010052,160.47666996948197,16925
192.93059114458535,160.22801549820178,16926
193.20218969237254,159.98040818547918,16927
193.47313289753302,159.7338683397104,16928
193.74339655925252,159.48841610638829,16929
194.01295661188223,159.24407146069643,16930
194.28178913488227,159.00085420021603,16931
194.54987036264612,158.7587839377526,16932
194.81717669419604,158.51788009429004,16933
195.08368470273862,158.27816189207925,16934
195.34937114506937,158.03964834786785,16935
195.6142129708164,157.802358266278,16936
195.87818733151397,157.56631023333887,16937
196.1412715894956,157.33152261017946,16938
196.40344332659748,157.09801352688862,16939
196.66468035266405,156.8658008765467,16940
196.92496071384605,156.6349023094357,16941
197.18426270068377,156.40533522743195,16942
197.44256485596796,156.17711677858682,16943
197.69984598236968,155.95026385189934,16944
197.95608514983383,155.72479307228608,16945
198.21126170272836,155.50072079575088,16946
198.46535526674475,155.27806310475916,16947
198.71834575554206,155.0568358038194,16948
198.97021337713127,154.83705441527536,16949
199.22093863999427,154.61873417531095,16950
199.47050235893315,154.40189003017073,16951
199.71888566064646,154.1865366325979,16952
199.9660699890291,153.97268833849088,16953
200.21203711019217,153.76035920378092,16954
200.45676911720182,153.54956298153039,16955
200.70024843453348,153.34031311925372,16956
200.94245782224183,153.1326227564604,16957
201.18338037984367,152.92650472242065,16958
201.4229995499144,152.7219715341533,16959
201.6612991213979,152.51903539463513,16960
201.89826323262892,152.31770819123136,16961
202.1338763740706,152.11800149434526,16962
202.36812339076658,151.9199265562864,16963
202.60098948451017,151.72349431035508,16964
202.83246021573234,151.52871537014101,16965
203.06252150511094,151.33560002903468,16966
203.2911596349034,151.1441582599478,16967
203.51836125000685,150.95439971524078,16968
203.74411335874802,150.7663337268545,16969
203.9684033334076,150.579969306642,16970
204.19121891048252,150.39531514689796,16971
204.41254819069047,150.21237962108145,16972
204.632379638722,150.03117078472883,16973
204.85070208274402,149.85169637655164,16974
205.06750471366078,149.67396381971696,16975
205.28277708413725,149.4979802233043,16976
205.49650910739035,149.32375238393556,16977
205.70869105575454,149.15128678757307,16978
205.91931355902688,148.98058961148095,16979
206.12836760259825,148.8116667263451,16980
206.3358445253768,148.64452369854672,16981
206.5417360175106,148.4791657925843,16982
206.74603411791492,148.31559797363923,16983
206.9487312116121,148.15382491027958,16984
207.14982002688998,147.9938509772966,16985
207.3492936322858,147.83568025866953,16986
207.54714543340273,147.67931655065223,16987
207.7433691695659,147.52476336497705,16988
207.93795891032445,147.37202393217063,16989
208.13090905180732,147.22110120497564,16990
208.32221431293928,147.0719978618737,16991
208.5118697315239,146.92471631070399,16992
208.69987066020155,146.77925869237168,16993
208.8862127622879,146.63562688464228,16994
209.07089200750082,146.49382250601445,16995
209.25390466758202,146.35384691966854,16996
209.4352473118207,146.2157012374836,16997
209.61491680248488,146.07938632411904,16998
209.79291029016846,145.94490280115562,16999
209.96922520905915,145.81225105129027,17000
210.14385927213428,145.68143122258053,17001
210.31681046629126,145.55244323273354,17002
210.48807704741768,145.42528677343486,17003
210.6576575354084,145.29996131471242,17004
210.82555070913463,145.17646610933107,17005
210.99175560137138,145.05480019721384,17006
211.15627149368834,144.93496240988446,17007
211.31909791131065,144.8169513749281,17008
211.48023461795404,144.70076552046544,17009
211.6396816106398,144.58640307963674,17010
211.79743911449515,144.47386209509114,17011
211.9535075775433,144.36314042347817,17012
212.1078876654883,144.25423573993774,17013
212.2605802564994,144.14714554258472,17014
212.41158643599883,144.04186715698492,17015
212.56090749145812,143.9383977406195,17016
212.7085449072063,143.83673428733377,17017
212.8545003592545,143.7368736317684,17018
212.99877571014045,143.63881245376942,17019
213.14137300379682,143.54254728277442,17020
213.28229446044642,143.44807450217223,17021
213.4215424715284,143.35539035363374,17022
213.5591195946575,143.2644909414108,17023
213.69502854862057,143.17537223660176,17024
213.82927220841245,143.0880300813808,17025
213.96185360031413,143.00246019318914,17026
214.09277589701583,142.91865816888608,17027
214.22204241278754,142.83661948885825,17028
214.3496565986989,142.75633952108495,17029
214.4756220378912,142.67781352515834,17030
214.59994244090262,142.60103665625644,17031
214.72262164104964,142.5260039690679,17032
214.8436635898654,142.45271042166732,17033
214.96307235259732,142.3811508793391,17034
215.08085210376524,142.31132011834939,17035
215.19700712278078,142.24321282966545,17036
215.31154178963067,142.17682362261996,17037
215.42446058062367,142.11214702852104,17038
215.53576806420293,142.04917750420626,17039
215.6454688968243,141.98790943554027,17040
215.75356781890213,141.9283371408552,17041
215.86006965082177,141.87045487433363,17042
215.96497928902141,141.8142568293333,17043
216.0683017021419,141.75973714165332,17044
216.17004192724593,141.70688989274183,17045
216.27020506610708,141.65570911284433,17046
216.36879628156828,141.60618878409267,17047
216.4658207939704,141.55832284353497,17048
216.5612838776508,141.51210518610597,17049
216.65519085751203,141.46752966753763,17050
216.74754710566066,141.42459010721078,17051
216.83835803811573,141.38328029094706,17052
216.92762911158727,141.34359397374186,17053
217.01536582032406,141.30552488243828,17054
217.10157369303087,141.26906671834237,17055
217.18625828985424,141.23421315977964,17056
217.26942519943717,141.20095786459385,17057
217.35108003604128,141.16929447258772,17058
217.4312284367369,141.1392166079064,17059
217.50987605866013,141.1107178813639,17060
217.58702857633614,141.08379189271307,17061
217.6626916790683,141.0584322328596,17062
217.7368710683926,141.03463248602083,17063
217.80957245559642,141.01238623182886,17064
217.88080155930112,140.9916870473804,17065
217.95056410310764,140.9725285092319,17066
218.01886581330433,140.95490419534207,17067
218.0857124166363,140.9388076869619,17068
218.15110963813552,140.92423257047267,17069
218.21506319901036,140.91117243917273,17070
218.27757881459468,140.8996208950142,17071
218.3386621923546,140.88957155028928,17072
218.3983190299528,140.881018029268,17073
218.45655501336884,140.8739539697875,17074
218.51337581507536,140.86837302479327,17075
218.56878709226848,140.86426886383418,17076
218.62279448515199,140.8616351745108,17077
218.6754036152742,140.86046566387867,17078
218.72662008391666,140.8607540598065,17079
218.7764494705333,140.86249411229113,17080
218.82489733124032,140.86567959472882,17081
218.87196919735413,140.87030430514423,17082
218.91767057397783,140.87636206737815,17083
218.9620069386348,140.88384673223393,17084
219.00498373994816,140.89275217858432,17085
219.04660639636575,140.90307231443828,17086
219.08688029492922,140.9148010779701,17087
219.12581079008655,140.92793243851003,17088
219.16340320254722,140.942460397498,17089
219.19966281817844,140.9583789894013,17090
219.2345948869426,140.97568228259632,17091
219.26820462187396,140.99436438021567,17092
219.3004971980946,141.01441942096096,17093
219.3314777518679,141.0358415798825,17094
219.36115137968963,141.05862506912598,17095
219.38952313741467,141.08276413864758,17096
219.4165980394196,141.10825307689723,17097
219.44238105779954,141.13508621147187,17098
219.46687712159886,141.1632579097385,17099
219.49009111607432,141.19276257942784,17100
219.5120278819911,141.22359466919997,17101
219.53269221494898,141.25574866918154,17102
219.55208886474006,141.28921911147594,17103
219.57022253473545,141.3240005706468,17104
219.58709788130108,141.36008766417544,17105
219.60271951324174,141.39747505289318,17106
219.61709199127267,141.4361574413885,17107
219.63021982751735,141.47612957839033,17108
219.64210748503203,141.5173862571275,17109
219.65275937735484,141.5599223156654,17110
219.66217986808,141.60373263722,17111
219.67037327045557,141.64881215044997,17112
219.67734384700492,141.69515582972767,17113
219.68309580917025,141.74275869538886,17114
219.6876333169787,141.79161581396264,17115
219.6909604787292,141.84172229838094,17116
219.6930813507008,141.8930733081694,17117
219.6939999368803,141.94566404961893,17118
219.69372018871016,141.99948977593908,17119
219.69224600485512,142.05454578739352,17120
219.6895812309873,142.11082743141804,17121
219.6857296595891,142.16833010272182,17122
219.68069502977377,142.22704924337174,17123
219.67448102712257,142.28698034286077,17124
219.6670912835382,142.34811893816078,17125
219.6585293771147,142.4104606137598,17126
219.64879883202184,142.47400100168431,17127
219.63790311840512,142.53873578150743,17128
219.6258456523,142.6046606803421,17129
219.61262979556017,142.67177147282138,17130
219.5982588557993,142.74006398106457,17131
219.5827360863461,142.8095340746304,17132
219.56606468621234,142.8801776704576,17133
219.5482478000727,142.95199073279275,17134
219.52928851825715,143.02496927310574,17135
219.5091898767547,143.09910934999405,17136
219.48795485722866,143.17440706907445,17137
219.46558638704218,143.2508585828643,17138
219.44208733929543,143.32846009065108,17139
219.41746053287196,143.40720783835152,17140
219.39170873249583,143.4870981183601,17141
219.3648346487978,143.568127269387,17142
219.3368409383913,143.65029167628632,17143
219.3077302039573,143.73358776987425,17144
219.27750499433776,143.81801202673765,17145
219.2461678046381,143.9035609690329,17146
219.21372107633755,143.99023116427617,17147
219.18016719740777,144.0780192251238,17148
219.14550850243913,144.1669218091445,17149
219.1097472727747,144.25693561858228,17150
219.07288573665173,144.34805740011134,17151
219.03492606934998,144.4402839445821,17152
218.99587039334747,144.53361208675923,17153
218.95572077848252,144.62803870505152,17154
218.9144792421231,144.7235607212339,17155
218.87214774934213,144.82017510016104,17156
218.82872821309917,144.91787884947402,17157
218.78422249442852,145.01666901929866,17158
218.73863240263321,145.11654270193668,17159
218.691959695485,145.2174970315493,17160
218.6442060794298,145.31952918383328,17161
218.59537320979942,145.42263637569005,17162
218.5454626910284,145.52681586488734,17163
218.49447607687645,145.63206494971365,17164
218.44241487065642,145.73838096862556,17165
218.38928052546737,145.84576129988832,17166
218.33507444443325,145.95420336120895,17167
218.2797979809463,146.06370460936282,17168
218.22345243891615,146.17426253981264,17169
218.16603907302354,146.28587468632134,17170
218.1075590889793,146.39853862055736,17171
218.0480136437885,146.5122519516932,17172
217.98740384601936,146.62701232599736,17173
217.92573075607746,146.74281742641898,17174
217.86299538648467,146.85966497216563,17175
217.79919870216318,146.97755271827444,17176
217.73434162072473,147.09647845517603,17177
217.66842501276454,147.21644000825134,17178
217.6014497021606,147.33743523738178,17179
217.53341646637784,147.45946203649208,17180
217.46432603677763,147.58251833308606,17181
217.39417909893228,147.70660208777537,17182
217.3229762929448,147.83171129380074,17183
217.25071821377415,147.95784397654646,17184
217.17740541156564,148.08499819304683,17185
217.1030383919869,148.2131720314859,17186
217.02761761656933,148.34236361068918,17187
216.95114350305514,148.47257107960806,17188
216.8736164257503,148.60379261679645,17189
216.7950367158831,148.73602642987987,17190
216.71540466196888,148.8692707550163,17191
216.63472051018047,149.00352385634937,17192
216.55298446472543,149.13878402545353,17193
216.4701966882289,149.27504958077074,17194
216.38635730212354,149.41231886703912,17195
216.3014663870458,149.55059025471326,17196
216.21552398323905,149.6898621393754,17197
216.1285300909636,149.83013294113888,17198
216.040484670914,149.9714011040419,17199
215.9513876446434,150.1136650954327,17200
215.8612388949958,150.25692340534582,17201
215.7700382665456,150.4011745458687,17202
215.6777855660452,150.54641705049923,17203
215.5844805628807,150.6926494734934,17204
215.49012298953596,150.8398703892036,17205
215.3947125420652,150.9880783914068,17206
215.29824888057428,151.1372720926227,17207
215.20073162971096,151.28745012342168,17208
215.10216037916473,151.43861113172233,17209
215.0025346841758,151.5907537820784,17210
214.9018540660539,151.7438767549551,17211
214.80011801270743,151.89797874599412,17212
214.69732597918272,152.05305846526787,17213
214.59347738821353,152.20911463652214,17214
214.4885716307822,152.36614599640743,17215
214.38260806669138,152.5241512936982,17216
214.27558602514745,152.6831292885006,17217
214.16750480535583,152.8430787514479,17218
214.0583636771281,153.00399846288332,17219
213.94816188150216,153.16588721203078,17220
213.83689863137434,153.3287437961523,17221
213.7245731121454,153.4925670196932,17222
213.61118448237957,153.6573556934133,17223
213.49673187447746,153.82310863350526,17224
213.38121439536334,153.98982466069882,17225
213.26463112718676,154.15750259935194,17226
213.1469811280391,154.3261412765269,17227
213.0282634326856,154.49573952105294,17228
212.90847705331308,154.66629616257396,17229
212.78762098029338,154.83781003058144,17230
212.66569418296376,155.01027995343284,17231
212.54269561042406,155.18370475735423,17232
212.41862419235102,155.35808326542787,17233
212.29347883983039,155.53341429656425,17234
212.1672584462075,155.70969666445785,17235
212.0399618879559,155.88692917652742,17236
211.91158802556558,156.06511063283932,17237
211.78213570445013,156.244239825015,17238
211.65160375587445,156.42431553512117,17239
211.51999099790214,156.60533653454334,17240
211.38729623636442,156.78730158284236,17241
211.2535182658499,156.97020942659307,17242
211.1186558707162,157.154058798206,17243
210.98270782612403,157.3388484147308,17244
210.84567289909376,157.52457697664198,17245
210.7075498495853,157.7112431666064,17246
210.5683374316017,157.89884564823237,17247
210.428034394317,158.0873830648002,17248
210.28663948322844,158.27685403797418,17249
210.1441514413343,158.46725716649544,17250
210.000569010337,158.65859102485575,17251
209.8558909318725,158.85085416195247,17252
209.71011594876663,159.04404509972355,17253
209.56324280631802,159.23816233176325,17254
209.41527025360898,159.43320432191862,17255
209.26619704484494,159.6291695028652,17256
209.11602194072162,159.82605627466373,17257
208.96474370982224,160.0238630032963,17258
208.81236113004377,160.2225880191827,17259
208.6588729900538,160.42222961567617,17260
208.50427809077735,160.62278604753908,17261
208.34857524691571,160.82425552939816,17262
208.19176328849596,161.0266362341797,17263
208.03384106245315,161.22992629152319,17264
207.8748074342449,161.43412378617583,17265
207.7146612894987,161.63922675636564,17266
207.55340153569304,161.8452331921542,17267
207.39102710387215,162.05214103376917,17268
207.22753695039535,162.25994816991616,17269
207.0629300587208,162.46865243607004,17270
206.89720544122483,162.67825161274635,17271
206.7303621410564,162.88874342375198,17272
206.5623992340279,163.10012553441607,17273
206.39331583054232,163.31239554980073,17274
206.2231110775565,163.52555101289187,17275
206.05178416058214,163.73958940277043,17276
205.87933430572403,163.9545081327641,17277
205.7057607817555,164.17030454857985,17278
205.53106290223235,164.38697592641702,17279
205.3552400276447,164.60451947106225,17280
205.17829156760737,164.82293231396542,17281
205.000216983089,165.04221151129767,17282
204.82101578867986,165.2623540419917,17283
204.64068755489882,165.48335680576426,17284
204.4592319105396,165.70521662112208,17285
204.27664854505574,165.9279302233508,17286
204.09293721098558,166.15149426248811,17287
203.90809772641623,166.3759053012811,17288
203.72212997748667,166.60115981312828,17289
203.5350339209307,166.82725418000763,17290
203.34680958665882,167.05418469039023,17291
203.1574570803792,167.28194753714087,17292
202.9669765862578,167.51053881540574,17293
202.77536836961684,167.73995452048862,17294
202.58263277967254,167.97019054571572,17295
202.38877025231017,168.20124268028994,17296
202.19378131289756,168.43310660713587,17297
201.9976665791359,168.665777900736,17298
201.8004267639475,168.89925202495917,17299
201.60206267839993,169.13352433088218,17300
201.40257523466636,169.36859005460562,17301
201.20196544902086,169.60444431506488,17302
201.00023444486848,169.84108211183747,17303
200.79738345580918,170.07849832294752,17304
200.59341382873444,170.31668770266964,17305
200.38832702695652,170.55564487933148,17306
200.18212463336843,170.79536435311815,17307
199.97480835363385,171.03584049387914,17308
199.76638001940677,171.2770675389382,17309
199.55684159157812,171.51903959090922,17310
199.3461951635494,171.7617506155183,17311
199.13444296453144,172.00519443943384,17312
198.92158736286655,172.24936474810693,17313
198.7076308693736,172.49425508362214,17314
198.49257614071286,172.7398588425622,17315
198.2764259827707,172.98616927388653,17316
198.05918335406048,173.23317947682673,17317
197.8408513691397,173.48088239879965,17318
197.62143330203952,173.72927083334199,17319
197.40093258970649,173.97833741806443,17320
197.17935283545245,174.22807463263212,17321
196.956697812412,174.47847479676972,17322
196.73297146700423,174.7295300682946,17323
196.50817792239627,174.98123244118065,17324
196.2823214819666,175.23357374365335,17325
196.05540663276523,175.4865456363203,17326
195.82743804896788,175.74013961033708,17327
195.59842059532122,175.99434698561407,17328
195.36835933057685,176.2491589090619,17329
195.13725951091,176.5045663528825,17330
194.90512659332055,176.7605601129051,17331
194.671966239013,177.01713080697115,17332
194.43778431675148,177.27426887336944,17333
194.20258690618698,177.53196456932605,17334
193.96638030115318,177.7902079695484,17335
193.72917101292637,178.0489889648287,17336
193.4909657734472,178.30829726070903,17337
193.25177153849896,178.5681223762096,17338
193.0115954908391,178.8284536426227,17339
192.77044504328052,179.08928020237664,17340
192.52832784171676,179.35059100797224,17341
192.2852517680891,179.61237482099176,17342
192.04122494328962,179.87462021118264,17343
191.7962557299966,180.1373155556326,17344
191.55035273543754,180.40044903801618,17345
191.30352481407547,180.66400864791868,17346
191.05578107021387,180.92798218027536,17347
190.80713086051537,181.1923572348754,17348
190.55758379643046,181.4571212159718,17349
190.3071497465298,181.7222613319844,17350
190.05583883873692,181.9877645953023,17351
189.80366146245578,182.25361782218636,17352
189.55062827058825,182.51980763277854,17353
189.29675018143698,182.78632045121486,17354
189.04203838048898,183.0531425058514,17355
188.7865043220733,183.320259829597,17356
188.53015973089126,183.58765826036486,17357
188.27301660341035,183.85532344163852,17358
188.01508720912025,184.12324082315715,17359
187.75638409164443,184.39139566172162,17360
187.4969200697021,184.6597730221258,17361
187.23670823791815,184.92835777821108,17362
186.97576196747266,185.19713461404996,17363
186.71409490658954,185.46608802525947,17364
186.45172098085544,185.7352023204454,17365
186.1886543933687,186.0044616227798,17366
185.92490962471007,186.2738498717136,17367
185.66050143273392,186.54335082482646,17368
185.39544485217405,186.812948059813,17369
185.1297551940607,187.08262497660988,17370
184.86344804494473,187.3523647996623,17371
184.59653926592514,187.62215058033223,17372
184.32904499147725,187.8919651994495,17373
184.06098162807686,188.1617913700057,17374
183.79236585261714,188.43161163999181,17375
183.52321461061757,188.70140839538072,17376
183.25354511421918,188.9711638632535,17377
182.98337483996514,189.24086011507117,17378
182.71272152636396,189.51047907009067,17379
182.44160317123485,189.78000249892588,17380
182.17003802882908,190.049412027252,17381
181.89804460673147,190.31868913965423,17382
181.62564166253642,190.5878151836189,17383
181.35284820029898,190.85677137366628,17384
181.07968346676265,191.12553879562475,17385
180.8061669473566,191.39409841104316,17386
180.5323183619728,191.6624310617424,17387
180.25815766051235,191.9305174745022,17388
179.98370501825002,192.1983382658819,17389
179.70898083073226,192.46587394717406,17390
179.43400570905234,192.73310492948679,17391
179.15880047410857,193.00001152895354,17392
178.88338615123877,193.26657397206736,17393
178.6077839643987,193.532772401136,17394
178.33201533016478,193.79858687985518,17395
178.05610185153154,194.06399739899723,17396
177.7800653114941,194.32898388220963,17397
177.50392766643165,194.59352619192188,17398
177.22771103928855,194.85760413535525,17399
176.95143771256215,195.12119747063156,17400
176.67513012109768,195.38428591297688,17401
176.39881084470136,195.6468491410153,17402
176.1225026005707,195.90886680314765,17403
175.8462282355535,196.17031852401163,17404
175.5700107182382,196.43118391101598,17405
175.29387313088418,196.69144256094586,17406
175.01783866119774,196.95107406663197,17407
174.74193059396234,197.21005802367927,17408
174.46617230252886,197.46837403724848,17409
174.19058724017557,197.72600172888545,17410
173.9151989313442,197.98292074339156,17411
173.64003096276272,198.23911075572954,17412
173.36510697446076,198.49455147795845,17413
173.09045065068844,198.74922266619143,17414
172.8160857107485,199.00310412756926,17415
172.54203589974722,199.25617572724434,17416
172.26832497927893,199.5084173953679,17417
171.99497671804966,199.75980913407324,17418
171.72201488245128,200.01033102444984,17419
171.44946322709677,200.2599632334998,17420
171.1773454853257,200.50868602107172,17421
170.9056853596903,200.75647974676366,17422
170.63450651243284,201.00332487678978,17423
170.36383255596422,201.24920199080302,17424
170.09368704335498,201.49409178866756,17425
169.82409345884705,201.73797509717443,17426
169.5550752084,201.9808328766933,17427
169.28665561027825,202.2226462277548,17428
169.01885788569334,202.46339639755536,17429
168.75170514950798,202.70306478638005,17430
168.48522040101508,202.9416329539357,17431
168.21942651479998,203.17908262558896,17432
167.95434623169555,203.41539569850286,17433
167.6900021498424,203.6505542476659,17434
167.42641671586006,203.8845405318087,17435
167.1636122161419,204.11733699920148,17436
166.901610768281,204.3489262933274,17437
166.64043431263673,204.57929125842713,17438
166.3801046040505,204.80841494490863,17439
166.12064320371937,205.03628061461734,17440
165.86207147123505,205.2628717459632,17441
165.60441055679777,205.48817203889843,17442
165.3476813936102,205.71216541974292,17443
165.09190469046115,205.93483604585293,17444
164.83710092450426,206.1561683101293,17445
164.58329033423917,206.376146845361,17446
164.33049291270103,206.59475652840223,17447
164.07872840086446,206.8119824841779,17448
163.8280162812674,207.02781008951646,17449
163.57837577185967,207.2422249768067,17450
163.3298258200819,207.45521303747614,17451
163.0823850971779,207.6667604252889,17452
162.8360719927457,207.87685355946192,17453
162.59090460952976,208.0854791275972,17454
162.34690075845876,208.29262408842885,17455
162.10407795393013,208.4982756743846,17456
161.86245340934536,208.7024213939601,17457
161.6220440328968,208.90504903390607,17458
161.38286642360845,209.10614666122794,17459
161.14493686763123,209.3057026249977,17460
160.90827133479382,209.50370555797866,17461
160.67288547540983,209.70014437806287,17462
160.43879461734065,209.8950082895231,17463
160.20601376331405,210.0882867840786,17464
159.97455758849813,210.2799696417779,17465
159.7444404383287,210.4700469316981,17466
159.51567632658958,210.6585090124638,17467
159.28827893374367,210.84534653258623,17468
159.06226160551262,211.03055043062594,17469
158.83763735170285,211.21411193517974,17470
158.61441884527562,211.39602256469618,17471
158.39261842165712,211.57627412712014,17472
158.17224807828646,211.75485871937101,17473
157.9533194743976,211.93176872665654,17474
157.73584393103076,212.10699682162522,17475
157.51983243127054,212.2805359633618,17476
157.30529562070544,212.45237939622743,17477
157.09224380810477,212.6225206485493,17478
156.88068696630793,212.79095353116335,17479
156.67063473332183,212.95767213581297,17480
156.46209641362051,213.12267083340828,17481
156.25508097964237,213.28594427215,17482
156.04959707347967,213.44748737552123,17483
155.8456530087541,213.6072953401521,17484
155.64325677267388,213.76536363356084,17485
155.44241602826554,213.92168799177625,17486
155.24313811677547,214.0762644168446,17487
155.0454300602348,214.22908917422708,17488
154.84929856418174,214.38015879009043,17489
154.6547500205357,214.52947004849636,17490
154.46179051061634,214.67701998849375,17491
154.27042580830246,214.82280590111782,17492
154.08066138332396,214.96682532630118,17493
153.89250240468053,215.10907604970117,17494
153.70595374418173,215.24955609944732,17495
153.5210199801018,215.38826374281402,17496
153.33770540094324,215.5251974828224,17497
153.15601400930285,215.66035605477612,17498
152.97594952583495,215.79373842273498,17499
152.79751539330493,215.9253437759305,17500
152.62071478072792,216.05517152512877,17501
152.44555058758624,216.1832212989433,17502
152.27202544812042,216.3094929401029,17503
152.1001417356873,216.43398650167845,17504
151.92990156718082,216.55670224327247,17505
151.76130680750873,216.67764062717552,17506
151.59435907412086,216.79680231449308,17507
151.42905974158276,216.91418816124684,17508
151.26540994619057,217.0297992144541,17509
151.10341059062102,217.143636708189,17510
150.94306234861244,217.2557020596284,17511
150.78436566967153,217.36599686508706,17512
150.62732078380108,217.47452289604428,17513
150.47192770624483,217.58128209516593,17514
150.31818624224397,217.68627657232477,17515
150.16609599180188,217.7895086006223,17516
150.01565635445243,217.89098061241484,17517
149.86686653402805,217.99069519534683,17518
149.71972554342366,218.08865508839438,17519
149.57423220935257,218.18486317792107,17520
149.43038517709098,218.27932249374956,17521
149.2881829152072,218.3720362052503,17522
149.14762372027278,218.46300761745078,17523
149.00870572155208,218.55224016716684,17524
148.87142688566692,218.6397374191589,17525
148.73578502123408,218.7255030623143,17526
148.60177778347227,218.80954090585868,17527
148.469402678776,218.89185487559763,17528
148.33865706925414,218.97244901019076,17529
148.20953817723066,219.0513274574596,17530
148.08204308970468,219.1284944707312,17531
147.9561687627688,219.20395440521892,17532
147.83191202598275,219.27771171444166,17533
147.70926958670083,219.34977094668304,17534
147.5882380343515,219.42013674149172,17535
147.46881384466718,219.48881382622406,17536
147.35099338386274,219.55580701263017,17537
147.23477291276163,219.62112119348458,17538
147.12014859086764,219.68476133926197,17539
147.00711648038185,219.74673249485934,17540
146.89567255016306,219.8070397763653,17541
146.785812679631,219.86568836787666,17542
146.67753266261107,219.9226835183639,17543
146.5708282111203,219.97803053858527,17544
146.4656949590933,220.0317347980505,17545
146.36212846604806,220.08380172203408,17546
146.26012422069013,220.13423678863936,17547
146.15967764445614,220.18304552591263,17548
146.06078409499463,220.23023350900863,17549
145.96343886958527,220.27580635740662,17550
145.86763720849535,220.31976973217814,17551
145.77337429827352,220.3621293333057,17552
145.68064527498126,220.40289089705297,17553
145.58944522736084,220.44206019338654,17554
145.49976919994108,220.4796430234489,17555
145.41161219608028,220.5156452170825,17556
145.3249691809463,220.5500726304053,17557
145.2398350844346,220.582931143437,17558
145.15620480402382,220.61422665777621,17559
145.07407320756968,220.6439650943283,17560
144.99343513603714,220.6721523910831,17561
144.9142854061717,220.69879450094297,17562
144.83661881310948,220.7238973896005,17563
144.76043013292727,220.74746703346514,17564
144.68571412513273,220.76950941763928,17565
144.61246553509514,220.79003053394226,17566
144.54067909641753,220.8090363789827,17567
144.47034953325044,220.82653295227863,17568
144.40147156254838,220.84252625442426,17569
144.33403989626896,220.85702228530377,17570
144.2680492435161,220.870027042351,17571
144.20349431262747,220.88154651885483,17572
144.14036981320695,220.8915867023094,17573
144.07867045810306,220.90015357280907,17574
144.0183909653339,220.90725310148702,17575
143.9595260599592,220.91289124899728,17576
143.90207047590073,220.9170739640394,17577
143.8460189577112,220.91980718192525,17578
143.79136626229314,220.92109682318767,17579
143.73810716056798,220.92094879222904,17580
143.68623643909626,220.9193689760113,17581
143.63574890165012,220.91636324278477,17582
143.58663937073834,220.91193744085604,17583
143.53890268908543,220.90609739739477,17584
143.4925337210646,220.8988489172774,17585
143.44752735408684,220.89019778196865,17586
143.40387849994522,220.88014974843878,17587
143.36158209611685,220.8687105481172,17588
143.32063310702245,220.8558858858811,17589
143.28102652524424,220.84168143907792,17590
143.24275737270352,220.82610285658288,17591
143.20582070179861,220.80915575788853,17592
143.17021159650338,220.7908457322277,17593
143.13592517342815,220.77117833772797,17594
143.10295658284298,220.7501591005977,17595
143.07130100966447,220.72779351434244,17596
143.0409536744069,220.704087039012,17597
143.01190983409836,220.6790451004762,17598
142.98416478316275,220.65267308973011,17599
142.95771385426818,220.62497636222744,17600
142.9325524191433,220.5959602372412,17601
142.90867588936078,220.56562999725193,17602
142.8860797170908,220.53399088736205,17603
142.86475939582323,220.50104811473636,17604
142.8447104610604,220.46680684806768,17605
142.8259284909814,220.43127221706757,17606
142.80840910707724,220.39444931198085,17607
142.79214797475927,220.35634318312424,17608
142.77714080394026,220.3169588404478,17609
142.76338334958942,220.27630125311939,17610
142.75087141226194,220.23437534913057,17611
142.7396008386037,220.19118601492505,17612
142.72956752183154,220.1467380950472,17613
142.72076740219003,220.10103639181202,17614
142.71319646738547,220.05408566499463,17615
142.70685075299727,220.00589063153967,17616
142.7017263428676,219.95645596528993,17617
142.69781936946978,219.90578629673348,17618
142.69512601425635,219.85388621276925,17619
142.69364250798688,219.80076025649026,17620
142.69336513103602,219.7464129269846,17621
142.6942902136831,219.6908486791529,17622
142.69641413638303,219.63407192354288,17623
142.69973333001914,219.57608702619956,17624
142.70424427613887,219.51689830853184,17625
142.70994350717228,219.45651004719386,17626
142.71682760663433,219.39492647398203,17627
142.72489320931103,219.33215177574593,17628
142.73413700143016,219.26819009431455,17629
142.74455572081672,219.20304552643543,17630
142.75614615703398,219.1367221237282,17631
142.7689051515103,219.06922389265108,17632
142.78282959765176,219.00055479448056,17633
142.79791644094186,218.9307187453034,17634
142.81416267902804,218.85971961602155,17635
142.83156536179513,218.78756123236863,17636
142.8501215914273,218.7142473749387,17637
142.8698285224575,218.63978177922613,17638
142.89068336180546,218.564168135677,17639
142.91268336880452,218.48741008975165,17640
142.93582585521747,218.40951124199754,17641
142.96010818524184,218.33047514813322,17642
142.98552777550472,218.25030531914211,17643
143.012082095048,218.16900522137672,17644
143.03976866530314,218.0865782766726,17645
143.0685850600573,218.00302786247195,17646
143.09852890540967,217.9183573119567,17647
143.12959787971909,217.83256991419103,17648
143.16178971354304,217.74566891427293,17649
143.19510218956796,217.6576575134944,17650
143.22953314253147,217.56853886951103,17651
143.2650804591365,217.4783160965197,17652
143.30174207795764,217.38699226544495,17653
143.33951598933967,217.2945704041337,17654
143.37840023528898,217.20105349755806,17655
143.41839290935732,217.10644448802643,17656
143.45949215651865,217.01074627540237,17657
143.50169617303908,216.91396171733135,17658
143.54500320633997,216.81609362947538,17659
143.5894115548541,216.71714478575527,17660
143.6349195678758,216.61711791860012,17661
143.6815256454041,216.51601571920497,17662
143.72922823798012,216.41384083779522,17663
143.77802584651778,216.3105958838988,17664
143.82791702212882,216.20628342662542,17665
143.8789003659415,216.10090599495317,17666
143.93097452891348,215.99446607802233,17667
143.98413821163876,215.88696612543635,17668
144.03839016414904,215.77840854756963,17669
144.09372918570892,215.66879571588308,17670
144.15015412460596,215.55812996324602,17671
144.2076638779343,215.44641358426568,17672
144.26625739137341,215.3336488356236,17673
144.32593365896082,215.21983793641886,17674
144.3866917228591,215.10498306851883,17675
144.44853067311766,214.98908637691676,17676
144.51144964742855,214.8721499700964,17677
144.57544783087678,214.754175920404,17678
144.64052445568518,214.63516626442726,17679
144.70667880095317,214.51512300338155,17680
144.77391019239022,214.3940481035035,17681
144.84221800204335,214.2719434964519,17682
144.91160164801886,214.14881107971573,17683
144.98206059419817,214.02465271702982,17684
145.0535943499479,213.89947023879796,17685
145.12620246982374,213.77326544252375,17686
145.1998845532681,213.64604009324876,17687
145.27464024430213,213.51779592399873,17688
145.35046923121087,213.3885346362375,17689
145.4273712462222,213.2582579003289,17690
145.50534606517948,213.12696735600676,17691
145.58439350720727,212.9946646128528,17692
145.66451343437046,212.8613512507832,17693
145.74570575132654,212.72702882054327,17694
145.82797040497056,212.59169884421064,17695
145.91130738407318,212.45536281570745,17696
145.99571671891135,212.31802220132076,17697
146.08119848089098,212.17967844023252,17698
146.16775278216275,212.04033294505808,17699
146.25537977522907,211.8999871023944,17700
146.34407965254363,211.7586422733773,17701
146.4338526461023,211.6162997942486,17702
146.52469902702583,211.4729609769327,17703
146.61661910513322,211.3286271096234,17704
146.70961322850673,211.18329945738043,17705
146.80368178304752,211.0369792627367,17706
146.8988251920217,210.8896677463156,17707
146.9950439155967,210.74136610745947,17708
147.09233845036795,210.5920755248684,17709
147.19070932887476,210.44179715725048,17710
147.29015711910654,210.29053214398337,17711
147.3906824239973,210.13828160578709,17712
147.49228588090978,209.9850466454088,17713
147.59496816110783,209.8308283483195,17714
147.69872996921714,209.67562778342273,17715
147.80357204267398,209.51944600377598,17716
147.9094951511617,209.3622840473244,17717
148.01650009603426,209.20414293764807,17718
148.124587709727,209.04502368472137,17719
148.23375885515392,208.88492728568687,17720
148.3440144250911,208.7238547256421,17721
148.45535534154635,208.56180697844047,17722
148.56778255511395,208.39878500750663,17723
148.68129704431462,208.2347897666657,17724
148.79589981492057,208.0698222009879,17725
148.91159189926432,207.90388324764749,17726
149.02837435553175,207.7369738367974,17727
149.14624826703874,207.56909489245942,17728
149.2652147414905,207.40024733342977,17729
149.38527491022379,207.23043207420133,17730
149.50642992743138,207.0596500259019,17731
149.62868096936808,206.88790209724903,17732
149.752029233538,206.71518919552238,17733
149.87647593786278,206.54151222755263,17734
150.00202231983013,206.36687210072836,17735
150.12866963562206,206.19126972402077,17736
150.25641915922265,206.01470600902644,17737
150.3852721815046,205.8371818710282,17738
150.5152300092941,205.65869823007554,17739
150.64629396441367,205.4792560120832,17740
150.7784653827022,205.29885614994967,17741
150.9117456130119,205.11749958469485,17742
151.04613601618152,204.93518726661796,17743
151.18163796398522,204.75192015647568,17744
151.3182528380569,204.56769922668036,17745
151.45598202878884,204.3825254625195,17746
151.5948269342047,204.19639986339618,17747
151.73478895880606,204.00932344409048,17748
151.87586951239197,203.82129723604328,17749
152.01807000885074,203.63232228866104,17750
152.16139186492384,203.4423996706438,17751
152.30583649894106,203.25153047133472,17752
152.45140532952638,203.05971580209308,17753
152.59809977427383,202.8669567976896,17754
152.7459212483934,202.6732546177257,17755
152.89487116332515,202.4786104480756,17756
153.04495092532287,202.28302550235279,17757
153.19616193400455,202.08650102339968,17758
153.34850558087078,201.88903828480215,17759
153.50198324778947,201.69063859242831,17760
153.6565963054472,201.49130328599134,17761
153.81234611176555,201.29103374063794,17762
153.9692340102828,201.08983136856116,17763
154.1272613285001,200.8876976206385,17764
154.28642937619142,200.68463398809556,17765
154.44673944367676,200.48064200419466,17766
154.60819280005845,200.2757232459497,17767
154.77079069141928,200.06987933586583,17768
154.93453433898304,199.86311194370583,17769
155.09942493723565,199.65542278828156,17770
155.2654636520073,199.4468136392719,17771
155.43265161851505,199.23728631906624,17772
155.60098993936475,199.02684270463453,17773
155.77047968251273,198.81548472942248,17774
155.9411218791861,198.60321438527365,17775
156.1129175217616,198.39003372437682,17776
156.2858675616025,198.17594486123954,17777
156.4599729068529,197.96094997468754,17778
156.6352344201901,197.7450513098893,17779
156.81165291653298,197.52825118040704,17780
156.9892291607074,197.3105519702723,17781
157.1679638650685,197.09195613608682,17782
157.34785768707815,196.87246620914877,17783
157.52891122683891,196.65208479760327,17784
157.7111250245837,196.4308145886173,17785
157.89449955812057,196.20865835057887,17786
158.0790352402331,195.98561893531974,17787
158.2647324160364,195.76169928036143,17788
158.4515913602877,195.53690241118426,17789
158.63961227465293,195.31123144351835,17790
158.82879528492796,195.08468958565697,17791
159.01914043821571,194.85728014079098,17792
159.2106477000584,194.6290065093639,17793
159.40331695152577,194.39987219144717,17794
159.59714798625907,194.16988078913457,17795
159.7921405074714,193.93903600895578,17796
159.98829412490426,193.7073416643069,17797
160.18560835174173,193.47480167789925,17798
160.3840826014815,193.24142008422285,17799
160.58371618476417,193.00720103202613,17800
160.78450830616111,192.77214878680957,17801
160.98645806092148,192.53626773333252,17802
161.1895644316793,192.29956237813172,17803
161.39382628512158,192.0620373520512,17804
161.59924236861778,191.8236974127818,17805
161.8058113068122,191.58454744740882,17806
162.01353159818007,191.34459247496687,17807
162.22240161154855,191.10383764900092,17808
162.4324195825838,190.86228826013053,17809
162.64358361024574,190.61994973861786,17810
162.85589165321116,190.3768276569363,17811
163.06934152626778,190.13292773233846,17812
163.2839308966798,189.88825582942238,17813
163.4996572805275,189.64281796269336,17814
163.71651803902188,189.3966202991203,17815
163.93451037479716,189.1496691606838,17816
164.1536313281822,188.90197102691502,17817
164.3738777734538,188.65353253742245,17818
164.59524641507343,188.40436049440504,17819
164.81773378391017,188.1544618651488,17820
165.04133623345223,187.9038437845057,17821
165.2660499360095,187.6525135573514,17822
165.4918708789095,187.4004786610203,17823
165.71879486069082,187.14774674771473,17824
165.94681748729488,186.89432564688647,17825
166.17593416826108,186.64022336758768,17826
166.40614011292712,186.38544810078832,17827
166.63743032663848,186.1300082216576,17828
166.86979960697042,185.87391229180696,17829
167.10324253996518,185.6171690614914,17830
167.33775349638935,185.35978747176594,17831
167.57332662801412,185.1017766565953,17832
167.80995586392262,184.8431459449123,17833
168.0476349068486,184.58390486262323,17834
168.28635722955013,184.32406313455664,17835
168.5261160712227,184.0636306863516,17836
168.76690443395617,183.80261764628358,17837
169.00871507923978,183.54103434702398,17838
169.25154052452038,183.27889132732872,17839
169.4953730398175,183.01619933365572,17840
169.7402046444009,182.75296932170485,17841
169.98602710353515,182.48921245787727,17842
170.23283192529624,182.22494012065374,17843
170.48061035746525,181.96016390188396,17844
170.72935338450404,181.69489560798652,17845
170.97905172461842,181.42914726105604,17846
171.22969582691428,181.16293109987006,17847
171.48127586865115,180.8962595807996,17848
171.73378175259975,180.6291453786123,17849
171.98720310450824,180.36160138716443,17850
172.24152927068278,180.09364071998968,17851
172.49674931568794,179.8252767107847,17852
172.7528520201736,179.5565229137143,17853
173.00982587883172,179.28739310369386,17854
173.26765909849047,179.01790127646407,17855
173.52633959635116,178.7480616485787,17856
173.78585499837243,178.4778886572437,17857
174.04619263780882,178.20739696002934,17858
174.30733955390787,177.9366014344424,17859
174.56928249077234,177.66551717735587,17860
174.8320078963927,177.39415950429557,17861
175.09550192185455,177.1225439485796,17862
175.35975042072832,176.85068626030628,17863
175.6247389486436,176.57860240519247,17864
175.8904527630565,176.3063085632531,17865
176.15687682321212,176.0338211273261,17866
176.42399579030848,175.76115670143415,17867
176.69179402786816,175.48833209898686,17868
176.96025560231863,175.21536434081625,17869
177.22936428378824,174.94227065304707,17870
177.4991035471238,174.66906846479887,17871
177.7694565731281,174.39577540571787,17872
178.04040625002818,174.12240930333803,17873
178.31193517517283,173.84898818026974,17874
178.5840256569663,173.57553025121436,17875
178.85665971703654,173.3020539198057,17876
179.12981909264656,173.02857777527527,17877
179.40348523935123,172.7551205889436,17878
179.67763933389264,172.4817013105345,17879
179.95226227735552,172.20833906431474,17880
180.22733469853316,171.93505314505836,17881
180.50283695764003,171.66186301383604,17882
180.77874915013845,171.3887882936303,17883
181.0550511109312,171.11584876477806,17884
181.33172241875465,170.84306436024116,17885
181.6087424008369,170.57045516070636,17886
181.8860901378062,170.29804138951746,17887
182.1637444688523,170.0258434074401,17888
182.44168399713863,169.75388170726285,17889
182.71988709545906,169.4821769082367,17890
182.99833191214833,169.2107497503552,17891
183.27699637723057,168.9396210884794,17892
183.5558582088125,168.66881188631027,17893
183.83489491971466,168.3983432102121,17894
184.11408382433657,168.12823622289147,17895
184.39340204575225,167.8585121769356,17896
184.67282652303265,167.58919240821402,17897
184.95233401878892,167.3202983291492,17898
185.2319011269305,167.05185142186042,17899
185.51150428063397,166.78387323118642,17900
185.79111976051564,166.51638535759204,17901
186.07072370300116,166.2494094499648,17902
186.35029210888524,165.98296719830716,17903
186.62980085207363,165.7170803263307,17904
186.90922568850195,165.4517705839584,17905
187.18854226521907,165.1870597397423,17906
187.46772612963127,164.92296957320215,17907
187.7467527388939,164.65952186709313,17908
188.0255974694451,164.39673839960932,17909
188.30423562667,164.13464093652996,17910
188.58264245468607,163.87325122331677,17911
188.86079314623947,163.61259097716902,17912
189.13866285270305,163.35268187904487,17913
189.41622669416375,163.09354556565617,17914
189.69345976959022,162.83520362144586,17915
189.97033716706875,162.57767757055393,17916
190.2468339740963,162.32098886878276,17917
190.52292528792043,162.06515889556755,17918
190.79858622591271,161.81020894596188,17919
191.0737919359661,161.55616022264547,17920
191.3485176069032,161.30303382796333,17921
191.62273847888392,161.05085075600377,17922
191.89642985380175,160.79963188472402,17923
192.16956710565515,160.54939796813173,17924
192.44212569088393,160.30016962853006,17925
192.7140811586574,160.05196734883486,17926
192.98540916110417,159.80481146497186,17927
193.25608546347044,159.55872215836172,17928
193.5260859541962,159.31371944850068,17929
193.7953866548978,159.0698231856448,17930
194.06396373024558,158.82705304360462,17931
194.33179349772536,158.58542851265872,17932
194.5988524372733,158.34496889259216,17933
194.86511720077348,158.10569328586746,17934
195.13056462140716,157.86762059093516,17935
195.3951717228447,157.63076949568975,17936
195.65891572826953,157.39515847107788,17937
195.92177406922468,157.16080576486536,17938
196.18372439427327,156.9277293955675,17939
196.44474457746352,156.69594714655003,17940
196.70481272658984,156.46547656030455,17941
196.9639071912425,156.2363349329047,17942
197.22200657063695,156.008539308647,17943
197.47908972121712,155.78210647488123,17944
197.7351357640238,155.55705295703473,17945
197.99012409182365,155.33339501383378,17946
198.24403437599088,155.1111486327267,17947
198.49684657313776,154.89032952551108,17948
198.74854093148673,154.6709531241683,17949
198.99909799698185,154.45303457690815,17950
199.24849861913268,154.23658874442577,17951
199.49672395658897,154.02163019637294,17952
199.7437554824417,153.80817320804496,17953
199.9895749892473,153.59623175728538,17954
200.2341645937737,153.38581952160848,17955
200.47750674146516,153.17694987554094,17956
200.71958421062507,152.96963588818315,17957
200.960380116315,152.76389032098973,17958
201.19987791397017,152.5597256257691,17959
201.43806140273026,152.35715394290224,17960
201.67491472848653,152.15618709977883,17961
201.91042238664537,151.95683660945068,17962
202.14456922460982,151.75911366949967,17963
202.37734044398007,151.56302916112028,17964
202.60872160247493,151.36859364841334,17965
202.83869861557704,151.17581737788925,17966
203.06725775790358,150.98471027817854,17967
203.29438566430585,150.79528195994664,17968
203.52006933070143,150.60754171601008,17969
203.74429611464168,150.42149852165102,17970
203.96705373561923,150.23716103512675,17971
204.18833027511965,150.05453759837067,17972
204.40811417642107,149.8736362378806,17973
204.62639424414797,149.69446466579106,17974
204.84315964358257,149.51703028112522,17975
205.05839989974012,149.34134017122187,17976
205.27210489621362,149.16740111333394,17977
205.4842648737929,148.9952195763928,17978
205.69487042886468,148.82480172293478,17979
205.90391251159943,148.6561534111848,17980
206.11138242393108,148.48928019729175,17981
206.3172718173361,148.32418733771152,17982
206.52157269041845,148.16087979173196,17983
206.7242773863068,147.99936222413504,17984
206.92537858987072,147.839639007991,17985
207.12486932476276,147.68171422757902,17986
207.32274295029328,147.52559168142974,17987
207.51899315814424,147.37127488548373,17988
207.7136139689296,147.21876707636102,17989
207.90659972860905,147.06807121473648,17990
208.09794510476155,146.91918998881525,17991
208.28764508272607,146.77212581790377,17992
208.47569496161623,146.62688085607022,17993
208.66209035021572,146.48345699588995,17994
208.8468271627613,146.3418558722702,17995
209.02990161461983,146.20207886634938,17996
209.21131021786712,146.06412710946506,17997
209.39104977677349,145.928001487187,17998
209.5691173832043,145.79370264340852,17999
209.74551041194067,145.66123098449287,18000
209.9202265159277,145.53058668346858,18001
210.0932636214555,145.40176968427,18002
210.26461992327995,145.27477970601757,18003
210.43429387968902,145.14961624733374,18004
210.6022842075202,145.02627859069005,18005
210.76858987713524,144.90476580678066,18006
210.9332101073576,144.78507675891828,18007
211.09614436037845,144.66721010744848,18008
211.25739233663583,144.55116431417775,18009
211.41695396967322,144.43693764681237,18010
211.57482942098167,144.32452818340286,18011
211.7310190748308,144.21393381679172,18012
211.88552353309373,144.10515225905957,18013
212.03834361006977,143.99818104596736,18014
212.18948032731006,143.8930175413901,18015
212.33893490845006,143.78965894174004,18016
212.48670877405306,143.68810228037503,18017
212.63280353646894,143.58834443198995,18018
212.77722099471148,143.49038211698777,18019
212.91996312935848,143.3942119058276,18020
213.06103209747772,143.2998302233471,18021
213.2004302275824,143.20723335305678,18022
213.338160014619,143.11641744140346,18023
213.474224114991,143.027378502001,18024
213.60862534162052,142.94011241982562,18025
213.74136665905203,142.8546149553744,18026
213.87245117859894,142.77088174878386,18027
214.0018821535371,142.68890832390827,18028
214.12966297434653,142.60869009235458,18029
214.25579716400387,142.5302223574729,18030
214.3802883733278,142.45350031830125,18031
214.50314037637855,142.37851907346254,18032
214.62435706591455,142.30527362501263,18033
214.74394244890615,142.23375888223887,18034
214.8619006421099,142.1639696654067,18035
214.97823586770272,142.0959007094545,18036
215.0929524489789,142.0295466676348,18037
215.20605480611016,141.96490211510178,18038
215.31754745197,141.90196155244345,18039
215.42743498802366,141.84071940915837,18040
215.53572210028366,141.78117004707605,18041
215.64241355533264,141.7233077637207,18042
215.7475141964135,141.66712679561735,18043
215.85102893958754,141.61262132154053,18044
215.95296276996086,141.55978546570466,18045
216.0533207379801,141.50861330089668,18046
216.1521079557966,141.4590988515493,18047
216.2493295937003,141.41123609675626,18048
216.3449908766229,141.3650189732286,18049
216.4390970807103,141.32044137819236,18050
216.53165352996484,141.27749717222713,18051
216.6226655929565,141.23618018204638,18052
216.7121386796033,141.19648420321897,18053
216.8000782380209,141.1584030028326,18054
216.88648975144065,141.12193032209885,18055
216.97137873519625,141.0870598789004,18056
217.05475073377792,141.05378537028113,18057
217.1366113179546,141.0221004748784,18058
217.21696608196297,140.99199885529893,18059
217.2958206407631,140.96347416043824,18060
217.37318062736014,140.93652002774385,18061
217.44905169019128,140.91113008542348,18062
217.52343949057754,140.88729795459807,18063
217.59634970023987,140.86501725140002,18064
217.66778799887828,140.84428158901824,18065
217.737760071814,140.8250845796895,18066
217.80627160769347,140.80741983663705,18067
217.87332829625348,140.79128097595753,18068
217.9389358261467,140.7766616184559,18069
218.00309988282675,140.76355539143032,18070
218.06582614649227,140.75195593040627,18071
218.1271202900882,140.74185688082179,18072
218.18698797736502,140.7332518996635,18073
218.24543486099336,140.72613465705516,18074
218.30246658073406,140.72049883779857,18075
218.35808876166303,140.71633814286795,18076
218.41230701244885,140.71364629085863,18077
218.46512692368353,140.71241701939053,18078
218.51655406626443,140.7126440864674,18079
218.56659398982723,140.71432127179222,18080
218.61525222122853,140.71744237804012,18081
218.6625342630773,140.7220012320888,18082
218.70844559231415,140.72799168620782,18083
218.75299165883794,140.73540761920734,18084
218.7961778841779,140.74424293754674,18085
218.83800966021155,140.75449157640452,18086
218.87849234792643,140.76614750070934,18087
218.91763127622508,140.77920470613398,18088
218.95543174077275,140.79365722005213,18089
218.99189900288638,140.809499102459,18090
219.02703828846424,140.82672444685664,18091
219.06085478695513,140.8453273811047,18092
219.09335365036677,140.86530206823693,18093
219.1245399923116,140.88664270724468,18094
219.15441888709017,140.9093435338277,18095
219.1829953688103,140.93339882111326,18096
219.21027443054206,140.95880288034408,18097
219.2362610235067,140.98555006153555,18098
219.26096005629978,141.01363475410372,18099
219.28437639414707,141.04305138746344,18100
219.3065148581922,141.07379443159874,18101
219.32738022481593,141.105858397605,18102
219.3469772249858,141.1392378382039,18103
219.36531054363545,141.17392734823224,18104
219.3823848190728,141.20992156510437,18105
219.39820464241677,141.24721516924944,18106
219.41277455706103,141.28580288452446,18107
219.4260990581648,141.32567947860232,18108
219.4381825921695,141.36683976333703,18109
219.44902955634095,141.4092785951057,18110
219.4586442983359,141.45299087512797,18111
219.4670311157929,141.49797154976415,18112
219.47419425594603,141.54421561079124,18113
219.4801379152619,141.59171809565885,18114
219.4848662390981,141.6404740877243,18115
219.4883833213833,141.69047871646865,18116
219.49069320431838,141.74172715769245,18117
219.4917998780974,141.79421463369374,18118
219.4917072806484,141.84793641342705,18119
219.49041929739323,141.9028878126448,18120
219.4879397610259,141.95906419402118,18121
219.48427245130893,142.01646096725932,18122
219.47942109488702,142.07507358918147,18123
219.47338936511784,142.1348975638036,18124
219.46618088191894,142.19592844239392,18125
219.45779921163103,142.25816182351613,18126
219.44824786689614,142.32159335305786,18127
219.43753030655145,142.38621872424469,18128
219.42564993553685,142.45203367763955,18129
219.41261010481747,142.51903400112877,18130
219.39841411131903,142.5872155298944,18131
219.38306519787702,142.65657414637346,18132
219.36656655319845,142.7271057802043,18133
219.34892131183625,142.79880640816063,18134
219.33013255417538,142.8716720540732,18135
219.31020330643105,142.94569878873963,18136
219.28913654065792,143.02088272982257,18137
219.2669351747706,143.0972200417368,18138
219.2436020725744,143.17470693552477,18139
219.21914004380704,143.25333966872185,18140
219.19355184418956,143.33311454521066,18141
219.1668401754876,143.4140279150653,18142
219.13900768558196,143.49607617438525,18143
219.11005696854775,143.57925576511965,18144
219.07999056474333,143.66356317488192,18145
219.04881096090728,143.7489949367545,18146
219.01652059026347,143.835547629085,18147
218.98312183263494,143.92321787527274,18148
218.94861701456517,144.01200234354667,18149
218.91300840944717,144.10189774673444,18150
218.87629823765985,144.19290084202296,18151
218.838488666712,144.28500843071052,18152
218.79958181139295,144.37821735795072,18153
218.75957973393022,144.47252451248823,18154
218.71848444415392,144.56792682638633,18155
218.67629789966776,144.6644212747471,18156
218.63302200602624,144.76200487542323,18157
218.5886586169182,144.8606746887226,18158
218.5432095343564,144.96042781710523,18159
218.49667650887312,145.0612614048724,18160
218.44906123972171,145.16317263784907,18161
218.4003653750835,145.26615874305824,18162
218.35059051228095,145.37021698838868,18163
218.29973819799565,145.47534468225504,18164
218.24780992849244,145.58153917325106,18165
218.19480714984837,145.68879784979578,18166
218.1407312581873,145.7971181397726,18167
218.0855835999196,145.90649751016107,18168
218.0293654719872,146.01693346666238,18169
217.97207812211354,146.12842355331713,18170
217.91372274905893,146.24096535211694,18171
217.85430050288073,146.35455648260844,18172
217.79381248519874,146.46919460149076,18173
217.7322597494658,146.5848774022059,18174
217.669643301243,146.70160261452241,18175
217.60596409848048,146.81936800411177,18176
217.54122305180272,146.93817137211812,18177
217.47542102479957,147.05801055472074,18178
217.40855883432175,147.17888342268967,18179
217.34063725078195,147.30078788093422,18180
217.2716569984608,147.42372186804417,18181
217.2016187558183,147.54768335582423,18182
217.13052315581047,147.67267034882073,18183
217.0583707862112,147.79868088384146,18184
216.98516218993973,147.925713029468,18185
216.91089786539357,148.0537648855604,18186
216.83557826678683,148.18283458275494,18187
216.75920380449458,148.31292028195335,18188
216.68177484540251,148.44402017380554,18189
216.60329171326302,148.5761324781835,18190
216.5237546890568,148.70925544364775,18191
216.4431640113609,148.84338734690618,18192
216.36151987672287,148.97852649226394,18193
216.27882244004132,149.11467121106588,18194
216.195071814953,149.25181986113046,18195
216.11026807422664,149.38997082617502,18196
216.02441125016355,149.52912251523256,18197
215.93750133500538,149.66927336206,18198
215.8495382813487,149.81042182453734,18199
215.7605220025674,149.95256638405803,18200
215.67045237324234,150.09570554491006,18201
215.57932922959895,150.2398378336479,18202
215.4871523699526,150.38496179845464,18203
215.39392155516214,150.5310760084953,18204
215.29963650909207,150.67817905325938,18205
215.20429691908305,150.82626954189425,18206
215.10790243643123,150.97534610252814,18207
215.01045267687712,151.12540738158296,18208
214.91194722110293,151.27645204307623,18209
214.81238561524054,151.42847876791322,18210
214.71176737138833,151.58148625316736,18211
214.61009196813885,151.7354732113502,18212
214.50735885111655,151.89043836967008,18213
214.40356743352604,152.04638046927917,18214
214.29871709671193,152.20329826450907,18215
214.19280719072913,152.36119052209474,18216
214.08583703492525,152.52005602038608,18217
213.9778059185348,152.67989354854757,18218
213.86871310128564,152.8407019057454,18219
213.7585578140176,153.00247990032184,18220
213.64733925931455,153.16522634895713,18221
213.53505661214925,153.32894007581763,18222
213.42170902054187,153.4936199116914,18223
213.30729560623266,153.6592646931099,18224
213.19181546536853,153.82587326145574,18225
213.07526766920455,153.99344446205706,18226
212.95765126482044,154.1619771432672,18227
212.83896527585247,154.33147015553018,18228
212.7192087032411,154.5019223504316,18229
212.59838052599497,154.67333257973428,18230
212.47647970197147,154.84569969439954,18231
212.3535051686743,155.0190225435924,18232
212.22945584406838,155.19329997367163,18233
212.104330627413,155.36853082716394,18234
211.97812840011272,155.54471394172208,18235
211.85084802658773,155.72184814906703,18236
211.72248835516257,155.8999322739131,18237
211.5930482189752,156.07896513287685,18238
211.4625264369059,156.2589455333691,18239
211.3309218145264,156.43987227246947,18240
211.19823314507062,156.6217441357838,18241
211.0644592104265,156.80455989628405,18242
210.92959878214978,156.98831831313015,18243
210.79365062250056,157.17301813047416,18244
210.6566134855023,157.358658076246,18245
210.51848611802458,157.545236860921,18246
210.3792672608897,157.7327531762685,18247
210.23895565000348,157.92120569408203,18248
210.09755001751134,158.11059306489028,18249
209.95504909297912,158.30091391664894,18250
209.81145160460065,158.4921668534132,18251
209.6667562804308,158.6843504539908,18252
209.52096184964634,158.87746327057516,18253
209.37406704383318,159.07150382735912,18254
209.22607059830258,159.26647061912817,18255
209.07697125343495,159.462362109834,18256
208.9267677560528,159.65917673114743,18257
208.77545886082353,159.8569128809912,18258
208.62304333169146,160.05556892205217,18259
208.46951994334057,160.25514318027308,18260
208.31488748268845,160.45563394332345,18261
208.15914475041106,160.6570394590496,18262
208.00229056249998,160.85935793390436,18263
207.8443237518515,161.06258753135538,18264
207.68524316988893,161.26672637027272,18265
207.52504768821802,161.47177252329575,18266
207.3637362003164,161.6777240151786,18267
207.2013076232568,161.88457882111504,18268
207.03776089946547,162.09233486504263,18269
206.87309499851537,162.30099001792541,18270
206.70730891895485,162.51054209601628,18271
206.54040169017264,162.7209888590985,18272
206.3723723742987,162.9323280087066,18273
206.20322006814206,163.1445571863266,18274
206.0329439051657,163.3576739715762,18275
205.8615430574988,163.57167588036432,18276
205.68901673798678,163.7865603630311,18277
205.51536420227933,164.00232480246774,18278
205.34058475095694,164.21896651221678,18279
205.16467773169597,164.43648273455332,18280
204.9876425414724,164.65487063854692,18281
204.80947862880512,164.87412731810483,18282
204.63018549603794,165.09424978999695,18283
204.44976270166157,165.31523499186278,18284
204.26820986267467,165.53707978020046,18285
204.08552665698505,165.75978092833896,18286
203.9017128258504,165.98333512439345,18287
203.7167681763586,166.2077389692043,18288
203.53069258394828,166.43298897426058,18289
203.34348599496886,166.65908155960807,18290
203.1551484292802,166.88601305174313,18291
202.96567998289197,167.11377968149245,18292
202.77508083064242,167.34237758187962,18293
202.58335122891643,167.57180278597866,18294
202.390491518402,167.8020512247569,18295
202.19650212688606,168.03311872490553,18296
202.00138357208834,168.26500100666095,18297
201.80513646453267,168.49769368161617,18298
201.60776151045653,168.73119225052423,18299
201.40925951475666,168.96549210109393,18300
201.20963138397178,169.2005885057792,18301
201.00887812930023,169.43647661956308,18302
200.80700086965334,169.6731514777371,18303
200.60400083474232,169.91060799367804,18304
200.39987936819927,170.14884095662217,18305
200.19463793072978,170.38784502943872,18306
199.988278103298,170.62761474640408,18307
199.7808015903414,170.86814451097794,18308
199.5722102230154,171.10942859358212,18309
199.36250596246543,171.3514611293844,18310
199.1516909031269,171.59423611608827,18311
198.93976727604948,171.8377474117303,18312
198.7267374522462,172.08198873248705,18313
198.51260394606481,172.32695365049184,18314
198.29736941857985,172.5726355916652,18315
198.08103668100415,172.8190278335585,18316
197.8636086981174,173.06612350321453,18317
197.64508859171033,173.31391557504463,18318
197.42547964404244,173.5623968687267,18319
197.20478530131098,173.81156004712423,18320
196.98300917712885,174.06139761422946,18321
196.76015505601026,174.31190191313064,18322
196.5362268968597,174.56306512400943,18323
196.31122883646404,174.81487926216593,18324
196.0851651929837,175.06733617607702,18325
195.85804046944003,175.32042754548831,18326
195.62985935719792,175.57414487954279,18327
195.40062673943802,175.82847951494853,18328
195.17034769461844,176.08342261418713,18329
194.93902749992026,176.33896516376612,18330
194.70667163467584,176.59509797251673,18331
194.4732857837746,176.85181166994147,18332
194.23887584104511,177.10909670461095,18333
194.00344791260727,177.366943342616,18334
193.76700832019387,177.62534166607526,18335
193.52956360443514,177.88428157170011,18336
193.29112052810478,178.14375276942468,18337
193.05168607932185,178.40374478109618,18338
192.8112674747054,178.66424693923304,18339
192.56987216247748,178.92524838585595,18340
192.3275078255104,179.18673807138487,18341
192.08418238431423,179.44870475361776,18342
191.83990399995966,179.71113699678338,18343
191.5946810769319,179.97402317068878,18344
191.34852226591198,180.2373514498542,18345
191.1014364664795,180.5011098129946,18346
190.85343282973332,180.76528604222892,18347
190.6045207608248,181.02986772265675,18348
190.3547099213994,181.29484224192046,18349
190.10401023194117,181.56019678988,18350
189.85243187401596,181.82591835838875,18351
189.59998529240815,182.09199374117517,18352
189.34668119714578,182.35840953382407,18353
189.09253056540953,182.62515213387266,18354
188.8375446433206,182.8922077410105,18355
188.58173494760217,183.15956235739955,18356
188.3251132671093,183.4272017881028,18357
188.06769166422384,183.69511164163893,18358
187.80948247610706,183.96327733065064,18359
187.5504983158068,184.23168407270035,18360
187.2907520732144,184.5003168911898,18361
187.0302569158651,184.76916061640736,18362
186.76902628957828,185.0381998867045,18363
186.5070739189331,185.3074191498038,18364
186.24441380757398,185.57680266424168,18365
185.98106023834217,185.84633450094518,18366
185.7170277732281,186.11599854494662,18367
185.4523312531416,186.3857784972359,18368
185.18698579749446,186.65565787675482,18369
184.9210068035923,186.9256200225311,18370
184.65440994583045,187.19564809595587,18371
184.38721117469163,187.4657250832054,18372
184.11942671554158,187.73583379780717,18373
183.8510730672184,188.00595688335122,18374
183.58216700041243,188.2760768163488,18375
183.3127255558352,188.54617590923672,18376
183.0427660421727,188.81623631352932,18377
182.7723060338224,189.08624002311743,18378
182.50136336840882,189.3561688777147,18379
182.22995614407967,189.6260045664507,18380
181.95810271657726,189.89572863161064,18381
181.6858216960845,190.16532247252167,18382
181.41313194384563,190.43476734958332,18383
181.1400525685602,190.70404438844338,18384
180.86660292254757,190.9731345843163,18385
180.59280259768528,191.24201880644344,18386
180.3186714211185,191.51067780269346,18387
180.04422945072156,191.77909220430146,18388
179.76949697044384,192.04724253074403,18389
179.4944944851558,192.31510919474928,18390
179.21924271564333,192.58267250743754,18391
178.94376259308137,192.84991268359275,18392
178.66807525342418,193.11680984705862,18393
178.39220203153982,193.38334403625953,18394
178.11616445513977,193.6494952098407,18395
177.83998423848894,193.91524325242483,18396
177.56368327591076,194.18056798048207,18397
177.28728363508426,194.4454491483093,18398
177.01080755014308,194.70986645411315,18399
176.7342774145766,194.97379954619512,18400
176.45771577393964,195.23722802923172,18401
176.18114531837657,195.50013147064675,18402
175.90458887496635,195.76248940707006,18403
175.62806939989107,196.02428135087774,18404
175.3516099704394,196.28548679680884,18405
175.0752337768473,196.54608522865277,18406
174.79896411398528,196.80605612600263,18407
174.52282437289955,197.0653789710677,18408
174.24683803221401,197.32403325554006,18409
173.97102864940103,197.5819984875092,18410
173.6954198519306,197.83925419841796,18411
173.4200353283047,198.09577995005415,18412
173.14489881898692,198.35155534157175,18413
172.87003410723545,198.606560016534,18414
172.59546500984965,198.86077366997304,18415
172.32121536783882,199.11417605545947,18416
172.04730903702327,199.36674699217394,18417
171.77376987857795,199.61846637197527,18418
171.50062174952703,199.869314166458,18419
171.22788849320196,200.11927043399209,18420
170.95559392967075,200.36831532673847,18421
170.683761846151,200.61642909763316,18422
170.41241598741544,200.8635921073336,18423
170.14158004620126,201.10978483111973,18424
169.8712776536336,201.3549878657437,18425
169.60153236967366,201.59918193622087,18426
169.33236767360194,201.8423479025557,18427
169.06380695454683,202.084466766396,18428
168.7958735020696,202.32551967760833,18429
168.52859049681518,202.5654879407693,18430
168.26198100124,202.80435302156482,18431
167.99606795042615,203.04209655309262,18432
167.73087414299243,203.27870034206074,18433
167.4664222321118,203.51414637487665,18434
167.20273471664478,203.74841682362094,18435
166.93983393239898,203.98149405189977,18436
166.67774204352276,204.2133606205711,18437
166.4164810340434,204.44399929333872,18438
166.15607269955743,204.6733930422094,18439
165.8965386390821,204.9015250528079,18440
165.63790024707657,205.12837872954563,18441
165.38017870563957,205.35393770063754,18442
165.12339497689243,205.57818582296434,18443
164.86756979555403,205.8011071867742,18444
164.61272366171474,206.0226861202219,18445
164.35887683381569,206.24290719374042,18446
164.10604932184043,206.46175522424278,18447
163.8542608807236,206.67921527914982,18448
163.6035310039831,206.89527268024253,18449
163.35387891758063,207.10991300733482,18450
163.1053235740146,207.3231221017659,18451
162.85788364665086,207.53488606970896,18452
162.61157752429457,207.74519128529508,18453
162.36642330600614,207.95402439355098,18454
162.1224387961655,208.1613723131483,18455
161.87964149978694,208.36722223896513,18456
161.638048618086,208.57156164445718,18457
161.39767704430184,208.7743782838397,18458
161.1585433597753,208.9756601940786,18459
160.92066383028433,209.1753956966923,18460
160.68405440263734,209.37357339936293,18461
160.44873070152497,209.57018219735866,18462
160.21470802662978,209.7652112747676,18463
159.98200134999428,209.95865010554405,18464
159.75062531364506,210.15048845436849,18465
159.52059422747368,210.340716377323,18466
159.2919220673711,210.52932422238342,18467
159.064622473615,210.7163026297306,18468
158.83870874950722,210.90164253188243,18469
158.61419386025887,211.08533515364914,18470
158.39109043212048,211.26737201191463,18471
158.16941075175416,211.447744915246,18472
157.94916676584404,211.62644596333456,18473
157.7303700809414,211.80346754627132,18474
157.51303196354115,211.97880234365994,18475
157.2971633403847,212.1524433235704,18476
157.08277479898533,212.3243837413374,18477
156.86987658837137,212.49461713820673,18478
156.6584786200424,212.66313733983273,18479
156.44859046913336,212.82993845463236,18480
156.24022137578166,212.99501487199785,18481
156.03338024669168,213.1583612603734,18482
155.82807565689143,213.3199725651994,18483
155.6243158516756,213.47984400672857,18484
155.42210874872947,213.63797107771822,18485
155.22146194042776,213.79434954100293,18486
155.02238269630251,213.94897542695233,18487
154.8248779656739,214.10184503081783,18488
154.62895438043824,214.25295490997328,18489
154.43461825800696,214.4023018810539,18490
154.24187560438986,214.54988301699768,18491
154.05073211741774,214.69569564399424,18492
153.86119319009669,214.83973733834534,18493
153.6732639140892,214.98200592324142,18494
153.4869490833148,215.12249946545916,18495
153.30225319766518,215.26121627198398,18496
153.11918046682638,215.39815488656228,18497
152.93773481420322,215.53331408618757,18498
152.757919880939,215.66669287752518,18499
152.5797390300249,215.79829049327958,18500
152.40319535049298,215.92810638850855,18501
152.22829166168682,216.05614023688892,18502
152.05503051760482,216.18239192693747,18503
151.88341421130892,216.306861558191,18504
151.7134447793945,216.4295494373506,18505
151.5451240065156,216.55045607439283,18506
151.37845342995956,216.66958217865226,18507
151.2134343442663,216.78692865487932,18508
151.05006780588695,216.90249659927719,18509
150.88835463787677,217.0162872955204,18510
150.728295434617,217.1283022107605,18511
150.56989056656167,217.23854299162008,18512
150.41314018500384,217.3470114601807,18513
150.25804422685724,217.4537096099661,18514
150.10460241944844,217.55863960192497,18515
149.95281428531595,217.6618037604161,18516
149.80267914701128,217.76320456919873,18517
149.65419613189846,217.86284466743112,18518
149.50736417694816,217.96072684568006,18519
149.3621820335221,218.05685404194398,18520
149.21864827214512,218.1512293376923,18521
149.0767612872606,218.24385595392343,18522
148.93651930196594,218.33473724724377,18523
148.79792037272605,218.42387670597017,18524
148.6609623940598,218.51127794625776,18525
148.5256431031986,218.59694470825534,18526
148.39196008471322,218.6808808522905,18527
148.25991077510594,218.76309035508586,18528
148.1294924673664,218.84357730600905,18529
148.00070231548852,218.92234590335707,18530
147.87353733894565,218.99940045067748,18531
147.7479944271227,219.07474535312755,18532
147.62407034370244,219.14838511387296,18533
147.5017617310049,219.22032433052715,18534
147.3810651142775,219.29056769163267,18535
147.26197690593452,219.35911997318618,18536
147.14449340974443,219.425986035207,18537
147.02861082496355,219.49117081835138,18538
146.91432525041486,219.55467934057333,18539
146.80163268851078,219.61651669383147,18540
146.69052904921844,219.67668804084485,18541
146.5810101539674,219.7351986118963,18542
146.47307173949767,219.79205370168566,18543
146.36670946164827,219.84725866623214,18544
146.26191889908495,219.90081891982732,18545
146.15869555696705,219.95273993203847,18546
146.05703487055243,220.0030272247628,18547
145.9569322087402,220.05168636933323,18548
145.85838287755098,220.09872298367551,18549
145.76138212354448,220.14414272951717,18550
145.6659251371737,220.18795130964807,18551
145.5720070560761,220.23015446523328,18552
145.47962296830158,220.2707579731776,18553
145.38876791547688,220.30976764354216,18554
145.2994368959068,220.34718931701303,18555
145.2116248676124,220.38302886242153,18556
145.12532675130578,220.41729217431606,18557
145.04053743330252,220.44998517058588,18558
144.95725176837112,220.48111379013574,18559
144.8754645825204,220.51068399061157,18560
144.7951706757248,220.53870174617725,18561
144.71636482458834,220.5651730453415,18562
144.63904178494752,220.59010388883465,18563
144.56319629441307,220.61350028753589,18564
144.48882307485243,220.63536826044881,18565
144.41591683481184,220.65571383272672,18566
144.34447227187985,220.67454303374558,18567
144.27448407499222,220.69186189522568,18568
144.2059469266793,220.70767644940008,18569
144.13885550525583,220.72199272723054,18570
144.07320448695464,220.73481675666937,18571
144.00898854800437,220.7461545609675,18572
143.94620236665224,220.75601215702798,18573
143.8848406251323,220.76439555380352,18574
143.8248980115805,220.77131075073925,18575
143.7663692218963,220.77676373625792,18576
143.70924896155296,220.78076048628895,18577
143.65353194735604,220.78330696283925,18578
143.59921290915156,220.78440911260594,18579
143.54628659148474,220.7840728656303,18580
143.49474775520957,220.78230413399186,18581
143.44459117905058,220.77910881054254,18582
143.3958116611172,220.77449276767982,18583
143.3484040203721,220.76846185615847,18584
143.3023630980537,220.76102190394013,18585
143.25768375905403,220.75217871508013,18586
143.21436089325258,220.74193806865082,18587
143.17238941680768,220.73030571770082,18588
143.1317642734048,220.7172873882496,18589
143.0924804354643,220.70288877831652,18590
143.05453290530806,220.68711555698397,18591
143.0179167162867,220.6699733634938,18592
142.98262693386778,220.65146780637627,18593
142.9486586566859,220.63160446261125,18594
142.9160070175555,220.6103888768207,18595
142.88466718444744,220.58782656049195,18596
142.85463436142945,220.5639229912311,18597
142.82590378957212,220.53868361204587,18598
142.79847074782052,220.51211383065765,18599
142.7723305538327,220.48421901884146,18600
142.7474785647854,220.45500451179387,18601
142.7239101781481,220.42447560752794,18602
142.70162083242607,220.39263756629475,18603
142.68060600787294,220.35949561003085,18604
142.66086122717385,220.32505492183088,18605
142.64238205609968,220.28932064544531,18606
142.62516410413286,220.25229788480235,18607
142.6092030250664,220.2139917035532,18608
142.59449451757533,220.17440712464105,18609
142.5810343257626,220.13354912989237,18610
142.56881823967944,220.09142265963013,18611
142.5578420958208,220.04803261230916,18612
142.5481017775968,220.00338384417194,18613
142.53959321578068,219.9574811689256,18614
142.53231238893383,219.91032935743854,18615
142.52625532380844,219.86193313745704,18616
142.52141809572885,219.81229719334075,18617
142.51779682895136,219.76142616581706,18618
142.5153876970039,219.70932465175378,18619
142.51418692300544,219.65599720394925,18620
142.51419077996627,219.60144833094049,18621
142.5153955910693,219.5456824968277,18622
142.51779772993294,219.48870412111557,18623
142.52139362085632,219.43051757857086,18624
142.52617973904717,219.37112719909544,18625
142.53215261083278,219.31053726761508,18626
142.53930881385452,219.24875202398283,18627
142.54764497724696,219.18577566289747,18628
142.55715778180087,219.12161233383577,18629
142.56784396011184,219.05626614099924,18630
142.57970029671398,218.98974114327396,18631
142.5927236281998,218.922041354204,18632
142.60691084332586,218.85317074197786,18633
142.62225888310599,218.78313322942716,18634
142.6387647408904,218.7119326940382,18635
142.6564254624335,218.6395729679752,18636
142.67523814594847,218.56605783811548,18637
142.6951999421506,218.49139104609623,18638
142.71630805428916,218.41557628837208,18639
142.7385597381676,218.33861721628458,18640
142.7619523021535,218.26051743614138,18641
142.78648310717776,218.1812805093066,18642
142.81214956672355,218.10090995230112,18643
142.83894914680525,218.01940923691345,18644
142.86687936593802,217.9367817903196,18645
142.89593779509775,217.85303099521346,18646
142.92612205767196,217.76816018994614,18647
142.9574298294019,217.68217266867472,18648
142.9898588383159,217.5950716815199,18649
143.02340686465453,217.506860434733,18650
143.05807174078734,217.41754209087122,18651
143.09385135112183,217.32711976898187,18652
143.13074363200457,217.23559654479476,18653
143.16874657161478,217.14297545092322,18654
143.20785820985057,217.049259477073,18655
143.2480766382079,216.95445157025935,18656
143.28939999965246,216.8585546350322,18657
143.33182648848492,216.76157153370883,18658
143.375354350199,216.66350508661463,18659
143.41998188133343,216.5643580723312,18660
143.465707429317,216.46413322795223,18661
143.5125293923076,216.36283324934678,18662
143.56044621902478,216.26046079142984,18663
143.60945640857634,216.15701846844036,18664
143.65955851027863,216.05250885422655,18665
143.71075112347128,215.94693448253847,18666
143.76303289732564,215.84029784732735,18667
143.81640253064774,215.7326014030529,18668
143.87085877167524,215.6238475649969,18669
143.92640041786882,215.51403870958433,18670
143.98302631569788,215.40317717471135,18671
144.04073536042068,215.29126526008065,18672
144.09952649585873,215.17830522754355,18673
144.15939871416572,215.0642993014491,18674
144.2203510555909,214.94924966900075,18675
144.28238260823696,214.83315848061943,18676
144.345492507812,214.71602785031422,18677
144.40967993737647,214.59785985605998,18678
144.474944127084,214.47865654018204,18679
144.5412843539169,214.3584199097483,18680
144.6086999414159,214.2371519369686,18681
144.67719025940428,214.1148545596008,18682
144.74675472370592,213.9915296813653,18683
144.81739279585813,213.867179172366,18684
144.88910398281786,213.74180486951914,18685
144.9618878366624,213.6154085769898,18686
145.0357439542842,213.48799206663585,18687
145.11067197707885,213.35955707845983,18688
145.1866715906275,213.23010532106846,18689
145.26374252437267,213.0996384721403,18690
145.34188455128745,212.9681581789012,18691
145.42109748753853,212.83566605860813,18692
145.50138119214182,212.7021636990411,18693
145.58273556661197,212.56765265900367,18694
145.66516055460446,212.43213446883158,18695
145.74865614155038,212.2956106309107,18696
145.83322235428435,212.15808262020286,18697
145.91885926066465,212.01955188478152,18698
146.0055669691855,211.88001984637594,18699
146.09334562858194,211.73948790092453,18700
146.18219542742625,211.5979574191382,18701
146.27211659371622,211.45542974707266,18702
146.36310939445505,211.31190620671052,18703
146.4551741352224,211.16738809655382,18704
146.54831115973673,211.02187669222573,18705
146.6425208494081,210.87537324708356,18706
146.73780362288193,210.7278789928413,18707
146.83415993557313,210.57939514020353,18708
146.93159027918975,210.4299228795097,18709
147.03009518124733,210.2794633813896,18710
147.12967520457198,210.12801779743037,18711
147.23033094679312,209.97558726085455,18712
147.3320630398252,209.82217288721023,18713
147.43487214933788,209.66777577507267,18714
147.5387589742147,209.51239700675868,18715
147.64372424599972,209.35603764905287,18716
147.7497687283319,209.19869875394664,18717
147.85689321636673,209.04038135939038,18718
147.96509853618522,208.881086490058,18719
148.07438554418897,208.72081515812584,18720
148.18475512648223,208.55956836406418,18721
148.2962081982394,208.3973470974434,18722
148.40874570305843,208.2341523377537,18723
148.522368612299,208.06998505523956,18724
148.637077924406,207.9048462117486,18725
148.75287466421702,207.7387367615957,18726
148.869759882254,207.57165765244173,18727
148.9877346539983,207.4036098261883,18728
149.1068000791492,207.23459421988804,18729
149.22695728086464,207.0646117666707,18730
149.34820740498475,206.8936633966858,18731
149.47055161923672,206.721750038062,18732
149.59399111242143,206.54887261788272,18733
149.71852709358072,206.37503206317956,18734
149.84416079114519,206.20022930194298,18735
149.97089345206194,206.02446526415022,18736
150.09872634090164,205.8477408828122,18737
150.22766073894496,205.6700570950377,18738
150.35769794324685,205.4914148431168,18739
150.48883926567953,205.3118150756231,18740
150.6210860319522,205.13125874853475,18741
150.7544395806082,204.94974682637553,18742
150.88890126199848,204.76728028337521,18743
151.02447243723066,204.5838601046501,18744
151.16115447709393,204.39948728740404,18745
151.29894876095827,204.21416284214976,18746
151.43785667564828,204.02788779395135,18747
151.5778796142905,203.84066318368792,18748
151.71901897513422,203.65249006933834,18749
151.86127616034415,203.46336952728817,18750
152.00465257476625,203.27330265365828,18751
152.14914962466406,203.08229056565568,18752
152.2947687164263,202.89033440294705,18753
152.44151125524493,202.69743532905477,18754
152.589378643763,202.5035945327762,18755
152.7383722806913,202.308813229626,18756
152.8884935593941,202.1130926633019,18757
153.03974386644288,201.91643410717424,18758
153.1921245801372,201.71883886579937,18759
153.34563706899314,201.5203082764571,18760
153.50028269019754,201.32084371071247,18761
153.65606278802807,201.120446576002,18762
153.81297869223914,200.91911831724454,18763
153.9710317164119,200.71686041847695,18764
154.13022315626847,200.51367440451463,18765
154.2905542879501,200.3095618426374,18766
154.45202636625817,200.1045243443001,18767
154.61464062285768,199.89856356686906,18768
154.77839826444307,199.69168121538348,18769
154.94330047086518,199.48387904434244,18770
155.1093483932196,199.2751588595176,18771
155.27654315189542,199.06552251979105,18772
155.44488583458403,198.85497193901895,18773
155.61437749424763,198.64350908792088,18774
155.78501914704708,198.43113599599425,18775
155.95681177022814,198.2178547534546,18776
156.1297562999666,198.00366751320115,18777
156.30385362917107,197.7885764928074,18778
156.47910460524355,197.57258397653735,18779
156.65551002779745,197.3556923173862,18780
156.83307064633223,197.1379039391465,18781
157.0117871578654,196.91922133849823,18782
157.1916602045204,196.69964708712394,18783
157.3726903710711,196.47918383384723,18784
157.55487818244237,196.2578343067959,18785
157.7382241011664,196.0356013155877,18786
157.92272852479513,195.81248775354013,18787
158.10839178326785,195.58849659990165,18788
158.29521413623522,195.36363092210644,18789
158.48319577033837,195.1378938780501,18790
158.672336796444,194.91128871838683,18791
158.86263724683522,194.68381878884708,18792
159.05409707235864,194.45548753257563,18793
159.24671613952682,194.22629849248855,18794
159.44049422757809,193.9962553136494,18795
159.63543102549227,193.76536174566303,18796
159.83152612896393,193.53362164508636,18797
160.02877903733275,193.30103897785608,18798
160.2271891504719,193.06761782173132,18799
160.42675576563502,192.83336236875084,18800
160.62747807426192,192.59827692770403,18801
160.82935515874436,192.36236592661382,18802
161.0323859891521,192.12563391523156,18803
161.23656941992027,191.88808556754148,18804
161.4419041864989,191.64972568427484,18805
161.6483889019656,191.41055919543086,18806
161.85602205360263,191.17059116280498,18807
162.0648019994389,190.92982678252133,18808
162.2747269647592,190.6882713875694,18809
162.4857950385804,190.44593045034188,18810
162.69800417009776,190.20280958517407,18811
162.91135216510182,189.95891455088076,18812
163.12583668236732,189.7142512532916,18813
163.34145523001638,189.46882574778041,18814
163.5582051618579,189.2226442417894,18815
163.77608367370402,188.97571309734371,18816
163.995087799667,188.728038833556,18817
164.21521440843748,188.47962812911956,18818
164.43646019954696,188.23048782478526,18819
164.65882169961677,187.98062492582292,18820
164.88229525859572,187.73004660446406,18821
165.10687704598908,187.47876020232223,18822
165.3325630470817,187.2267732327906,18823
165.55934905915802,186.97409338341393,18824
165.78723068772126,186.72072851823103,18825
166.01620334271607,186.466686680087,18826
166.2462622347562,186.2119760929114,18827
166.47740237136213,185.95660516395978,18828
166.70961855321005,185.70058248601725,18829
166.94290537039797,185.44391683955863,18830
167.1772571987301,185.1866171948648,18831
167.41266819602552,184.92869271409123,18832
167.64913229845342,184.6701527532854,18833
167.88664321689924,184.41100686435067,18834
168.1251944333664,184.15126479695348,18835
168.3647791974169,183.89093650037103,18836
168.60539052265526,183.63003212527448,18837
168.84702118326163,183.36856202544703,18838
169.08966371057565,183.10653675943226,18839
169.33331038973878,182.84396709210898,18840
169.57795325639805,182.58086399618963,18841
169.82358409347614,182.31723865364094,18842
170.07019442801342,182.0531024570189,18843
170.31777552808614,181.78846701071888,18844
170.56631839980673,181.52334413213586,18845
170.81581378441018,181.25774585273209,18846
171.06625215543335,180.99168441900446,18847
171.3176237159903,180.72517229335614,18848
171.5699183961518,180.45822215486447,18849
171.82312585043155,180.19084689993218,18850
172.07723545538678,179.92305964285458,18851
172.33223630733733,179.65487371621546,18852
172.5881172202098,179.38630267125617,18853
172.8448667235115,179.11736027803505,18854
173.1024730604395,178.84806052550866,18855
173.36092418613256,178.57841762148087,18856
173.6202077660677,178.3084459924144,18857
173.88031117461057,178.0381602831132,18858
174.1412214937234,177.76757535626635,18859
174.40292551183572,177.49670629185232,18860
174.6654097228844,177.22556838639986,18861
174.92866032552757,176.95417715210596,18862
175.19266322253748,176.6825483158015,18863
175.4574040203793,176.41069781776923,18864
175.72286802897779,176.1386418104069,18865
175.9890402616798,175.86639665673383,18866
176.25590543541676,175.59397892874009,18867
176.52344797106983,175.32140540557478,18868
176.7916519940457,175.04869307157264,18869
177.06050133506486,174.7758591141147,18870
177.32997953116634,174.50292092132457,18871
177.60006982693733,174.22989607959624,18872
177.870755175964,173.95680237095323,18873
178.14201824251393,173.68365777023678,18874
178.41384140345102,173.41048044212488,18875
178.68620675038588,173.1372887379769,18876
178.95909609206217,172.86410119250735,18877
179.23249095698782,172.5909365202864,18878
179.50637259630662,172.31781361206652,18879
179.780721986918,172.04475153093702,18880
180.0555198348389,171.77176950830548,18881
180.33074657883026,171.49888693970672,18882
180.60638239423506,171.22612338044058,18883
180.8824071971167,170.95349854103875,18884
181.15880064861264,170.68103228256308,18885
181.4355421595501,170.40874461173524,18886
181.71261089531086,170.13665567590135,18887
181.98998578094796,169.8647857578317,18888
182.26764550654636,169.59315527035938,18889
182.54556853283427,169.32178475085954,18890
182.82373309703598,169.0506948555722,18891
183.1021172189705,168.7799063537722,18892
183.38069870738695,168.5094401217884,18893
183.65945516653707,168.2393171368775,18894
183.93836400298252,167.9695584709544,18895
184.2174024326282,167.70018528418524,18896
184.49654748798153,167.43121881844522,18897
184.77577602563179,167.1626803906484,18898
185.05506473394155,166.89459138595194,18899
185.3343901409492,166.6269732508419,18900
185.61372862247185,166.35984748610437,18901
185.89305641040525,166.0932356396888,18902
186.17234960121291,165.82715929946883,18903
186.45158416459682,165.56164008590642,18904
186.73073595234138,165.29669964462622,18905
187.00978070732532,165.03235963890614,18906
187.2886940726898,164.76864174209106,18907
187.56745160115648,164.5055676299363,18908
187.84602876448508,164.24315897288852,18909
188.12440096306216,163.98143742831033,18910
188.40254353561022,163.7204246326568,18911
188.68043176900866,163.4601421936108,18912
188.95804090821522,163.20061168218544,18913
189.23534616627776,162.9418546248004,18914
189.51232273442648,162.68389249534127,18915
189.78894579223416,162.42674670720825,18916
190.06519051783525,162.1704386053642,18917
190.34103209819096,161.91498945838805,18918
190.61644573939037,161.6604204505431,18919
190.89140667697467,161.40675267386797,18920
191.16589018627442,161.15400712029813,18921
191.43987159274712,160.902204673826,18922
191.71332628230417,160.65136610270883,18923
191.98622971161498,160.40151205173106,18924
192.25855741837694,160.15266303452995,18925
192.53028503153956,159.90483942599224,18926
192.80138828147068,159.6580614547302,18927
193.07184301005415,159.41234919564417,18928
193.34162518070664,159.1677225625796,18929
193.61071088830326,158.92420130108619,18930
193.87907636899973,158.68180498128677,18931
194.1466980099411,158.4405529908623,18932
194.41355235884575,158.20046452816146,18933
194.67961613345432,157.9615585954402,18934
194.94486623083344,157.72385399223938,18935
195.20927973652343,157.4873693089059,18936
195.4728339335213,157.25212292026433,18937
195.7355063110889,157.01813297944437,18938
195.99727457337715,156.7854174118711,18939
196.25811664785775,156.553993909422,18940
196.51801069355375,156.32387992475745,18941
196.7769351090608,156.09509266582887,18942
197.03486854035165,155.8676490905695,18943
197.2917898883567,155.64156590177234,18944
197.5476783163127,155.41685954215924,18945
197.80251325687462,155.19354618964513,18946
198.05627441898318,154.97164175280074,18947
198.30894179448367,154.75116186651732,18948
198.56049566448968,154.532121887876,18949
198.81091660548782,154.3145368922249,18950
199.06018549517904,154.0984216694652,18951
199.30828351805215,153.8837907205498,18952
199.55519217068678,153.67065825419442,18953
199.8008932667823,153.45903818380413,18954
200.04536894191108,153.24894412461504,18955
200.28860165799261,153.04038939105263,18956
200.5305742074886,152.833386994307,18957
200.7712697173165,152.62794964012474,18958
201.01067165248148,152.42408972681773,18959
201.24876381942673,152.2218193434882,18960
201.4855303691015,152.02115026846906,18961
201.72095579974834,151.82209396797853,18962
201.95502495940977,151.62466159498805,18963
202.18772304815653,151.4288639883013,18964
202.41903562003833,151.2347116718425,18965
202.64894858476026,151.04221485415255,18966
202.87744820908642,150.85138342808963,18967
203.10452111797406,150.66222697073226,18968
203.33015429544201,150.47475474348172,18969
203.55433508517595,150.28897569236082,18970
203.7770511908747,150.1048984485057,18971
203.99829067634244,149.9225313288474,18972
204.21804196533017,149.74188233697876,18973
204.43629384113171,149.56295916420393,18974
204.65303544593937,149.3857691907656,18975
204.8682562799639,149.21031948724607,18976
205.08194620032467,149.0366168161378,18977
205.2940954197154,148.86466763357922,18978
205.50469450485122,148.69447809125066,18979
205.7137343747033,148.52605403842637,18980
205.9212062985268,148.35940102417746,18981
206.12710189368883,148.19452429972094,18982
206.33141312330213,148.03142882090987,18983
206.53413229367203,147.8701192508599,18984
206.73525205156218,147.71059996270648,18985
206.93476538128627,147.55287504248844,18986
207.1326656016325,147.3969482921522,18987
207.3289463626275,147.24282323267127,18988
207.52360164214622,147.09050310727685,18989
207.71662574237516,146.93999088479273,18990
207.90801328613557,146.79128926307078,18991
208.09775921307295,146.64440067252113,18992
208.28585877572064,146.49932727973143,18993
208.47230753544363,146.3560709911712,18994
208.6571013582693,146.214633456975,18995
208.8402364106123,146.0750160747999,18996
209.02170915489992,145.93721999375202,18997
209.2015163451041,145.8012461183777,18998
209.3796550221879,145.66709511271324,18999
209.55612250947092,145.5347674043896,19000
209.7309164079221,145.40426318878644,19001
209.9040345913842,145.2755824332312,19002
210.07547520173765,145.14872488123842,19003
210.2452366440084,145.02369005678497,19004
210.41331758142704,144.90047726861638,19005
210.5797169304436,144.77908561458062,19006
210.7444338557046,144.65951398598403,19007
210.90746776499736,144.5417610719665,19008
211.0688183041672,144.4258253638907,19009
211.22848535201223,144.31170515974247,19010
211.38646901516154,144.1993985685376,19011
211.5427696229411,144.08890351473212,19012
211.6973877222322,143.98021774263205,19013
211.85032407232706,143.87333882079915,19014
212.00157963978643,143.7682641464494,19015
212.151155593303,143.6649909498413,19016
212.29905329857465,143.56351629864983,19017
212.44527431319204,143.46383710232467,19018
212.5898203815441,143.36595011642834,19019
212.73269342974478,143.26985194695186,19020
212.87389556058508,143.17553905460616,19021
213.01342904851344,143.0830077590853,19022
213.15129633464753,142.9922542433002,19023
213.28750002182088,142.90327455758012,19024
213.4220428696669,142.81606462383942,19025
213.55492778974335,142.7306202397082,19026
213.6861578406993,142.64693708262416,19027
213.81573622348785,142.56501071388462,19028
213.9436662766262,142.4848365826556,19029
214.06995147150553,142.40641002993812,19030
214.1945954077529,142.32972629248852,19031
214.31760180864686,142.25478050669253,19032
214.43897451658822,142.18156771239057,19033
214.5587174886287,142.11008285665477,19034
214.67683479205752,142.04032079751434,19035
214.7933306000486,141.97227630763032,19036
214.90820918736878,141.9059440779172,19037
215.02147492614907,141.84131872111152,19038
215.1331322817188,141.77839477528585,19039
215.24318580850505,141.71716670730828,19040
215.3516401459969,141.65762891624607,19041
215.45850001477626,141.59977573671299,19042
215.56377021261508,141.54360144216048,19043
215.66745561064036,141.48910024811138,19044
215.76956114956653,141.4362663153364,19045
215.8700918359964,141.38509375297306,19046
215.96905273879034,141.33557662158628,19047
216.06644898550414,141.2877089361716,19048
216.16228575889608,141.2414846690996,19049
216.25656829350228,141.1968977530027,19050
216.34930187228156,141.15394208360328,19051
216.44049182332867,141.11261152248426,19052
216.5301435166565,141.07289989980126,19053
216.61826236104656,141.03480101693708,19054
216.70485380096775,140.99830864909882,19055
216.7899233135633,140.96341654785738,19056
216.87347640570462,140.9301184436301,19057
216.9555186111133,140.89840804810643,19058
217.0360554875486,140.86827905661775,19059
217.1150926140622,140.83972515045065,19060
217.192635588318,140.81273999910533,19061
217.268690023977,140.7873172624985,19062
217.3432615481471,140.76345059311188,19063
217.41635579889598,140.74113363808684,19064
217.48797842282772,140.72036004126548,19065
217.55813507272165,140.70112344517872,19066
217.6268314052328,140.68341749298216,19067
217.69407307865316,140.66723583034033,19068
217.75986575073355,140.65257210725972,19069
217.82421507656434,140.63941997987158,19070
217.88712670651486,140.62777311216465,19071
217.9486062842307,140.61762517766928,19072
218.00865944468737,140.60896986109253,19073
218.06729181230054,140.6018008599062,19074
218.12450899909078,140.5961118858874,19075
218.18031660290302,140.59189666661294,19076
218.2347202056788,140.58914894690838,19077
218.28772537178136,140.587862490252,19078
218.33933764637223,140.58803108013464,19079
218.3895625538379,140.58964852137635,19080
218.4384055962668,140.5927086414004,19081
218.48587225197457,140.59720529146517,19082
218.5319679740774,140.60313234785514,19083
218.57669818911234,140.61048371303136,19084
218.6200682957033,140.61925331674243,19085
218.66208366327243,140.62943511709616,19086
218.70274963079552,140.6410231015935,19087
218.74207150560082,140.65401128812482,19088
218.7800545622099,140.66839372592938,19089
218.81670404122033,140.684164496519,19090
218.8520251482287,140.7013177145665,19091
218.88602305279332,140.71984752875932,19092
218.91870288743578,140.73974812261952,19093
218.95006974668055,140.7610137152908,19094
218.98012868613134,140.78363856229268,19095
219.00888472158388,140.8076169562435,19096
219.036342828174,140.8329432275518,19097
219.0625079395604,140.8596117450778,19098
219.0873849471406,140.88761691676507,19099
219.1109786993006,140.9169531902429,19100
219.13329400069577,140.94761505340082,19101
219.15433561156368,140.97959703493487,19102
219.17410824706693,141.01289370486708,19103
219.1926165766662,141.04749967503847,19104
219.2098652235218,141.08340959957602,19105
219.22585876392384,141.12061817533453,19106
219.24060172674965,141.15912014231407,19107
219.25409859294817,141.19891028405272,19108
219.26635379505012,141.23998342799646,19109
219.2773717167039,141.28233444584592,19110
219.28715669223587,141.3259582538807,19111
219.29571300623485,141.370849813262,19112
219.30304489315986,141.41700413031376,19113
219.30915653697068,141.46441625678338,19114
219.31405207078032,141.51308129008189,19115
219.31773557652915,141.5629943735045,19116
219.32021108467978,141.61415069643195,19117
219.32148257393226,141.66654549451303,19118
219.32155397095886,141.72017404982873,19119
219.3204291501581,141.77503169103878,19120
219.31811193342722,141.83111379351055,19121
219.31460608995286,141.88841577943123,19122
219.30991533601897,141.9469331179032,19123
219.30404333483193,142.00666132502363,19124
219.29699369636202,142.06759596394818,19125
219.28876997720093,142.12973264493945,19126
219.27937568043478,142.19306702540038,19127
219.26881425553208,142.25759480989356,19128
219.25708909824647,142.32331175014565,19129
219.24420355053337,142.39021364503867,19130
219.23016090048066,142.45829634058745,19131
219.21496438225222,142.52755572990398,19132
219.19861717604488,142.597987753149,19133
219.1811224080574,142.6695883974711,19134
219.16248315047199,142.74235369693352,19135
219.14270242144715,142.81627973242922,19136
219.12178318512235,142.89136263158417,19137
219.0997283516334,142.96759856864952,19138
219.07654077713852,143.04498376438235,19139
219.05222326385538,143.12351448591585,19140
219.02677856010723,143.2031870466192,19141
219.00020936037967,143.28399780594626,19142
218.97251830538644,143.3659431692752,19143
218.9437079821445,143.4490195877376,19144
218.91378092405805,143.533223558038,19145
218.88273961101106,143.61855162226422,19146
218.85058646946868,143.70500036768792,19147
218.817323872586,143.7925664265568,19148
218.7829541403256,143.8812464758771,19149
218.74747953958214,143.9710372371882,19150
218.710902284315,144.06193547632773,19151
218.67322453568767,144.1539380031891,19152
218.63444840221464,144.24704167147019,19153
218.59457593991513,144.3412433784142,19154
218.55360915247357,144.43654006454233,19155
218.51154999140638,144.5329287133787,19156
218.46840035623572,144.63040635116738,19157
218.42416209466901,144.72897004658176,19158
218.37883700278485,144.82861691042643,19159
218.33242682522504,144.92934409533163,19160
218.2849332553922,145.0311487954399,19161
218.2363579356533,145.1340282460862,19162
218.18670245754922,145.23797972346978,19163
218.13596836200918,145.3430005443198,19164
218.08415713957137,145.44908806555318,19165
218.03127023060864,145.55623968392555,19166
217.9773090255595,145.66445283567532,19167
217.9222748651647,145.77372499616058,19168
217.86616904070877,145.884053679489,19169
217.80899279426694,145.99543643814076,19170
217.75074731895708,146.10787086258486,19171
217.69143375919685,146.22135458088792,19172
217.63105321096612,146.33588525831647,19173
217.56960672207393,146.45146059693232,19174
217.50709529243133,146.56807833518081,19175
217.44351987432876,146.685736247472,19176
217.37888137271855,146.80443214375515,19177
217.31318064550297,146.92416386908607,19178
217.24641850382676,147.04492930318742,19179
217.17859571237565,147.16672636000175,19180
217.10971298967925,147.28955298723798,19181
217.03977100842005,147.41340716590972,19182
216.96877039574687,147.53828690986748,19183
216.89671173359454,147.66419026532267,19184
216.82359555900854,147.79111531036466,19185
216.74942236447512,147.9190601544704,19186
216.67419259825746,148.0480229380063,19187
216.59790666473728,148.17800183172275,19188
216.52056492476208,148.30899503624067,19189
216.44216769599876,148.4410007815306,19190
216.36271525329295,148.57401732638357,19191
216.28220782903455,148.70804295787408,19192
216.20064561352973,148.84307599081524,19193
216.1180287553791,148.97911476720515,19194
216.03435736186276,149.11615765566538,19195
215.94963149933173,149.2542030508709,19196
215.86385119360668,149.39324937297118,19197
215.77701643038324,149.53329506700294,19198
215.6891271556451,149.6743386022934,19199
215.60018327608392,149.81637847185547,19200
215.51018465952725,149.95941319177288,19201
215.4191311353743,150.10344130057632,19202
215.3270224950393,150.2484613586103,19203
215.23385849240347,150.39447194739014,19204
215.13963884427523,150.54147166894919,19205
215.04436323085918,150.68945914517613,19206
214.94803129623384,150.83843301714208,19207
214.8506426488386,150.98839194441757,19208
214.75219686197016,151.1393346043787,19209
214.65269347428847,151.29125969150283,19210
214.5521319903324,151.4441659166535,19211
214.45051188104617,151.59805200635378,19212
214.3478325843155,151.7529167020492,19213
214.2440935055151,151.9087587593582,19214
214.13929401806695,152.06557694731197,19215
214.03343346400968,152.22337004758157,19216
213.92651115458014,152.38213685369348,19217
213.81852637080644,152.54187617023257,19218
213.70947836411358,152.70258681203285,19219
213.59936635694137,152.8642676033553,19220
213.48818954337574,153.0269173770529,19221
213.37594708979307,153.19053497372235,19222
213.262638135518,153.35511924084258,19223
213.14826179349566,153.52066903189953,19224
213.03281715097816,153.6871832054973,19225
212.9163032702255,153.85466062445485,19226
212.79871918922208,154.02310015488914,19227
212.6800639224083,154.19250066528278,19228
212.5603364614286,154.3628610255378,19229
212.43953577589508,154.53418010601402,19230
212.3176608141688,154.70645677655224,19231
212.19471050415717,154.87968990548205,19232
212.0706837541299,155.05387835861396,19233
211.94557945355206,155.2290209982156,19234
211.81939647393622,155.4051166819718,19235
211.69213366971323,155.58216426192834,19236
211.56378987912217,155.76016258341886,19237
211.43436392512032,155.93911048397516,19238
211.3038546163132,156.11900679222043,19239
211.17226074790523,156.29985032674523,19240
211.0395811026718,156.48163989496555,19241
210.90581445195284,156.6643742919636,19242
210.77095955666817,156.84805229931052,19243
210.63501516835635,157.0326726838707,19244
210.49798003023534,157.21823419658784,19245
210.35985287828785,157.40473557125276,19246
210.22063244237026,157.59217552325157,19247
210.08031744734606,157.78055274829555,19248
209.93890661424444,157.96986592113166,19249
209.79639866144458,158.16011369423356,19250
209.65279230588584,158.35129469647296,19251
209.50808626430455,158.54340753177138,19252
209.36227925449813,158.73645077773207,19253
209.21536999661626,158.93042298425146,19254
209.06735721448092,159.12532267211083,19255
208.91823963693443,159.32114833154708,19256
208.76801599921686,159.51789842080356,19257
208.61668504437316,159.71557136465967,19258
208.46424552469026,159.91416555293992,19259
208.31069620316484,160.11367933900235,19260
208.15603585500264,160.3141110382053,19261
208.00026326914866,160.51545892635397,19262
207.84337724985016,160.71772123812497,19263
207.68537661825215,160.9208961654703,19264
207.52626021402563,161.12498185599986,19265
207.36602689703,161.32997641134244,19266
207.20467554900898,161.53587788548592,19267
207.04220507532133,161.7426842830957,19268
206.87861440670656,161.95039355781213,19269
206.71390250108573,162.15900361052638,19270
206.54806834539858,162.3685122876356,19271
206.3811109574761,162.5789173792765,19272
206.21302938795088,162.79021661753805,19273
206.04382272220334,163.00240767465326,19274
205.87349008234594,163.2154881611703,19275
205.70203062924534,163.42945562410262,19276
205.52944356458175,163.64430754505892,19277
205.355728132948,163.8600413383529,19278
205.18088362398584,164.07665434909245,19279
205.00490937456252,164.29414385125003,19280
204.82780477098555,164.5125070457122,19281
204.64956925125756,164.73174105831117,19282
204.47020230737053,164.951842937837,19283
204.2897034876397,165.17280965403097,19284
204.10807239907774,165.3946380955614,19285
203.92530870980866,165.6173250679814,19286
203.741412151522,165.84086729166938,19287
203.5563825219671,166.06526139975324,19288
203.37021968748755,166.29050393601776,19289
203.18292358559586,166.51659135279633,19290
202.99449422758798,166.74352000884855,19291
202.80493170119803,166.97128616722185,19292
202.61423617329245,167.1998859931007,19293
202.4224078926041,167.42931555164196,19294
202.22944719250546,167.65957080579796,19295
202.03535449382062,167.8906476141285,19296
201.84013030767653,168.12254172860173,19297
201.643775238392,168.35524879238486,19298
201.44628998640457,168.58876433762688,19299
201.24767535123473,168.82308378323248,19300
201.0479322344869,169.0582024326288,19301
200.84706164288616,169.29411547152756,19302
200.64506469135065,169.5308179656806,19303
200.4419426060982,169.76830485863297,19304
200.237696727787,170.00657096947296,19305
200.03232851468886,170.24561099058081,19306
199.82583954589418,170.48541948537766,19307
199.61823152454818,170.72599088607558,19308
199.40950628111594,170.96731949143063,19309
199.1996657766766,171.20939946449937,19310
198.98871210624444,171.45222483040183,19311
198.77664750211522,171.69578947409119,19312
198.56347433723772,171.94008713813207,19313
198.34919512860685,172.18511142048956,19314
198.1338125406789,172.4308557723299,19315
197.91732938880554,172.67731349583553,19316
197.69974864268528,172.92447774203515,19317
197.48107342983084,173.1723415086516,19318
197.26130703905005,173.4208976379691,19319
197.04045292393806,173.67013881472135,19320
196.81851470637886,173.92005756400397,19321
196.59549618005386,174.1706462492109,19322
196.3714013139552,174.4218970699992,19323
196.14623425590048,174.67380206028378,19324
195.91999933604785,174.92635308626254,19325
195.6927010704067,175.17954184447737,19326
195.4643441643434,175.4333598599101,19327
195.23493351607718,175.687798484118,19328
195.00447422016407,175.94284889341012,19329
194.77297157096632,176.19850208706714,19330
194.54043106610234,176.45474888560761,19331
194.30685840987564,176.71157992910238,19332
194.0722595166783,176.96898567554004,19333
193.83664051436548,177.22695639924618,19334
193.60000774759797,177.48548218936043,19335
193.3623677811481,177.7445529483693,19336
193.12372740316567,178.00415839070413,19337
192.88409362840036,178.26428804140173,19338
192.6434737013753,178.524931234832,19339
192.4018750995096,178.7860771134967,19340
192.15930553618307,179.04771462689928,19341
191.91577296374192,179.3098325304926,19342
191.6712855764376,179.57241938470403,19343
191.4258518132977,179.8354635540402,19344
191.17948036092156,180.0989532062691,19345
190.93218015619775,180.36287631173016,19346
190.68396038893798,180.62722064264815,19347
190.43483050442282,180.89197377263693,19348
190.18480020585454,181.157123076234,19349
189.93387945671176,181.4226557285594,19350
189.68207848300239,181.6885587050676,19351
189.42940777540738,181.95481878140606,19352
189.1758780913133,182.2214225333811,19353
188.9215004567267,182.4883563370287,19354
188.6662861680657,182.7556063688034,19355
188.4102467938243,183.0231586058757,19356
188.15339417610414,183.29099882655075,19357
187.8957404320083,183.55911261080553,19358
187.63729795489294,183.8274853409467,19359
187.3780794154713,184.09610220239495,19360
187.11809776276493,184.3649481845953,19361
186.85736622489844,184.63400808205606,19362
186.59589830973104,184.9032664955201,19363
186.33370780532243,185.17270783326774,19364
186.0708087802266,185.44231631255704,19365
185.80721558360977,185.71207596119925,19366
185.5429428451873,185.98197061927425,19367
185.27800547497708,186.25198394098604,19368
185.012418662863,186.52209939666062,19369
184.7461978779649,186.79230027488722,19370
184.4793588678127,187.06256968480386,19371
184.21191765731874,187.33289055852916,19372
183.9438905475464,187.60324565374106,19373
183.67529411427023,187.87361755640242,19374
183.40614520632587,188.1439886836359,19375
183.13646094374562,188.41434128674706,19376
182.86625871567682,188.6846574543961,19377
182.5955561780822,188.9549191159206,19378
182.32437125121686,189.2251080448054,19379
182.05272211688293,189.4952058623032,19380
181.78062721545837,189.76519404120285,19381
181.50810524269912,190.03505390974655,19382
181.2351751463129,190.30476665569378,19383
180.9618561223038,190.5743133305318,19384
180.68816761108613,190.8436748538313,19385
180.41412929337216,191.11283201774623,19386
180.13976108582685,191.38176549165527,19387
179.86508313649435,191.65045582694384,19388
179.59011581998627,191.9188834619248,19389
179.3148797324681,192.1870287268951,19390
179.03939568638788,192.45487184932605,19391
178.76368470499955,192.72239295918482,19392
178.4877680166593,192.9895720943837,19393
178.21166704890146,193.25638920635487,19394
177.93540342229664,193.52282416574684,19395
177.65899894409836,193.7888567682385,19396
177.38247560167744,194.05446674046857,19397
177.10585555575136,194.31963374607463,19398
176.82916113341037,194.58433739183914,19399
176.55241482094902,194.84855723393733,19400
176.2756392565033,195.1122727842817,19401
175.9988572225014,195.3754635169609,19402
175.72209163793642,195.63810887476433,19403
175.4453655504605,195.9001882757906,19404
175.1687021283146,196.16168112013298,19405
174.8921246520941,196.42256679663632,19406
174.61565650636297,196.68282468972026,19407
174.33932117111928,196.942434186263,19408
174.06314221312374,197.2013746825391,19409
173.78714327709667,197.4596255912055,19410
173.5113480767929,197.71716634832984,19411
173.23578038596347,197.9739764204545,19412
172.9604640292126,198.2300353116895,19413
172.68542287275915,198.4853225708284,19414
172.4106808151119,198.73981779848006,19415
172.13626177766886,198.99350065420987,19416
171.86218969524927,199.24635086368318,19417
171.5884885065694,199.49834822580473,19418
171.3151821446713,199.7494726198464,19419
171.04229452731525,199.99970401255715,19420
170.76984954734667,200.24902246524755,19421
170.49787106304643,200.49740814084262,19422
170.22638288847716,200.74484131089494,19423
169.95540878383414,200.99130236255235,19424
169.68497244581278,201.23677180547276,19425
169.41509749800238,201.48123027867888,19426
169.1458074813176,201.72465855734663,19427
168.87712584447746,201.96703755952038,19428
168.60907593454215,202.20834835274812,19429
168.3416809875195,202.44857216063016,19430
168.07496411904953,202.68769036927515,19431
167.80894831517887,202.9256845336564,19432
167.54365642323387,203.16253638386365,19433
167.27911114280317,203.39822783124208,19434
167.01533501683892,203.63274097441527,19435
166.75235042288625,203.86605810518407,19436
166.49017956445076,204.09816171429736,19437
166.22884446251174,204.3290344970884,19438
165.96836694719192,204.55865935897233,19439
165.70876864958996,204.7870194207992,19440
165.4500709937862,205.0140980240579,19441
165.19229518902748,205.23987873592705,19442
164.9354622221003,205.46434535416768,19443
164.67959284989848,205.687481911854,19444
164.42470759219276,205.9092726819387,19445
164.17082672460865,206.12970218164853,19446
163.9179702718196,206.34875517670747,19447
163.66615800095926,206.56641668538396,19448
163.41540941526083,206.7826719823596,19449
163.16574374792674,206.99750660241648,19450
162.91717995623415,207.21090634394133,19451
162.66973671588005,207.42285727224385,19452
162.42343241557015,207.6333457226879,19453
162.17828515185514,207.84235830363372,19454
161.93431272421702,208.0498818991904,19455
161.69153263040798,208.25590367177722,19456
161.44996206204496,208.46041106449297,19457
161.20961790046036,208.6633918032937,19458
160.97051671281173,208.8648338989779,19459
160.73267474845042,209.0647256489793,19460
160.49610793555007,209.26305563896804,19461
160.26083187799563,209.4598127442603,19462
160.0268618525324,209.65498613103782,19463
159.79421280617387,209.8485652573777,19464
159.5628993538694,210.04053987409426,19465
159.33293577642797,210.2309000253944,19466
159.10433601869866,210.41963604934807,19467
158.8771136880044,210.60673857817602,19468
158.6512820528274,210.79219853835704,19469
158.4268540417437,210.9760071505567,19470
158.20384224260314,211.15815592938063,19471
157.98225890195312,211.3386366829548,19472
157.76211592470077,211.5174415123361,19473
157.54342487401155,211.69456281075554,19474
157.32619697143872,211.86999326269827,19475
157.1104430972809,212.04372584282348,19476
156.89617379116186,212.21575381472707,19477
156.68339925282916,212.3860707295522,19478
156.47212934316568,212.55467042444982,19479
156.2623735854094,212.72154702089475,19480
156.05414116657676,212.8866949228598,19481
155.84744093908284,213.05010881485336,19482
155.64228142255422,213.21178365982368,19483
155.438670805828,213.3717146969348,19484
155.23661694913142,213.5298974392179,19485
155.03612738643648,213.686327671103,19486
154.83720932798275,213.84100144583473,19487
154.63986966296358,213.99391508277793,19488
154.44411496236825,214.14506516461586,19489
154.24995148197505,214.294448534447,19490
154.05738516548817,214.4420622927846,19491
153.86642164781304,214.58790379446293,19492
153.67706625846273,214.73197064545568,19493
153.4893240250907,214.87426069961043,19494
153.3031996771423,215.01477205530423,19495
153.1186976496194,215.1535030520243,19496
152.93582208695207,215.29045226687845,19497
152.754576846971,215.42561851104028,19498
152.5749655049745,215.55900082613275,19499
152.39699135788408,215.69059848055474,19500
152.22065742848298,215.8204109657553,19501
152.04596646973118,215.94843799245942,19502
151.87292096915144,216.07467948684965,19503
151.70152315328073,216.1991355867076,19504
151.5317749921811,216.3218066375197,19505
151.3636782040048,216.44269318855078,19506
151.19723425960774,216.56179598888974,19507
151.0324443872067,216.6791159834709,19508
150.86930957707443,216.7946543090747,19509
150.70783058626805,216.9084122903119,19510
150.54800794338524,217.02039143559406,19511
150.38984195334402,217.1305934330946,19512
150.23333270218106,217.239020146703,19513
150.07848006186418,217.34567361197634,19514
149.92528369511408,217.45055603209022,19515
149.77374306023182,217.55366977379327,19516
149.62385741592738,217.65501736336765,19517
149.47562582614532,217.75460148259825,19518
149.32904716488372,217.85242496475396,19519
149.1841201210029,217.94849079058304,19520
149.04084320302002,218.04280208432576,19521
148.899214743886,218.13536210974635,19522
148.75923290574227,218.22617426618694,19523
148.62089568465296,218.31524208464538,19524
148.4842009153105,218.4025692238795,19525
148.3491462757113,218.48815946653994,19526
148.2157292917988,218.57201671533295,19527
148.08394734207147,218.65414498921575,19528
147.95379766215285,218.73454841962558,19529
147.8252773493217,218.81323124674498,19530
147.69838336700008,218.89019781580348,19531
147.57311254919657,218.9654525734192,19532
147.44946160490363,219.0390000639799,19533
147.32742712244664,219.11084492606548,19534
147.2070055737828,219.18099188891404,19535
147.08819331874895,219.24944576893094,19536
146.97098660925602,219.31621146624363,19537
146.85538159342912,219.38129396130188,19538
146.74137431969223,219.44469831152523,19539
146.62896074079575,219.50642964799806,19540
146.51813671778618,219.56649317221317,19541
146.4088980239173,219.6248941528645,19542
146.3012403485009,219.68163792268962,19543
146.19515930069775,219.73672987536247,19544
146.09065041324703,219.79017546243713,19545
145.98770914613374,219.84198019034247,19546
145.88633089019424,219.8921496174286,19547
145.78651097065895,219.94068935106506,19548
145.68824465063156,219.98760504479114,19549
145.59152713450553,220.03290239551848,19550
145.49635357131658,220.0765871407857,19551
145.40271905803158,220.1186650560663,19552
145.3106186427738,220.15914195212807,19553
145.22004732798425,220.19802367244552,19554
145.13100007351932,220.23531609066475,19555
145.04347179968514,220.27102510812017,19556
144.95745739020794,220.3051566514036,19557
144.87295169514175,220.3377166699854,19558
144.78994953371304,220.36871113388705,19559
144.70844569710252,220.39814603140522,19560
144.62843495116502,220.42602736688704,19561
144.54991203908745,220.45236115855633,19562
144.47287168398532,220.4771534363896,19563
144.39730859143825,220.50041024004312,19564
144.3232174519657,220.52213761682862,19565
144.25059294344194,220.5423416197388,19566
144.17942973345274,220.56102830552163,19567
144.1097224815927,220.5782037328022,19568
144.0414658417052,220.5938739602533,19569
143.97465446406437,220.60804504481217,19570
143.90928299750118,220.620723039945,19571
143.84534609147306,220.6319139939567,19572
143.7828383980785,220.64162394834648,19573
143.72175457401724,220.6498589362087,19574
143.66208928249674,220.65662498067775,19575
143.60383719508565,220.66192809341675,19576
143.54699299351535,220.6657742731494,19577
143.49155137142995,220.66816950423456,19578
143.43750703608575,220.66911975528248,19579
143.38485471000135,220.66863097781223,19580
143.33358913255836,220.66670910495014,19581
143.28370506155426,220.66336005016768,19582
143.23519727470833,220.65858970605913,19583
143.1880605711207,220.65240394315728,19584
143.142289772686,220.64480860878797,19585
143.0978797254627,220.63580952596126,19586
143.05482530099778,220.62541249229946,19587
143.01312139760918,220.61362327900136,19588
142.97276294162558,220.60044762984165,19589
142.93374488858484,220.5858912602052,19590
142.8960622243922,220.56995985615484,19591
142.85970996643837,220.5526590735336,19592
142.82468316467927,220.53399453709858,19593
142.79097690267704,220.51397183968763,19594
142.75858629860463,220.49259654141719,19595
142.72750650621316,220.46987416891108,19596
142.6977327157643,220.44581021455946,19597
142.66926015492726,220.42041013580737,19598
142.64208408964245,220.39367935447208,19599
142.61619982495097,220.36562325608915,19600
142.59160270579235,220.33624718928584,19601
142.56828811777027,220.30555646518184,19602
142.5462514878872,220.27355635681656,19603
142.52548828524897,220.24025209860233,19604
142.5059940217398,220.2056488858031,19605
142.48776425266837,220.1697518740377,19606
142.47079457738616,220.13256617880782,19607
142.45508063987782,220.0940968750492,19608
142.4406181293257,220.05434899670624,19609
142.42740278064753,220.01332753632943,19610
142.41543037500927,219.97103744469447,19611
142.40469674031309,219.9274836304433,19612
142.39519775166136,219.88267095974606,19613
142.38692933179718,219.83660425598393,19614
142.37988745152217,219.78928829945153,19615
142.37406813009204,219.74072782707944,19616
142.3694674355906,219.6909275321758,19617
142.36608148528273,219.63989206418626,19618
142.36390644594718,219.58762602847264,19619
142.3629385341889,219.5341339861091,19620
142.36317401673287,219.4794204536957,19621
142.3646092106984,219.4234899031891,19622
142.3672404838558,219.36634676174958,19623
142.3710642548648,219.30799541160425,19624
142.37607699349616,219.24844018992607,19625
142.38227522083628,219.18768538872826,19626
142.38965550947563,219.12573525477362,19627
142.3982144836814,219.0625939894984,19628
142.4079488195548,218.99826574895042,19629
142.41885524517343,218.93275464374162,19630
142.43093054071923,218.86606473901324,19631
142.44417153859254,218.79820005441516,19632
142.45857512351196,218.72916456409777,19633
142.47413823260183,218.6589621967163,19634
142.49085785546612,218.58759683544793,19635
142.5087310342504,218.51507231802066,19636
142.52775486369106,218.44139243675386,19637
142.5479264911536,218.36656093861052,19638
142.56924311665878,218.29058152526073,19639
142.59170199289804,218.21345785315583,19640
142.61530042523822,218.13519353361357,19641
142.64003577171567,218.05579213291384,19642
142.66590544302014,217.97525717240424,19643
142.69290690246913,217.89359212861612,19644
142.72103766597237,217.81080043339023,19645
142.75029530198717,217.72688547401194,19646
142.78067743146462,217.6418505933562,19647
142.81218172778696,217.55569909004126,19648
142.84480591669663,217.46843421859202,19649
142.87854777621666,217.3800591896117,19650
142.91340513656326,217.29057716996277,19651
142.94937588005024,217.19999128295603,19652
142.98645794098593,217.10830460854842,19653
143.02464930556252,217.01552018354897,19654
143.0639480117382,216.92164100183297,19655
143.1043521491118,216.82667001456406,19656
143.14585985879089,216.73061013042465,19657
143.18846933325278,216.63346421585348,19658
143.23217881619894,216.53523509529148,19659
143.2769866024027,216.4359255514351,19660
143.32289103755082,216.33553832549688,19661
143.36989051807853,216.234076117474,19662
143.4179834909984,216.1315415864237,19663
143.46716845372336,216.0279373507464,19664
143.5174439538833,215.9232659884759,19665
143.56880858913607,215.81753003757677,19666
143.62126100697273,215.71073199624897,19667
143.67479990451668,215.60287432323966,19668
143.72942402831728,215.49395943816205,19669
143.78513217413803,215.38398972182117,19670
143.84192318673863,215.27296751654706,19671
143.89979595965195,215.16089512653457,19672
143.9587494349552,215.0477748181907,19673
144.01878260303553,214.93360882048842,19674
144.07989450235038,214.818399325328,19675
144.14208421918192,214.7021484879054,19676
144.20535088738632,214.58485842708717,19677
144.26969368813724,214.4665312257935,19678
144.33511184966383,214.3471689313873,19679
144.4016046469833,214.22677355607124,19680
144.46917140162753,214.10534707729184,19681
144.53781148136443,213.98289143815074,19682
144.607524299913,213.8594085478233,19683
144.67830931665333,213.73490028198484,19684
144.75016603633009,213.60936848324425,19685
144.8230940087504,213.482814961585,19686
144.89709282847573,213.35524149481398,19687
144.97216213450767,213.22664982901813,19688
145.04830160996698,213.09704167902865,19689
145.12551098176735,212.9664187288934,19690
145.20379002028167,212.8347826323571,19691
145.28313853900255,212.70213501334982,19692
145.36355639419548,212.56847746648373,19693
145.4450434845458,212.433811557558,19694
145.5275997507981,212.29813882407262,19695
145.611225175389,212.16146077575044,19696
145.6959197820722,212.02377889506826,19697
145.7816836355365,211.88509463779658,19698
145.86851684101563,211.74540943354882,19699
145.95641954389095,211.60472468633935,19700
146.04539192928524,211.46304177515105,19701
146.13543422164923,211.32036205451257,19702
146.22654668433884,211.17668685508497,19703
146.31872961918435,211.03201748425857,19704
146.41198336605035,210.88635522675978,19705
146.50630830238657,210.73970134526797,19706
146.60170484276975,210.592057081043,19707
146.69817343843522,210.4434236545636,19708
146.7957145767992,210.29380226617576,19709
146.8943287809706,210.14319409675326,19710
146.99401660925255,209.99160030836856,19711
147.0947786546332,209.83902204497568,19712
147.1966155442654,209.68546043310428,19713
147.29952793893537,209.53091658256636,19714
147.40351653251943,209.3753915871741,19715
147.50858205142896,209.218886525471,19716
147.61472525404312,209.06140246147496,19717
147.72194693012898,208.90294044543455,19718
147.83024790024874,208.74350151459802,19719
147.93962901515337,208.58308669399597,19720
148.05009115516333,208.42169699723735,19721
148.1616352295345,208.2593334273193,19722
148.27426217581012,208.09599697745108,19723
148.38797295915805,207.93168863189243,19724
148.50276857169257,207.76640936680636,19725
148.61865003178107,207.60016015112677,19726
148.73561838333427,207.43294194744135,19727
148.8536746950805,207.2647557128899,19728
148.97282005982294,207.09560240007795,19729
149.09305559367965,206.92548295800688,19730
149.21438243530625,206.75439833301976,19731
149.33680174509993,206.5823494697639,19732
149.46031470438547,206.4093373121703,19733
149.58492251458182,206.2353628044498,19734
149.71062639634937,206.06042689210702,19735
149.83742758871742,205.88453052297154,19736
149.9653273481907,205.70767464824726,19737
150.09432694783558,205.52986022357973,19738
150.22442767634436,205.35108821014214,19739
150.35563083707785,205.17135957574007,19740
150.4879377470855,204.99067529593518,19741
150.62134973610256,204.80903635518828,19742
150.75586814552358,204.626443748022,19743
150.89149432735223,204.44289848020358,19744
151.02822964312645,204.25840156994732,19745
151.16607546281824,204.07295404913816,19746
151.30503316370843,203.88655696457528,19747
151.44510412923472,203.69921137923737,19748
151.58628974781337,203.51091837356876,19749
151.72859141163343,203.32167904678698,19750
151.8720105154233,203.13149451821263,19751
152.0165484551889,202.94036592862068,19752
152.16220662692274,202.74829444161452,19753
152.30898642528376,202.55528124502226,19754
152.45688924224672,202.36132755231606,19755
152.60591646572155,202.16643460405407,19756
152.7560694781409,201.97060366934613,19757
152.90734965501633,201.77383604734243,19758
153.05975836346212,201.57613306874586,19759
153.21329696068588,201.37749609734874,19760
153.36796679244634,201.17792653159268,19761
153.52376919147653,200.97742580615332,19762
153.68070547587283,200.77599539354935,19763
153.8387769474487,200.5736368057756,19764
153.9979848900529,200.37035159596132,19765
154.15833056785152,200.1661413600527,19766
154.3198152235732,199.96100773852086,19767
154.48244007671747,199.75495241809435,19768
154.64620632172486,199.54797713351664,19769
154.8111151261093,199.34008366932918,19770
154.97716762855146,199.13127386167935,19771
155.14436493695305,198.9215496001532,19772
155.31270812645155,198.71091282963428,19773
155.48219823739464,198.49936555218656,19774
155.65283627327435,198.2869098289634,19775
155.82462319862012,198.07354778214085,19776
155.9975599368507,197.8592815968766,19777
156.1716473680842,197.644113523293,19778
156.34688632690597,197.42804587848565,19779
156.52327760009481,197.2110810485559,19780
156.7008219243055,196.9932214906681,19781
156.87951998370917,196.7744697351308,19782
157.05937240759025,196.55482838750189,19783
157.24037976789987,196.33430013071765,19784
157.422542576766,196.11288772724458,19785
157.60586128395946,195.89059402125463,19786
157.79033627431627,195.6674219408229,19787
157.97596786511644,195.44337450014743,19788
158.1627563034181,195.2184548017907,19789
158.35070176334818,194.99266603894236,19790
158.53980434334903,194.766011497703,19791
158.73006406338132,194.53849455938706,19792
158.92148086208286,194.31011870284664,19793
159.11405459388473,194.08088750681267,19794
159.30778502608325,193.8508046522555,19795
159.50267183586976,193.61987392476198,19796
159.6987146073174,193.38809921692942,19797
159.89591282832578,193.15548453077545,19798
160.09426588752402,192.92203398016258,19799
160.2937730711326,192.68775179323654,19800
160.49443355978454,192.45264231487775,19801
160.696246425307,192.2167100091645,19802
160.89921062746348,191.979959461847,19803
161.1033250106574,191.74239538283072,19804
161.30858830059913,191.5040226086688,19805
161.51499910093554,191.2648461050607,19806
161.72255588984487,191.02487096935712,19807
161.93125701659693,190.78410243306925,19808
162.1411006980804,190.54254586438114,19809
162.35208501529834,190.300206770663,19810
162.56420790983333,190.05709080098487,19811
162.7774671802836,189.813203748628,19812
162.99186047867227,189.5685515535937,19813
163.20738530683056,189.32314030510548,19814
163.42403901275748,189.07697624410568,19815
163.64181878695734,188.83006576574212,19816
163.8607216587575,188.5824154218441,19817
164.08074449260835,188.3340319233858,19818
164.30188398436692,188.0849221429344,19819
164.52413665756836,187.83509311708082,19820
164.7474988596854,187.58455204885172,19821
164.97196675837975,187.33330631009923,19822
165.19753633774806,187.08136344386708,19823
165.42420339456407,186.82873116672997,19824
165.65196353452177,186.5754173711046,19825
165.88081216848,186.32143012752854,19826
166.11074450871448,186.0667776869061,19827
166.34175556517764,185.81146848271615,19828
166.57384014177183,185.55551113318225,19829
166.80699283263834,185.2989144433985,19830
167.04120801846568,185.04168740741278,19831
167.27647986282128,184.7838392102599,19832
167.5128023085103,184.52537922994557,19833
167.7501690739651,184.2663170393751,19834
167.98857364967026,184.00666240822605,19835
168.22800929462582,183.74642530476166,19836
168.46846903285513,183.48561589757853,19837
168.7099456499591,183.22424455729137,19838
168.95243168972414,182.9623218581452,19839
169.19591945078562,182.69985857955604,19840
169.44040098335358,182.4368657075771,19841
169.6858680860046,182.17335443628173,19842
169.93231230254446,181.90933616906798,19843
170.17972491894741,181.6448225198729,19844
170.4280969603761,181.37982531430046,19845
170.67741918828773,181.11435659065646,19846
170.92768209763236,180.84842860088307,19847
171.1788759141466,180.58205381140073,19848
171.43099059175051,180.31524490383913,19849
171.68401581005097,180.04801477566573,19850
171.93794097195854,179.78037654072023,19851
172.19275520142153,179.51234352958352,19852
172.4484473412849,179.24392928990122,19853
172.70500595127734,178.97514758653926,19854
172.96241930613382,178.7060124016298,19855
173.2206753938575,178.4365379344905,19856
173.4797619141286,178.16673860141563,19857
173.7396662768628,177.8966290353345,19858
174.0003756009276,177.62622408533048,19859
174.2618767130207,177.35553881602704,19860
174.52415614671494,177.08458850682712,19861
174.78720014167723,176.81338865101327,19862
175.05099464306429,176.54195495469514,19863
175.3155253011028,176.27030333561268,19864
175.5807774708571,175.99844992178376,19865
175.84673621218982,175.72641104999886,19866
176.1133862899213,175.45420326415893,19867
176.38071217419156,175.18184331345392,19868
176.64869804102952,174.90934815038113,19869
176.91732777313263,174.6367349286006,19870
177.1865849608657,174.36402100062614,19871
177.45645290347525,174.0912239153512,19872
177.72691461053117,173.81836141540677,19873
177.99795280359336,173.5454514343517,19874
178.26954991811124,173.27251209369373,19875
178.54168810555393,172.99956169974038,19876
178.8143492357808,172.72661874027924,19877
179.08751489964845,172.45370188108737,19878
179.36116641185873,172.18082996227014,19879
179.63528481405677,171.90802199442817,19880
179.90985087816077,171.6352971546546,19881
180.18484510995225,171.36267478236178,19882
180.46024775292057,171.0901743749379,19883
180.73603879231428,170.81781558323658,19884
181.01219795950058,170.54561820689838,19885
181.28870473652674,170.273602189507,19886
181.56553836095625,170.00178761358148,19887
181.84267783093853,169.73019469540677,19888
182.12010191053375,169.4588437797043,19889
182.39778913527707,169.18775533414592,19890
182.67571781798952,168.9169499437135,19891
182.95386605482796,168.64644830490684,19892
183.23221173157467,168.376271219804,19893
183.51073253015937,168.10643958997727,19894
183.7894059354152,167.83697441026845,19895
184.06820924206048,167.5678967624278,19896
184.34711956190426,167.29922780862057,19897
184.62611383126944,167.03098878480642,19898
184.90516881863007,166.76320099399558,19899
185.1842611324546,166.49588579938813,19900
185.46336722925133,166.22906461740024,19901
185.74246342180916,165.96275891058397,19902
186.02152588762576,165.6969901804462,19903
186.30053067751678,165.43177996017238,19904
186.5794537243992,165.16714980726167,19905
186.85827085223983,164.9031212960794,19906
187.13695778516023,164.63971601033413,19907
187.4154901566917,164.37695553548562,19908
187.69384351916875,164.11486145109066,19909
187.9719933532535,163.85345532309404,19910
188.2499150775811,163.59275869607188,19911
188.5275840585158,163.33279308543484,19912
188.80497562000804,163.07357996959865,19913
189.08206505354258,162.8151407821292,19914
189.35882762816615,162.55749690387108,19915
189.63523860058496,162.30066965506586,19916
189.91127322532012,162.0446802874694,19917
190.18690676491047,161.78954997647537,19918
190.4621145001518,161.5352998132531,19919
190.73687174036024,161.281950796908,19920
191.01115383364922,161.0295238266726,19921
191.284936177208,160.77803969413569,19922
191.55819422757048,160.5275190755185,19923
191.8309035108625,160.27798252400535,19924
192.10303963301612,160.02945046213654,19925
192.37457828993945,159.78194317427182,19926
192.64549527762998,159.53548079913196,19927
192.9157665022214,159.29008332242643,19928
193.1853679899505,159.04577056957405,19929
193.45427589703445,158.80256219852512,19930
193.72246651944738,158.56047769269145,19931
193.9899163025844,158.31953635399182,19932
194.25660185080326,158.07975729602018,19933
194.52249993683301,157.84115943734292,19934
194.78758751103874,157.60376149493183,19935
195.05184171053347,157.36758197773966,19936
195.3152398681267,157.1326391804244,19937
195.57775952110052,156.8989511772274,19938
195.83937841980378,156.66653581601238,19939
196.10007453605658,156.4354107124699,19940
196.3598260713552,156.2055932444928,19941
196.61861146487047,155.9771005467277,19942
196.87640940123148,155.74994950530686,19943
197.13319881808766,155.52415675276535,19944
197.3889589134417,155.2997386631472,19945
197.64366915274718,155.0767113473045,19946
197.89730927576542,154.85509064839317,19947
198.14985930317462,154.63489213756804,19948
198.40129954292723,154.41613110988098,19949
198.6516105963503,154.19882258038376,19950
198.9007733639842,153.98298128043905,19951
199.1487690511568,153.7686216542401,19952
199.39557917328844,153.55575785554203,19953
199.64118556092575,153.3444037446057,19954
199.88557036450112,153.1345728853547,19955
200.1287160588161,152.9262785427466,19956
200.3706054472473,152.71953368035946,19957
200.61122166567256,152.51435095819232,19958
200.85054818611832,152.31074273068083,19959
201.0885688201263,152.1087210449267,19960
201.32526772184053,151.9082976391409,19961
201.56062939081485,151.7094839412986,19962
201.794638674542,151.51229106800577,19963
202.02728077070557,151.3167298235747,19964
202.25854122915663,151.1228106993072,19965
202.4884059536166,150.93054387298355,19966
202.71686120310977,150.7399392085542,19967
202.94389359312748,150.55100625603208,19968
203.16949009652754,150.36375425158275,19969
203.39363804417175,150.1781921178091,19970
203.61632512530642,149.9943284642277,19971
203.83753938768896,149.81217158793302,19972
204.05726923746516,149.63172947444593,19973
204.275503438802,149.4530097987432,19974
204.49223111328084,149.27601992646333,19975
204.70744173905592,149.10076691528496,19976
204.92112514978345,148.92725751647376,19977
205.1332715333273,148.7554981765929,19978
205.34387143024634,148.58549503937334,19979
205.55291573206995,148.41725394773837,19980
205.7603956793673,148.25078044597862,19981
205.96630285961677,148.08607978207186,19982
206.17062920488215,147.92315691014386,19983
206.37336698930102,147.76201649306356,19984
206.57450882639336,147.60266290516964,19985
206.7740476661956,147.44510023512188,19986
206.97197679222762,147.2893322888725,19987
207.16828981829894,147.13536259275307,19988
207.36298068516135,146.98319439667117,19989
207.5560436570141,146.8328306774114,19990
207.74747331786918,146.68427414203668,19991
207.93726456778293,146.53752723138345,19992
208.1254126189609,146.3925921236464,19993
208.3119129917429,146.24947073804745,19994
208.49676151047453,146.10816473858378,19995
208.67995429927265,145.96867553785003,19996
208.86148777769031,145.83100430092946,19997
209.04135865628857,145.69515194934954,19998
209.2195639321214,145.5611191650967,19999
